001 0.000000 -0.078044 70
002 10.000000 10.099470 28
003 20.000000 20.913052 15
004 30.000000 29.529888 19
005 39.500000 39.468529 16
006 49.500000 49.481280 35
007 59.500000 59.424869 26
008 69.500000 69.620745 38
009 79.500000 79.462274 33
010 89.500000 89.456619 41
011 99.500000 99.476687 51
012 109.500000 109.475662 54
013 119.495000 119.552196 43
014 129.495000 129.471180 67
015 139.495000 139.582475 61
016 149.495000 149.512013 49
017 159.495000 159.515032 73
018 169.495000 169.463016 53
019 179.496000 179.498869 59
020 189.496000 189.577303 59
021 199.496000 199.455058 68
022 209.496000 209.462329 53
023 219.496000 219.445730 54
024 229.496000 229.071183 34
025 239.496000 240.964381 25
026 249.496000 250.408854 19
027 257.833000 257.385537 22
028 268.070000 269.610721 17
029 278.273000 277.119775 25
030 288.681000 287.119775 0
031 299.870000 299.871030 26
032 309.155000 308.957420 19
033 319.459000 318.957420 0
034 327.623000 328.957420 0
035 333.710000 338.957420 0
036 343.710000 343.047872 9
037 353.913000 353.047872 0
038 362.483000 371.619076 9
039 374.999000 372.342792 8
040 385.304000 384.705776 17
041 395.507000 395.371977 11
042 405.814000 406.391147 42
043 416.151000 416.391147 0
044 426.151000 426.391147 0
045 436.526000 436.930866 20
046 446.591000 444.662858 8
047 454.821000 452.417553 10
048 464.821000 485.594010 9
049 473.425000 495.594010 0
050 483.288000 483.693543 11
051 493.185000 493.924466 24
052 502.674000 502.833369 27
053 512.129000 512.170237 10
054 521.822000 519.651315 10
055 532.195000 529.651315 0
056 540.665000 539.651315 0
057 550.665000 549.651315 0
058 560.936000 561.158447 11
059 570.219000 570.178321 20
060 580.219000 579.941382 21
061 590.965000 590.566194 13
062 600.454000 600.532530 12
063 610.340000 609.727958 15
064 620.425000 620.928149 39
065 630.553000 630.729732 17
066 641.140000 640.729732 0
067 650.220000 650.729732 0
068 660.064000 660.395030 26
069 670.064000 669.607110 9
070 679.938000 679.685364 21
071 689.580000 689.680109 47
072 699.835000 699.205225 13
073 709.835000 709.344891 20
074 719.292000 719.344891 0
075 729.031000 729.261564 14
076 738.875000 738.916971 11
077 748.746000 748.246375 10
078 758.152000 758.160016 28
079 767.529000 768.160016 0
080 777.609000 778.160016 0
081 787.844000 788.609659 17
082 798.130000 798.542569 30
083 808.001000 807.749422 20
084 818.288000 818.708687 32
085 828.471000 828.356193 20
086 837.900000 838.356193 0
087 848.134000 848.657632 11
088 857.721000 857.403632 9
089 866.734000 867.509320 10
090 875.852000 875.915891 24
091 885.852000 886.031367 17
092 894.867000 896.031367 0
093 904.998000 905.449073 20
094 914.582000 914.462025 18
095 924.168000 924.776663 10
096 934.168000 933.895387 20
097 943.521000 942.922042 11
098 952.743000 951.863113 19
099 962.718000 962.716711 15
100 972.147000 972.682092 21
101 982.147000 981.853191 30
102 991.915000 991.719861 30
103 1002.124000 1000.803350 17
104 1012.593000 1012.081801 19
105 1022.696000 1022.806787 17
106 1032.179000 1032.285626 19
107 1041.271000 1041.353796 20
108 1051.090000 1051.277624 25
109 1061.324000 1062.340337 11
110 1071.092000 1071.238734 21
111 1081.067000 1081.238734 0
112 1090.341000 1090.537899 11
113 1100.264000 1100.355380 17
114 1110.601000 1110.851836 27
115 1120.188000 1120.056658 20
116 1129.695000 1129.635578 18
117 1139.543000 1139.565746 16
118 1148.939000 1149.127002 20
119 1159.306000 1159.545373 15
120 1168.955000 1169.105525 20
121 1178.580000 1177.918557 11
122 1188.580000 1187.918557 0
123 1198.222000 1199.000645 15
124 1208.379000 1208.505833 19
125 1218.491000 1218.505833 0
126 1228.491000 1228.405073 15
127 1237.938000 1237.524567 19
128 1248.097000 1247.524567 0
129 1257.411000 1257.524567 0
130 1267.338000 1266.574653 15
131 1277.474000 1277.285411 16
132 1287.371000 1286.877718 14
133 1295.957000 1295.518314 9
134 1306.140000 1306.478836 18
135 1316.557000 1316.478836 0
136 1325.905000 1326.275667 17
137 1336.205000 1336.243349 24
138 1346.205000 1346.304363 29
139 1355.472000 1355.438734 26
140 1365.786000 1365.438734 0
141 1375.106000 1375.438734 0
142 1384.732000 1385.438734 0
143 1394.373000 1394.340905 21
144 1403.969000 1403.936076 29
145 1413.772000 1412.020179 11
146 1423.807000 1422.020179 0
147 1432.759000 1432.020179 0
148 1442.185000 1442.383158 19
149 1452.185000 1452.260117 29
150 1461.552000 1461.455065 13
151 1469.403000 1467.757841 10
152 1481.218000 1481.823802 18
153 1491.130000 1491.102979 15
154 1501.296000 1501.102979 0
155 1511.430000 1511.081711 12
156 1521.754000 1521.646537 12
157 1531.842000 1531.948784 9
158 1540.884000 1541.948784 0
159 1551.794000 1552.069530 12
160 1561.076000 1561.158241 28
161 1570.996000 1571.146054 14
162 1580.996000 1581.876943 16
163 1590.875000 1591.876943 0
164 1600.220000 1601.876943 0
165 1609.660000 1611.876943 0
166 1616.952000 1573.864701 8
167 1627.628000 1628.735824 12
168 1638.073000 1638.636170 25
169 1647.976000 1648.082826 12
170 1659.699000 1658.082826 0
171 1669.718000 1669.206459 22
172 1680.298000 1680.294100 26
173 1690.007000 1689.909123 20
174 1700.007000 1700.109082 28
175 1710.047000 1710.105413 21
176 1719.833000 1719.706518 16
177 1729.931000 1729.798963 12
178 1740.105000 1740.233618 13
179 1750.008000 1749.879994 17
180 1759.659000 1759.579697 19
181 1768.983000 1768.857763 13
182 1778.325000 1778.121529 9
183 1786.836000 1786.909826 9
184 1796.991000 1796.909826 0
185 1806.991000 1807.644123 20
186 1817.339000 1817.606065 9
187 1826.856000 1826.844965 50
188 1836.740000 1837.596836 13
189 1847.455000 1900.005463 8
190 1858.635000 1910.005463 0
191 1868.326000 1949.649045 8
192 1878.248000 1878.322836 16
193 1887.920000 1887.711149 29
194 1897.340000 1897.259958 22
195 1905.560000 1907.259958 0
196 1915.773000 1917.259958 0
197 1925.308000 1925.916679 23
198 1935.308000 1935.916679 0
199 1945.308000 1945.213966 15
200 1955.077000 1955.115477 10
201 1964.709000 1965.115477 0
202 1974.265000 1973.208635 17
203 1984.091000 1984.600163 33
204 1994.419000 1993.150036 10
205 2003.917000 2002.986538 17
206 2014.342000 2012.986538 0
207 2024.342000 2024.476831 21
208 2034.748000 2034.476831 0
209 2044.497000 2044.492378 17
210 2052.930000 2053.248949 14
211 2063.510000 2063.560405 16
212 2073.510000 2073.398920 24
213 2083.181000 2083.258514 30
214 2092.775000 2092.868382 15
215 2102.699000 2102.744918 22
216 2113.085000 2114.410234 8
217 2122.582000 2122.871384 24
218 2132.582000 2208.003705 13
219 2142.621000 2142.912736 17
220 2152.621000 2146.334060 9
221 2162.408000 2162.750576 18
222 2171.964000 2171.847014 23
223 2181.132000 2181.324542 13
224 2192.079000 2192.935870 11
225 2201.906000 2201.002312 29
226 2212.564000 2212.015931 11
227 2222.486000 2222.554065 28
228 2231.635000 2231.849829 14
229 2240.552000 2240.752254 14
230 2248.869000 2250.752254 0
231 2259.720000 2260.004427 16
232 2269.584000 2270.004427 0
233 2279.663000 2279.763128 12
234 2289.295000 2289.395961 25
235 2299.140000 2299.081221 26
236 2308.309000 2308.400247 30
237 2318.309000 2318.400247 0
238 2328.433000 2327.883564 15
239 2338.700000 2338.807029 25
240 2348.841000 2348.807029 0
241 2357.638000 2357.216603 14
242 2367.556000 2368.155032 15
243 2377.556000 2376.472137 9
244 2387.492000 2386.840810 19
245 2397.492000 2396.840810 0
246 2407.245000 2407.143615 39
247 2416.888000 2416.920330 21
248 2426.625000 2426.318065 25
249 2436.625000 2437.258662 20
250 2446.625000 2447.258662 0
251 2455.791000 2454.378345 20
252 2465.563000 2465.150489 8
253 2475.219000 2475.387001 33
254 2484.752000 2484.233930 24
255 2494.345000 2494.161197 12
256 2503.590000 2503.020668 13
257 2513.327000 2513.020668 0
258 2522.425000 2523.020668 0
259 2532.425000 2533.304171 18
260 2542.010000 2542.756455 17
261 2551.132000 2551.692308 20
262 2560.594000 2560.132639 26
263 2569.813000 2569.134516 13
264 2579.056000 2536.154660 8
265 2588.033000 2588.020073 18
266 2597.181000 2597.276983 11
267 2607.181000 2605.884003 12
268 2616.802000 2616.552193 14
269 2625.949000 2625.770327 27
270 2635.336000 2635.770327 0
271 2645.336000 2646.032364 16
272 2654.752000 2656.032364 0
273 2664.938000 2663.753298 15
274 2673.879000 2661.613456 8
275 2684.329000 2683.427310 13
276 2693.608000 2693.427310 0
277 2703.396000 2703.464403 14
278 2712.325000 2712.439333 13
279 2723.233000 2723.684587 21
280 2733.586000 2733.482798 15
281 2743.313000 2743.129588 19
282 2753.123000 2753.129588 0
283 2760.110000 2760.402539 11
284 2770.319000 2770.524798 9
285 2780.069000 2780.507190 22
286 2790.069000 2790.077249 15
287 2800.298000 2800.077249 0
288 2810.104000 2810.052664 28
289 2819.480000 2819.676278 19
290 2829.025000 2828.237238 21
291 2839.102000 2840.484190 11
292 2849.021000 2849.192938 18
293 2858.916000 2858.689082 19
294 2869.329000 2929.965452 12
295 2877.668000 2939.965452 0
296 2887.442000 2887.537840 31
297 2897.795000 2897.908133 26
298 2907.293000 2907.150399 19
299 2917.175000 2917.136935 27
300 2926.998000 2927.136935 0
301 2935.746000 2932.733054 8
302 2945.436000 2944.889346 16
303 2955.356000 2955.337854 21
304 2964.522000 2964.199309 14
305 2974.983000 2974.860157 13
306 2985.603000 2985.160026 22
307 2995.729000 2995.160026 0
308 3006.629000 3005.748601 22
309 3014.953000 3014.915844 11
310 3024.823000 3023.890522 18
311 3034.477000 3034.315276 11
312 3043.168000 3080.533180 9
313 3051.342000 3051.776516 25
314 3061.468000 3061.576318 13
315 3071.381000 3071.334118 27
316 3080.242000 3080.267556 21
317 3090.518000 3088.967189 16
318 3099.379000 3099.566665 25
319 3109.614000 3109.261002 15
320 3119.010000 3119.261002 0
321 3128.279000 3129.034554 18
322 3137.870000 3136.556653 23
323 3146.021000 3146.208657 18
324 3155.866000 3155.813206 27
325 3165.193000 3164.362003 9
326 3174.701000 3174.362003 0
327 3184.357000 3184.485577 16
328 3194.357000 3195.330260 16
329 3204.267000 3204.474002 22
330 3213.801000 3213.832282 15
331 3224.560000 3224.395076 15
332 3234.264000 3233.640871 20
333 3244.615000 3244.609794 13
334 3253.814000 3254.609794 0
335 3263.814000 3263.577695 20
336 3273.940000 3273.863649 32
337 3283.138000 3283.276192 8
338 3294.383000 3293.276192 0
339 3302.959000 3303.380494 13
340 3312.556000 3313.671975 12
341 3323.005000 3326.624091 17
342 3334.161000 3333.961249 13
343 3344.480000 3343.254518 19
344 3354.582000 3354.847640 15
345 3364.582000 3365.393989 19
346 3374.424000 3374.586755 19
347 3384.424000 3386.258101 10
348 3394.511000 3394.596249 25
349 3404.275000 3403.612030 20
350 3414.420000 3413.612030 0
351 3423.839000 3423.612030 0
352 3434.227000 3434.225848 13
353 3443.973000 3443.917725 25
354 3454.135000 3454.240526 19
355 3463.796000 3463.483233 30
356 3473.317000 3473.353418 15
357 3483.002000 3482.940721 18
358 3491.710000 3492.671978 17
359 3501.231000 3501.015030 21
360 3511.079000 3511.024107 23
361 3520.698000 3520.690668 31
362 3530.154000 3530.690668 0
363 3539.741000 3539.504843 19
364 3549.838000 3549.504843 0
365 3559.823000 3559.999314 10
366 3571.457000 3569.999314 0
367 3581.369000 3577.400412 16
368 3590.500000 3590.612277 14
369 3600.241000 3600.208692 12
370 3610.648000 3682.545608 11
371 3620.496000 3692.545608 0
372 3631.869000 3761.864562 10
373 3640.968000 3771.864562 0
374 3651.042000 3781.864562 0
375 3660.726000 3791.864562 0
376 3667.063000 3801.864562 0
377 3675.057000 3811.864562 0
378 3686.171000 3821.864562 0
379 3694.652000 3831.864562 0
380 3705.060000 3841.864562 0
381 3715.001000 3851.864562 0
382 3725.044000 3861.864562 0
383 3733.674000 3871.864562 0
384 3743.809000 3881.864562 0
385 3753.461000 3857.155514 13
386 3763.193000 3867.155514 0
387 3772.288000 3915.537170 9
388 3781.697000 3925.537170 0
389 3791.239000 3935.537170 0
390 3799.153000 3945.537170 0
391 3809.153000 3901.632330 9
392 3818.946000 3911.632330 0
393 3828.946000 3921.632330 0
394 3839.290000 3918.571203 9
395 3849.127000 3973.846177 10
396 3859.366000 3983.846177 0
397 3869.880000 3974.314422 8
398 3879.793000 3984.314422 0
399 3889.165000 3994.314422 0
400 3898.538000 3973.885149 8
401 3908.473000 3995.433274 10
402 3918.296000 4005.433274 0
403 3928.034000 4015.433274 0
404 3937.025000 4025.433274 0
405 3945.670000 4116.490749 9
406 3954.797000 4126.490749 0
407 3963.756000 4116.798079 9
408 3975.048000 4126.798079 0
409 3981.645000 4136.798079 0
410 3992.690000 4146.798079 0
411 4002.457000 4169.723193 8
412 4011.982000 4246.520408 10
413 4021.430000 4231.721558 9
414 4030.624000 4241.721558 0
415 4040.513000 4251.721558 0
416 4049.727000 4261.721558 0
417 4058.371000 4271.721558 0
418 4068.258000 4281.721558 0
419 4076.974000 4291.721558 0
420 4085.661000 4301.721558 0
421 4096.585000 4288.799076 11
422 4105.894000 4298.799076 0
423 4115.448000 4308.799076 0
424 4123.311000 4318.799076 0
425 4132.804000 4328.799076 0
426 4142.148000 4418.470781 9
427 4151.574000 4428.470781 0
428 4160.897000 4438.470781 0
429 4170.041000 4448.470781 0
430 4180.202000 4458.470781 0
431 4189.466000 4468.470781 0
432 4198.878000 4478.470781 0
433 4208.352000 4488.470781 0
434 4218.124000 4457.012652 13
435 4228.124000 4538.624852 11
436 4237.399000 4457.428771 9
437 4245.914000 4467.428771 0
438 4255.326000 4477.428771 0
439 4264.948000 4487.428771 0
440 4274.331000 4538.979338 9
441 4284.331000 4548.979338 0
442 4294.866000 4558.979338 0
443 4304.488000 4568.979338 0
444 4314.081000 4583.896944 8
445 4323.524000 4593.896944 0
446 4333.314000 4637.648346 9
447 4342.679000 4636.384849 8
448 4351.252000 4584.726099 10
449 4361.175000 4594.726099 0
450 4371.247000 4604.726099 0
451 4380.061000 4583.075931 9
452 4388.724000 4593.075931 0
453 4397.957000 4636.892995 10
454 4408.286000 4646.892995 0
455 4418.401000 4656.892995 0
456 4427.665000 4583.900572 9
457 4437.586000 4593.900572 0
458 4447.586000 4587.895723 11
459 4457.586000 4584.938893 14
460 4466.965000 4606.033279 8
461 4476.557000 4616.033279 0
462 4485.941000 4626.033279 0
463 4495.941000 4609.717978 12
464 4504.556000 4621.269797 13
465 4514.556000 4584.221994 12
466 4524.310000 4594.221994 0
467 4532.555000 4618.149382 10
468 4542.555000 4637.564970 8
469 4551.201000 4647.564970 0
470 4561.332000 4561.147646 14
471 4572.125000 4571.147646 0
472 4581.268000 4581.147646 0
473 4590.771000 4591.209796 20
474 4600.003000 4644.541853 15
475 4610.003000 4610.645724 19
476 4619.399000 4577.924069 15
477 4627.343000 4629.640785 9
478 4636.335000 4636.595557 27
479 4646.109000 4645.726780 28
480 4655.421000 4654.707400 14
481 4665.421000 4665.201350 31
