001 0.000000 -0.078044 70
002 10.000000 10.099470 28
003 20.000000 20.913052 15
004 30.000000 29.529888 19
005 39.500000 39.468529 16
006 49.500000 49.450569 36
007 59.500000 59.383940 26
008 69.500000 69.470209 36
009 79.500000 79.462274 33
010 89.500000 89.491877 41
011 99.500000 99.477873 50
012 109.500000 109.475662 54
013 119.495000 119.466960 43
014 129.495000 129.471106 69
015 139.495000 139.530044 59
016 149.495000 149.465796 48
017 159.495000 159.506116 75
018 169.495000 169.463520 52
019 179.496000 179.498869 59
020 189.496000 189.453430 58
021 199.496000 199.455058 68
022 209.496000 209.462329 53
023 219.496000 219.446173 55
024 229.496000 228.964248 34
025 239.496000 240.745259 26
026 249.496000 250.268948 20
027 257.833000 257.385537 22
028 268.070000 269.536314 18
029 278.273000 277.119775 25
030 288.681000 288.594739 15
031 299.870000 299.876782 25
032 309.155000 308.966496 19
033 319.459000 318.966496 0
034 327.623000 328.966496 0
035 333.710000 338.966496 0
036 343.710000 343.047872 9
037 353.913000 353.047872 0
038 362.483000 371.619076 9
039 374.999000 372.342792 8
040 385.304000 384.901218 16
041 395.507000 394.917815 12
042 405.814000 406.390919 42
043 416.151000 416.390919 0
044 426.151000 425.895945 10
045 436.526000 437.064656 20
046 446.591000 447.064656 0
047 454.821000 454.964346 11
048 464.821000 464.964346 0
049 473.425000 510.191300 8
050 483.288000 483.654701 12
051 493.185000 494.023431 25
052 502.674000 502.926300 29
053 512.129000 512.147701 12
054 521.822000 519.651315 10
055 532.195000 529.651315 0
056 540.665000 539.651315 0
057 550.665000 549.651315 0
058 560.936000 561.158447 11
059 570.219000 570.697622 19
060 580.219000 579.513319 13
061 590.965000 590.566194 13
062 600.454000 600.532530 12
063 610.340000 609.727958 15
064 620.425000 620.886711 39
065 630.553000 630.727482 19
066 641.140000 640.727482 0
067 650.220000 650.727482 0
068 660.064000 660.369244 24
069 670.064000 669.607110 9
070 679.938000 679.700412 22
071 689.580000 689.566677 37
072 699.835000 699.831536 11
073 709.835000 709.354143 19
074 719.292000 719.354143 0
075 729.031000 729.291081 14
076 738.875000 738.916971 11
077 748.746000 748.239101 9
078 758.152000 758.125251 28
079 767.529000 768.125251 0
080 777.609000 778.125251 0
081 787.844000 788.765145 16
082 798.130000 798.548243 29
083 808.001000 807.749422 20
084 818.288000 818.721286 31
085 828.471000 828.218066 19
086 837.900000 838.218066 0
087 848.134000 824.186682 8
088 857.721000 857.403632 9
089 866.734000 867.509320 10
090 875.852000 875.918201 22
091 885.852000 886.027270 18
092 894.867000 896.027270 0
093 904.998000 905.236697 18
094 914.582000 914.465951 19
095 924.168000 925.028364 11
096 934.168000 934.116612 21
097 943.521000 942.943818 10
098 952.743000 952.661422 21
099 962.718000 962.716711 15
100 972.147000 972.682092 21
101 982.147000 982.117039 29
102 991.915000 991.808091 30
103 1002.124000 1001.365563 22
104 1012.593000 1011.791526 14
105 1022.696000 1022.806787 17
106 1032.179000 1032.299762 20
107 1041.271000 1041.369359 19
108 1051.090000 1051.057641 25
109 1061.324000 1062.900282 11
110 1071.092000 1071.222058 23
111 1081.067000 1081.222058 0
112 1090.341000 1090.650529 12
113 1100.264000 1100.424596 19
114 1110.601000 1110.730283 25
115 1120.188000 1120.056658 20
116 1129.695000 1129.433551 20
117 1139.543000 1139.560695 15
118 1148.939000 1148.937860 19
119 1159.306000 1159.167819 14
120 1168.955000 1169.105180 22
121 1178.580000 1177.860489 14
122 1188.580000 1187.860489 0
123 1198.222000 1198.364213 19
124 1208.379000 1208.457824 16
125 1218.491000 1290.674990 8
126 1228.491000 1228.396688 13
127 1237.938000 1237.711471 18
128 1248.097000 1247.711471 0
129 1257.411000 1257.711471 0
130 1267.338000 1267.050843 16
131 1277.474000 1277.412803 17
132 1287.371000 1287.133265 13
133 1295.957000 1295.571716 11
134 1306.140000 1306.478836 18
135 1316.557000 1316.478836 0
136 1325.905000 1326.295801 16
137 1336.205000 1336.240524 21
138 1346.205000 1346.112687 33
139 1355.472000 1355.248485 25
140 1365.786000 1409.534620 8
141 1375.106000 1419.534620 0
142 1384.732000 1384.833269 9
143 1394.373000 1394.347669 20
144 1403.969000 1404.032616 32
145 1413.772000 1411.815423 14
146 1423.807000 1421.815423 0
147 1432.759000 1431.465697 9
148 1442.185000 1443.010220 18
149 1452.185000 1452.417478 30
150 1461.552000 1461.398776 15
151 1469.403000 1468.264336 10
152 1481.218000 1481.621220 17
153 1491.130000 1491.351238 15
154 1501.296000 1501.351238 0
155 1511.430000 1511.269037 12
156 1521.754000 1521.656697 14
157 1531.842000 1531.656697 0
158 1540.884000 1541.656697 0
159 1551.794000 1552.069530 12
160 1561.076000 1561.376933 27
161 1570.996000 1571.165512 12
162 1580.996000 1581.081991 18
163 1590.875000 1591.081991 0
164 1600.220000 1601.081991 0
165 1609.660000 1611.081991 0
166 1616.952000 1621.081991 0
167 1627.628000 1628.791227 11
168 1638.073000 1638.264333 25
169 1647.976000 1648.028726 9
170 1659.699000 1658.028726 0
171 1669.718000 1669.462045 20
172 1680.298000 1680.209024 25
173 1690.007000 1689.909123 20
174 1700.007000 1700.039091 27
175 1710.047000 1710.111098 22
176 1719.833000 1719.854521 15
177 1729.931000 1729.750858 13
178 1740.105000 1740.131492 12
179 1750.008000 1750.539256 19
180 1759.659000 1759.562296 20
181 1768.983000 1770.117575 8
182 1778.325000 1778.120048 8
183 1786.836000 1788.120048 0
184 1796.991000 1798.120048 0
185 1806.991000 1806.897248 21
186 1817.339000 1817.892506 12
187 1826.856000 1826.880596 53
188 1836.740000 1837.580814 14
189 1847.455000 1847.580814 0
190 1858.635000 1857.580814 0
191 1868.326000 1871.607115 8
192 1878.248000 1878.322836 16
193 1887.920000 1887.809517 28
194 1897.340000 1897.259958 22
195 1905.560000 1903.932443 8
196 1915.773000 1913.932443 0
197 1925.308000 1925.903872 23
198 1935.308000 1935.903872 0
199 1945.308000 1945.359943 13
200 1955.077000 1955.026951 13
201 1964.709000 1965.026951 0
202 1974.265000 1973.208635 17
203 1984.091000 1984.532377 31
204 1994.419000 1993.738980 9
205 2003.917000 2002.889861 16
206 2014.342000 2012.889861 0
207 2024.342000 2024.697637 25
208 2034.748000 2034.697637 0
209 2044.497000 2044.476436 16
210 2052.930000 2053.206344 13
211 2063.510000 2063.584466 14
212 2073.510000 2073.152247 23
213 2083.181000 2083.272682 29
214 2092.775000 2093.023823 16
215 2102.699000 2103.024806 22
216 2113.085000 2113.918807 9
217 2122.582000 2122.890408 23
218 2132.582000 2208.247916 12
219 2142.621000 2143.032294 16
220 2152.621000 2147.482877 9
221 2162.408000 2162.943191 17
222 2171.964000 2171.806818 19
223 2181.132000 2180.528737 12
224 2192.079000 2192.955513 12
225 2201.906000 2201.501415 31
226 2212.564000 2212.166630 15
227 2222.486000 2222.557111 28
228 2231.635000 2231.810968 16
229 2240.552000 2240.755585 12
230 2248.869000 2250.755585 0
231 2259.720000 2260.183705 17
232 2269.584000 2270.183705 0
233 2279.663000 2279.857890 9
234 2289.295000 2289.259506 24
235 2299.140000 2298.901521 27
236 2308.309000 2308.394233 31
237 2318.309000 2318.394233 0
238 2328.433000 2328.398091 16
239 2338.700000 2338.855976 26
240 2348.841000 2348.855976 0
241 2357.638000 2357.014867 15
242 2367.556000 2367.968606 13
243 2377.556000 2376.693796 12
244 2387.492000 2387.145021 25
245 2397.492000 2397.145021 0
246 2407.245000 2407.075983 34
247 2416.888000 2416.940145 21
248 2426.625000 2426.083649 26
249 2436.625000 2437.280882 21
250 2446.625000 2447.280882 0
251 2455.791000 2454.383781 20
252 2465.563000 2465.150489 8
253 2475.219000 2475.660880 34
254 2484.752000 2484.193244 23
255 2494.345000 2494.161197 12
256 2503.590000 2502.904729 14
257 2513.327000 2524.563509 8
258 2522.425000 2534.563509 0
259 2532.425000 2532.656491 19
260 2542.010000 2542.708563 18
261 2551.132000 2551.692308 20
262 2560.594000 2559.699415 26
263 2569.813000 2569.134516 13
264 2579.056000 2535.872969 10
265 2588.033000 2588.125412 19
266 2597.181000 2597.276983 11
267 2607.181000 2606.265803 16
268 2616.802000 2616.132189 15
269 2625.949000 2625.751700 25
270 2635.336000 2635.751700 0
271 2645.336000 2646.202803 16
272 2654.752000 2656.202803 0
273 2664.938000 2663.976487 16
274 2673.879000 2661.951817 8
275 2684.329000 2682.933503 15
276 2693.608000 2693.251233 23
277 2703.396000 2703.464403 14
278 2712.325000 2712.922535 11
279 2723.233000 2723.550308 22
280 2733.586000 2733.464683 16
281 2743.313000 2743.113924 17
282 2753.123000 2753.113924 0
283 2760.110000 2760.402539 11
284 2770.319000 2770.524798 9
285 2780.069000 2780.507190 22
286 2790.069000 2790.126538 12
287 2800.298000 2798.685217 12
288 2810.104000 2810.052664 28
289 2819.480000 2820.058202 19
290 2829.025000 2828.273346 22
291 2839.102000 2840.292365 11
292 2849.021000 2849.193107 18
293 2858.916000 2858.695511 20
294 2869.329000 2929.231116 12
295 2877.668000 2939.231116 0
296 2887.442000 2887.501900 30
297 2897.795000 2897.911050 26
298 2907.293000 2907.150399 19
299 2917.175000 2917.231774 26
300 2926.998000 2927.231774 0
301 2935.746000 2932.174893 9
302 2945.436000 2944.889346 16
303 2955.356000 2955.622435 13
304 2964.522000 2964.199309 14
305 2974.983000 2974.860157 13
306 2985.603000 2985.160026 22
307 2995.729000 2995.160026 0
308 3006.629000 3005.952288 21
309 3014.953000 3014.957220 19
310 3024.823000 3024.013723 18
311 3034.477000 3034.502993 11
312 3043.168000 3043.052410 10
313 3051.342000 3051.853001 24
314 3061.468000 3061.576318 13
315 3071.381000 3071.330055 26
316 3080.242000 3080.206366 18
317 3090.518000 3088.942665 15
318 3099.379000 3099.529919 27
319 3109.614000 3109.529919 0
320 3119.010000 3119.502456 10
321 3128.279000 3129.153423 20
322 3137.870000 3136.610159 24
323 3146.021000 3146.317706 20
324 3155.866000 3155.810203 26
325 3165.193000 3164.362003 9
326 3174.701000 3174.362003 0
327 3184.357000 3184.512790 14
328 3194.357000 3194.970063 15
329 3204.267000 3204.393294 20
330 3213.801000 3213.802380 18
331 3224.560000 3224.326081 15
332 3234.264000 3233.754004 22
333 3244.615000 3244.381384 12
334 3253.814000 3253.988466 8
335 3263.814000 3263.329568 20
336 3273.940000 3273.924129 31
337 3283.138000 3282.888726 13
338 3294.383000 3292.888726 0
339 3302.959000 3303.473061 11
340 3312.556000 3313.520613 14
341 3323.005000 3326.900066 18
342 3334.161000 3334.282853 15
343 3344.480000 3343.570385 18
344 3354.582000 3354.847640 15
345 3364.582000 3365.081650 18
346 3374.424000 3374.590581 17
347 3384.424000 3385.623277 9
348 3394.511000 3394.596249 25
349 3404.275000 3403.612030 20
350 3414.420000 3413.612030 0
351 3423.839000 3424.558877 12
352 3434.227000 3434.249774 12
353 3443.973000 3443.917725 25
354 3454.135000 3454.408997 20
355 3463.796000 3463.483233 30
356 3473.317000 3473.353418 15
357 3483.002000 3482.949861 20
358 3491.710000 3493.364712 16
359 3501.231000 3501.154599 19
360 3511.079000 3510.783716 22
361 3520.698000 3520.698703 30
362 3530.154000 3530.698703 0
363 3539.741000 3539.559179 19
364 3549.838000 3549.559179 0
365 3559.823000 3560.541535 9
366 3571.457000 3570.541535 0
367 3581.369000 3579.401896 24
368 3590.500000 3590.233782 13
369 3600.241000 3600.202713 13
370 3610.648000 3683.163397 8
371 3620.496000 3682.356488 9
372 3631.869000 3761.864562 10
373 3640.968000 3771.864562 0
374 3651.042000 3781.864562 0
375 3660.726000 3791.864562 0
376 3667.063000 3801.864562 0
377 3675.057000 3811.864562 0
378 3686.171000 3821.864562 0
379 3694.652000 3831.864562 0
380 3705.060000 3841.864562 0
381 3715.001000 3851.864562 0
382 3725.044000 3861.864562 0
383 3733.674000 3871.864562 0
384 3743.809000 3881.864562 0
385 3753.461000 3857.514684 12
386 3763.193000 3867.514684 0
387 3772.288000 3877.514684 0
388 3781.697000 3887.514684 0
389 3791.239000 3860.480535 11
390 3799.153000 3870.480535 0
391 3809.153000 3900.670121 9
392 3818.946000 3910.670121 0
393 3828.946000 3920.670121 0
394 3839.290000 3918.001558 9
395 3849.127000 3928.001558 0
396 3859.366000 3938.001558 0
397 3869.880000 3973.086339 10
398 3879.793000 3983.086339 0
399 3889.165000 3993.086339 0
400 3898.538000 4003.086339 0
401 3908.473000 3995.026792 9
402 3918.296000 3989.453819 9
403 3928.034000 3999.453819 0
404 3937.025000 4009.453819 0
405 3945.670000 4019.453819 0
406 3954.797000 4049.633212 9
407 3963.756000 3963.937199 16
408 3975.048000 3974.961675 20
409 3981.645000 3984.961675 0
410 3992.690000 3992.868282 25
411 4002.457000 4002.260075 21
412 4011.982000 4011.171389 23
413 4021.430000 4021.171389 0
414 4030.624000 4030.972617 13
415 4040.513000 4040.488388 19
416 4049.727000 4048.509526 16
417 4058.371000 4058.509526 0
418 4068.258000 4067.760012 10
419 4076.974000 4119.585737 11
420 4085.661000 4085.420135 9
421 4096.585000 4095.420135 0
422 4105.894000 4106.210147 38
423 4115.448000 4115.227210 11
424 4123.311000 4123.007558 18
425 4132.804000 4132.661987 14
426 4142.148000 4142.086474 28
427 4151.574000 4151.498017 12
428 4160.897000 4159.573722 14
429 4170.041000 4170.296952 19
430 4180.202000 4179.544551 23
431 4189.466000 4189.084102 27
432 4198.878000 4200.546252 13
433 4208.352000 4208.288014 21
434 4218.124000 4218.083135 33
435 4228.124000 4227.709996 31
436 4237.399000 4236.790559 12
437 4245.914000 4245.612375 24
438 4255.326000 4250.105733 8
439 4264.948000 4264.987915 18
440 4274.331000 4275.013414 33
441 4284.331000 4284.773940 18
442 4294.866000 4294.682127 27
443 4304.488000 4304.484106 29
444 4314.081000 4303.202066 11
445 4323.524000 4313.202066 0
446 4333.314000 4333.446224 31
447 4342.679000 4343.392316 25
448 4351.252000 4352.139694 19
449 4361.175000 4361.226857 20
450 4371.247000 4384.978664 10
451 4380.061000 4380.310285 12
452 4388.724000 4388.485586 20
453 4397.957000 4399.309288 15
454 4408.286000 4407.427819 10
455 4418.401000 4417.898099 27
456 4427.665000 4427.898099 0
457 4437.586000 4438.817089 16
458 4447.586000 4447.622291 29
459 4457.586000 4457.098671 23
460 4466.965000 4466.792535 30
461 4476.557000 4476.280949 15
462 4485.941000 4486.223258 13
463 4495.941000 4527.960710 11
464 4504.556000 4536.232118 8
465 4514.556000 4546.232118 0
466 4524.310000 4522.836597 8
467 4532.555000 4532.502120 11
468 4542.555000 4541.316379 11
469 4551.201000 4550.889521 33
470 4561.332000 4561.147646 14
471 4572.125000 4571.147646 0
472 4581.268000 4581.147646 0
473 4590.771000 4591.057167 20
474 4600.003000 4644.482652 15
475 4610.003000 4610.495502 18
476 4619.399000 4577.851492 14
477 4627.343000 4587.851492 0
478 4636.335000 4636.613777 26
479 4646.109000 4646.069145 28
480 4655.421000 4654.642339 16
481 4665.421000 4665.070102 31
