001 0.000000 -0.079128 69
002 10.000000 10.099470 28
003 20.000000 20.913052 15
004 30.000000 29.529888 19
005 39.500000 39.468529 16
006 49.500000 49.450569 36
007 59.500000 59.383940 26
008 69.500000 69.560045 36
009 79.500000 79.462274 33
010 89.500000 89.469615 42
011 99.500000 99.477169 51
012 109.500000 109.475662 54
013 119.495000 119.467647 42
014 129.495000 129.470952 68
015 139.495000 139.582475 61
016 149.495000 149.512390 48
017 159.495000 159.514268 74
018 169.495000 169.463281 52
019 179.496000 179.500406 58
020 189.496000 189.452171 58
021 199.496000 199.455058 68
022 209.496000 209.462329 53
023 219.496000 219.498627 54
024 229.496000 229.081831 35
025 239.496000 229.631721 24
026 249.496000 250.216446 18
027 257.833000 257.662265 22
028 268.070000 269.610721 17
029 278.273000 277.119775 25
030 288.681000 288.564550 15
031 299.870000 299.871030 26
032 309.155000 308.923748 18
033 319.459000 318.923748 0
034 327.623000 328.923748 0
035 333.710000 338.923748 0
036 343.710000 343.642935 8
037 353.913000 353.642935 0
038 362.483000 371.619076 9
039 374.999000 372.342792 8
040 385.304000 384.879229 16
041 395.507000 394.895594 11
042 405.814000 406.549079 39
043 416.151000 416.549079 0
044 426.151000 426.549079 0
045 436.526000 437.003154 18
046 446.591000 447.003154 0
047 454.821000 452.417553 10
048 464.821000 485.395180 9
049 473.425000 495.395180 0
050 483.288000 483.878785 8
051 493.185000 494.192723 20
052 502.674000 502.955510 28
053 512.129000 512.251028 9
054 521.822000 519.651315 10
055 532.195000 529.651315 0
056 540.665000 539.651315 0
057 550.665000 549.651315 0
058 560.936000 561.158447 11
059 570.219000 570.178321 20
060 580.219000 579.941382 21
061 590.965000 590.533276 12
062 600.454000 600.532530 12
063 610.340000 609.727958 15
064 620.425000 620.939880 37
065 630.553000 630.754113 17
066 641.140000 640.754113 0
067 650.220000 650.754113 0
068 660.064000 660.368272 30
069 670.064000 670.368272 0
070 679.938000 679.482360 23
071 689.580000 689.660233 46
072 699.835000 699.817186 12
073 709.835000 709.313324 17
074 719.292000 719.313324 0
075 729.031000 729.261564 14
076 738.875000 738.929016 8
077 748.746000 748.288114 10
078 758.152000 758.125251 28
079 767.529000 768.125251 0
080 777.609000 778.125251 0
081 787.844000 788.531235 15
082 798.130000 798.557294 29
083 808.001000 807.743411 19
084 818.288000 818.730428 30
085 828.471000 828.221159 19
086 837.900000 838.221159 0
087 848.134000 848.328220 9
088 857.721000 857.403632 9
089 866.734000 867.509320 10
090 875.852000 875.923796 23
091 885.852000 886.027270 18
092 894.867000 896.027270 0
093 904.998000 905.236697 18
094 914.582000 914.535723 15
095 924.168000 924.762005 10
096 934.168000 934.120619 20
097 943.521000 942.943818 10
098 952.743000 952.661777 22
099 962.718000 962.677466 18
100 972.147000 972.682092 21
101 982.147000 982.019597 28
102 991.915000 991.861480 31
103 1002.124000 1000.465327 19
104 1012.593000 1012.234997 20
105 1022.696000 1022.806787 17
106 1032.179000 1032.306774 17
107 1041.271000 1041.259886 23
108 1051.090000 1051.093090 29
109 1061.324000 1062.900282 11
110 1071.092000 1071.446132 24
111 1081.067000 1081.446132 0
112 1090.341000 1164.210138 12
113 1100.264000 1100.370329 13
114 1110.601000 1110.478776 24
115 1120.188000 1120.060477 21
116 1129.695000 1129.433551 20
117 1139.543000 1139.565746 16
118 1148.939000 1149.141481 19
119 1159.306000 1159.419143 17
120 1168.955000 1169.083842 18
121 1178.580000 1177.918557 11
122 1188.580000 1187.918557 0
123 1198.222000 1199.092427 20
124 1208.379000 1208.456278 15
125 1218.491000 1220.404450 9
126 1228.491000 1228.398638 14
127 1237.938000 1237.916814 16
128 1248.097000 1247.916814 0
129 1257.411000 1257.916814 0
130 1267.338000 1267.083147 18
131 1277.474000 1340.644528 11
132 1287.371000 1286.929359 12
133 1295.957000 1295.555436 10
134 1306.140000 1306.505469 17
135 1316.557000 1316.505469 0
136 1325.905000 1326.275667 17
137 1336.205000 1336.486404 23
138 1346.205000 1346.240187 32
139 1355.472000 1355.436223 25
140 1365.786000 1409.638936 9
141 1375.106000 1419.638936 0
142 1384.732000 1384.813782 11
143 1394.373000 1394.339459 20
144 1403.969000 1403.733004 32
145 1413.772000 1411.498321 12
146 1423.807000 1423.040014 8
147 1432.759000 1432.498333 8
148 1442.185000 1443.711612 13
149 1452.185000 1452.362860 33
150 1461.552000 1461.388508 14
151 1469.403000 1468.095194 12
152 1481.218000 1481.612716 17
153 1491.130000 1491.097795 13
154 1501.296000 1501.323352 12
155 1511.430000 1511.106813 13
156 1521.754000 1521.640722 13
157 1531.842000 1531.640722 0
158 1540.884000 1541.640722 0
159 1551.794000 1552.069530 12
160 1561.076000 1561.158700 27
161 1570.996000 1571.199160 13
162 1580.996000 1581.068543 19
163 1590.875000 1591.068543 0
164 1600.220000 1566.564489 8
165 1609.660000 1576.564489 0
166 1616.952000 1573.587563 8
167 1627.628000 1628.735824 12
168 1638.073000 1638.673953 24
169 1647.976000 1648.019015 12
170 1659.699000 1658.019015 0
171 1669.718000 1669.148771 21
172 1680.298000 1680.373973 26
173 1690.007000 1689.801393 17
174 1700.007000 1700.202575 27
175 1710.047000 1710.109741 21
176 1719.833000 1719.910643 20
177 1729.931000 1729.874619 17
178 1740.105000 1740.131492 12
179 1750.008000 1750.346983 17
180 1759.659000 1759.579697 19
181 1768.983000 1769.868851 11
182 1778.325000 1777.716356 12
183 1786.836000 1787.716356 0
184 1796.991000 1797.716356 0
185 1806.991000 1807.246027 24
186 1817.339000 1817.227343 15
187 1826.856000 1826.878397 55
188 1836.740000 1837.582310 14
189 1847.455000 1899.412876 9
190 1858.635000 1909.412876 0
191 1868.326000 1919.412876 0
192 1878.248000 1878.322836 16
193 1887.920000 1887.748260 30
194 1897.340000 1897.258818 21
195 1905.560000 1907.258818 0
196 1915.773000 1917.258818 0
197 1925.308000 1925.869838 24
198 1935.308000 1935.869838 0
199 1945.308000 1945.695348 13
200 1955.077000 1955.115477 10
201 1964.709000 1965.115477 0
202 1974.265000 1972.267240 10
203 1984.091000 1984.612041 32
204 1994.419000 2073.640846 10
205 2003.917000 2002.939152 16
206 2014.342000 2012.939152 0
207 2024.342000 2024.719180 23
208 2034.748000 2034.719180 0
209 2044.497000 2044.492378 17
210 2052.930000 2053.248949 14
211 2063.510000 2063.560405 16
212 2073.510000 2073.155540 23
213 2083.181000 2083.262269 29
214 2092.775000 2092.885033 14
215 2102.699000 2103.023172 22
216 2113.085000 2113.957871 9
217 2122.582000 2122.906829 22
218 2132.582000 2132.633894 11
219 2142.621000 2142.823523 16
220 2152.621000 2147.484985 10
221 2162.408000 2157.484985 0
222 2171.964000 2172.126323 24
223 2181.132000 2180.894726 13
224 2192.079000 2193.110571 11
225 2201.906000 2201.339049 31
226 2212.564000 2212.038203 12
227 2222.486000 2222.554065 28
228 2231.635000 2231.821716 15
229 2240.552000 2240.294032 14
230 2248.869000 2250.294032 0
231 2259.720000 2260.022556 16
232 2269.584000 2270.022556 0
233 2279.663000 2279.579763 11
234 2289.295000 2289.394235 26
235 2299.140000 2298.770204 29
236 2308.309000 2308.286453 32
237 2318.309000 2318.286453 0
238 2328.433000 2327.981661 18
239 2338.700000 2338.855976 26
240 2348.841000 2348.855976 0
241 2357.638000 2357.059131 16
242 2367.556000 2367.817823 12
243 2377.556000 2377.817823 0
244 2387.492000 2387.496772 24
245 2397.492000 2397.496772 0
246 2407.245000 2407.073524 37
247 2416.888000 2416.951185 21
248 2426.625000 2426.061941 27
249 2436.625000 2437.144600 20
250 2446.625000 2447.144600 0
251 2455.791000 2484.635716 9
252 2465.563000 2494.635716 0
253 2475.219000 2475.796877 34
254 2484.752000 2484.239230 22
255 2494.345000 2494.161197 12
256 2503.590000 2503.020668 13
257 2513.327000 2513.020668 0
258 2522.425000 2523.020668 0
259 2532.425000 2533.043182 22
260 2542.010000 2542.755099 17
261 2551.132000 2551.692308 20
262 2560.594000 2559.843213 25
263 2569.813000 2568.891592 14
264 2579.056000 2578.891592 0
265 2588.033000 2587.917995 20
266 2597.181000 2597.276983 11
267 2607.181000 2606.209047 15
268 2616.802000 2615.970087 14
269 2625.949000 2625.492325 24
270 2635.336000 2635.492325 0
271 2645.336000 2646.057577 15
272 2654.752000 2656.057577 0
273 2664.938000 2663.997352 17
274 2673.879000 2661.536098 9
275 2684.329000 2671.536098 0
276 2693.608000 2693.264730 24
277 2703.396000 2703.472166 15
278 2712.325000 2712.867650 12
279 2723.233000 2723.538695 23
280 2733.586000 2733.477047 15
281 2743.313000 2743.117915 18
282 2753.123000 2753.117915 0
283 2760.110000 2760.402539 11
284 2770.319000 2770.552692 8
285 2780.069000 2780.604262 22
286 2790.069000 2790.390396 11
287 2800.298000 2798.819281 9
288 2810.104000 2810.189072 28
289 2819.480000 2819.597524 16
290 2829.025000 2828.270027 22
291 2839.102000 2839.807781 13
292 2849.021000 2849.192938 18
293 2858.916000 2858.506610 18
294 2869.329000 2929.965452 12
295 2877.668000 2939.965452 0
296 2887.442000 2887.537840 31
297 2897.795000 2897.910153 26
298 2907.293000 2907.120354 17
299 2917.175000 2917.233336 27
300 2926.998000 2927.233336 0
301 2935.746000 2931.946465 8
302 2945.436000 2944.916192 17
303 2955.356000 2955.437828 20
304 2964.522000 2963.962423 12
305 2974.983000 2974.786693 12
306 2985.603000 2985.461948 20
307 2995.729000 2995.461948 0
308 3006.629000 3005.850739 21
309 3014.953000 3014.968782 19
310 3024.823000 3023.911021 16
311 3034.477000 3034.316135 12
312 3043.168000 3043.094559 9
313 3051.342000 3051.776516 25
314 3061.468000 3062.132529 12
315 3071.381000 3071.330019 29
316 3080.242000 3080.267556 21
317 3090.518000 3089.192729 10
318 3099.379000 3099.702912 25
319 3109.614000 3109.702912 0
320 3119.010000 3119.502456 10
321 3128.279000 3129.153423 20
322 3137.870000 3136.556653 23
323 3146.021000 3146.199377 18
324 3155.866000 3155.812486 25
325 3165.193000 3164.887208 8
326 3174.701000 3174.887208 0
327 3184.357000 3184.511597 14
328 3194.357000 3195.330260 16
329 3204.267000 3204.520943 18
330 3213.801000 3213.805316 17
331 3224.560000 3223.872953 8
332 3234.264000 3233.871872 21
333 3244.615000 3244.609794 13
334 3253.814000 3254.609794 0
335 3263.814000 3263.574860 20
336 3273.940000 3273.869233 30
337 3283.138000 3283.232194 10
338 3294.383000 3293.232194 0
339 3302.959000 3303.439943 12
340 3312.556000 3313.425242 8
341 3323.005000 3325.648505 20
342 3334.161000 3333.965645 14
343 3344.480000 3344.062578 16
344 3354.582000 3354.847640 15
345 3364.582000 3364.537938 21
346 3374.424000 3374.577715 18
347 3384.424000 3385.623277 9
348 3394.511000 3394.590787 24
349 3404.275000 3403.612030 20
350 3414.420000 3413.612030 0
351 3423.839000 3424.872695 8
352 3434.227000 3433.610750 12
353 3443.973000 3443.920690 25
354 3454.135000 3454.240526 19
355 3463.796000 3463.601504 32
356 3473.317000 3473.353418 15
357 3483.002000 3482.949861 20
358 3491.710000 3493.471555 15
359 3501.231000 3501.140525 19
360 3511.079000 3510.569098 23
361 3520.698000 3520.704384 33
362 3530.154000 3530.704384 0
363 3539.741000 3539.504843 19
364 3549.838000 3549.504843 0
365 3559.823000 3560.483882 10
366 3571.457000 3570.483882 0
367 3581.369000 3578.477992 19
368 3590.500000 3590.667056 12
369 3600.241000 3600.667056 0
370 3610.648000 3682.871413 9
371 3620.496000 3692.871413 0
372 3631.869000 3761.864562 10
373 3640.968000 3771.864562 0
374 3651.042000 3781.864562 0
375 3660.726000 3791.864562 0
376 3667.063000 3801.864562 0
377 3675.057000 3811.864562 0
378 3686.171000 3821.864562 0
379 3694.652000 3831.864562 0
380 3705.060000 3841.864562 0
381 3715.001000 3851.864562 0
382 3725.044000 3861.864562 0
383 3733.674000 3871.864562 0
384 3743.809000 3881.864562 0
385 3753.461000 3856.993418 11
386 3763.193000 3866.993418 0
387 3772.288000 3914.968288 9
388 3781.697000 3924.968288 0
389 3791.239000 3934.968288 0
390 3799.153000 3944.968288 0
391 3809.153000 3901.258374 9
392 3818.946000 3911.258374 0
393 3828.946000 3921.258374 0
394 3839.290000 3917.365830 9
395 3849.127000 3927.365830 0
396 3859.366000 3937.365830 0
397 3869.880000 3947.365830 0
398 3879.793000 3957.365830 0
399 3889.165000 3967.365830 0
400 3898.538000 3974.848733 9
401 3908.473000 3995.002921 10
402 3918.296000 3990.219915 8
403 3928.034000 4000.219915 0
404 3937.025000 4010.219915 0
405 3945.670000 4020.219915 0
406 3954.797000 4051.262346 8
407 3963.756000 4061.262346 0
408 3975.048000 4071.262346 0
409 3981.645000 4081.262346 0
410 3992.690000 4091.262346 0
411 4002.457000 4101.262346 0
412 4011.982000 4104.367510 9
413 4021.430000 4114.367510 0
414 4030.624000 4124.367510 0
415 4040.513000 4134.367510 0
416 4049.727000 4144.367510 0
417 4058.371000 4154.367510 0
418 4068.258000 4164.367510 0
419 4076.974000 4227.269676 8
420 4085.661000 4237.269676 0
421 4096.585000 4288.382597 9
422 4105.894000 4275.582846 11
423 4115.448000 4285.582846 0
424 4123.311000 4295.582846 0
425 4132.804000 4305.582846 0
426 4142.148000 4315.582846 0
427 4151.574000 4325.582846 0
428 4160.897000 4335.582846 0
429 4170.041000 4345.582846 0
430 4180.202000 4346.932018 9
431 4189.466000 4356.932018 0
432 4198.878000 4402.198515 8
433 4208.352000 4412.198515 0
434 4218.124000 4422.198515 0
435 4228.124000 4432.198515 0
436 4237.399000 4442.198515 0
437 4245.914000 4452.198515 0
438 4255.326000 4462.198515 0
439 4264.948000 4472.198515 0
440 4274.331000 4482.198515 0
441 4284.331000 4457.414140 9
442 4294.866000 4467.414140 0
443 4304.488000 4477.414140 0
444 4314.081000 4537.734094 9
445 4323.524000 4547.734094 0
446 4333.314000 4557.734094 0
447 4342.679000 4542.035752 9
448 4351.252000 4539.458189 12
449 4361.175000 4584.637495 8
450 4371.247000 4594.637495 0
451 4380.061000 4584.750752 8
452 4388.724000 4594.750752 0
453 4397.957000 4637.437157 9
454 4408.286000 4647.437157 0
455 4418.401000 4657.437157 0
456 4427.665000 4583.900572 9
457 4437.586000 4593.900572 0
458 4447.586000 4586.947181 12
459 4457.586000 4583.562503 13
460 4466.965000 4606.467839 9
461 4476.557000 4616.467839 0
462 4485.941000 4584.742197 9
463 4495.941000 4609.640055 13
464 4504.556000 4621.746873 12
465 4514.556000 4584.325740 13
466 4524.310000 4594.325740 0
467 4532.555000 4618.149382 10
468 4542.555000 4637.919820 9
469 4551.201000 4647.919820 0
470 4561.332000 4561.015894 13
471 4572.125000 4571.015894 0
472 4581.268000 4581.015894 0
473 4590.771000 4591.402110 19
474 4600.003000 4644.541853 15
475 4610.003000 4610.538968 17
476 4619.399000 4577.739962 13
477 4627.343000 4629.432126 10
478 4636.335000 4636.634141 25
479 4646.109000 4646.114907 27
480 4655.421000 4654.607540 15
481 4665.421000 4665.201693 30
