001 0.000000 -0.075576 70
002 10.000000 9.966616 39
003 20.000000 20.627113 16
004 28.072000 28.140128 11
005 38.058000 38.085504 25
006 48.059000 48.039350 34
007 58.056000 57.925001 18
008 68.056000 68.077466 22
009 78.056000 78.073932 43
010 88.056000 88.071124 40
011 98.056000 98.133762 47
012 108.056000 108.154465 54
013 118.056000 118.079494 43
014 128.056000 128.092947 60
015 138.056000 138.078458 49
016 148.056000 148.075955 54
017 158.056000 158.078652 73
018 168.056000 168.078473 53
019 178.056000 178.250610 54
020 188.056000 188.085975 62
021 198.056000 198.076585 61
022 208.056000 208.089702 58
023 218.056000 218.012902 65
024 228.056000 228.181361 34
025 238.056000 239.507835 26
026 248.056000 248.699340 25
027 258.311000 258.699340 0
028 268.392000 268.913820 9
029 278.457000 278.582675 21
030 288.680000 288.450521 16
031 299.265000 299.789597 25
032 309.265000 309.231552 25
033 319.460000 319.090042 8
034 329.886000 329.090042 0
035 331.489000 339.090042 0
036 341.050000 349.090042 0
037 352.269000 367.279632 13
038 362.269000 369.659629 11
039 372.483000 379.659629 0
040 382.483000 383.550590 15
041 392.844000 391.295739 21
042 403.556000 403.291855 22
043 414.326000 413.291855 0
044 424.449000 424.270161 24
045 434.768000 434.713185 22
046 444.768000 444.713185 0
047 452.651000 454.254191 12
048 462.775000 461.810299 11
049 472.194000 472.311701 8
050 482.194000 482.342271 13
051 491.877000 493.568882 18
052 501.624000 502.156830 25
053 511.427000 511.531950 16
054 520.978000 520.588047 20
055 530.978000 530.788599 11
056 541.619000 540.788599 0
057 550.842000 550.788599 0
058 560.228000 562.506647 13
059 569.286000 572.506647 0
060 578.659000 616.243150 13
061 588.915000 588.413956 9
062 598.555000 598.413956 0
063 608.681000 608.011268 18
064 619.259000 618.862422 34
065 628.721000 628.232837 21
066 638.369000 638.232837 0
067 647.991000 648.232837 0
068 657.851000 661.282569 8
069 666.916000 666.555970 24
070 675.899000 676.117780 19
071 685.573000 685.556334 27
072 695.248000 695.445949 24
073 705.586000 705.885951 22
074 715.395000 715.885951 0
075 725.261000 725.241699 26
076 734.717000 734.268571 9
077 745.217000 744.975485 20
078 755.217000 755.542263 23
079 764.858000 764.367467 15
080 774.506000 774.367467 0
081 785.429000 784.367467 0
082 796.513000 796.914469 27
083 806.746000 807.165329 13
084 816.819000 816.828093 17
085 826.819000 826.749077 27
086 836.249000 836.749077 0
087 846.163000 845.849421 15
088 856.163000 855.849421 0
089 864.873000 864.912763 12
090 873.220000 873.248956 24
091 883.027000 883.713752 13
092 892.860000 893.713752 0
093 902.860000 903.493683 18
094 912.210000 911.574154 18
095 921.433000 921.574154 0
096 931.433000 931.522196 25
097 940.742000 940.752474 12
098 949.547000 948.655618 17
099 958.617000 959.333889 15
100 968.324000 967.713259 17
101 977.329000 977.388365 21
102 987.329000 987.889527 29
103 997.595000 995.799795 15
104 1007.336000 1007.406285 14
105 1017.463000 1017.406285 0
106 1028.014000 1028.806455 8
107 1037.881000 1038.806455 0
108 1046.619000 1046.744655 23
109 1056.878000 1057.071865 19
110 1066.607000 1065.918548 17
111 1076.607000 1075.918548 0
112 1085.691000 1085.717591 11
113 1095.691000 1095.660961 28
114 1104.986000 1104.916368 20
115 1115.086000 1115.030414 25
116 1124.734000 1124.391941 22
117 1133.904000 1133.583764 21
118 1143.738000 1143.595405 32
119 1153.068000 1153.143365 12
120 1162.582000 1163.127764 14
121 1172.470000 1171.964132 16
122 1181.693000 1181.406473 14
123 1191.553000 1191.406473 0
124 1201.148000 1201.483336 20
125 1211.148000 1211.483336 0
126 1220.338000 1220.483754 8
127 1229.986000 1229.872173 10
128 1239.076000 1239.017634 20
129 1249.076000 1249.017634 0
130 1257.800000 1259.017634 0
131 1267.668000 1269.877869 8
132 1278.014000 1278.263662 18
133 1288.014000 1288.055133 13
134 1297.789000 1298.054525 15
135 1307.517000 1308.054525 0
136 1317.517000 1318.054525 0
137 1327.250000 1328.057025 12
138 1336.985000 1336.991797 32
139 1346.985000 1347.065278 22
140 1356.581000 1356.194045 18
141 1365.299000 1396.087497 10
142 1375.105000 1378.527438 11
143 1385.579000 1388.527438 0
144 1395.579000 1395.772876 26
145 1405.579000 1405.762773 27
146 1415.931000 1415.963709 20
147 1425.340000 1422.002508 8
148 1434.351000 1432.002508 0
149 1443.813000 1442.002508 0
150 1453.703000 1453.677648 28
151 1463.450000 1464.630489 12
152 1471.333000 1474.630489 0
153 1481.566000 1484.630489 0
154 1491.044000 1490.918553 27
155 1500.579000 1500.797115 10
156 1510.173000 1508.967985 9
157 1520.607000 1518.967985 0
158 1530.868000 1530.987903 13
159 1540.607000 1540.424289 12
160 1549.968000 1547.583612 10
161 1560.345000 1560.481869 18
162 1570.539000 1569.456502 11
163 1579.858000 1580.053309 15
164 1589.858000 1590.053309 0
165 1599.858000 1600.053309 0
166 1610.086000 1610.053309 0
167 1620.615000 1620.913231 19
168 1631.827000 1635.361969 9
169 1641.168000 1640.828390 24
170 1651.300000 1650.786974 15
171 1663.636000 1660.786974 0
172 1672.749000 1672.776746 26
173 1683.172000 1684.809814 11
174 1693.095000 1693.575042 21
175 1702.956000 1703.059344 29
176 1713.607000 1711.822626 15
177 1724.031000 1724.496789 11
178 1734.031000 1732.862064 16
179 1742.838000 1742.987486 19
180 1752.449000 1752.202135 10
181 1760.542000 1760.481127 13
182 1770.715000 1772.010779 13
183 1780.992000 1766.962780 8
184 1790.832000 1790.519693 21
185 1800.832000 1801.179449 10
186 1810.721000 1811.358660 24
187 1820.617000 1820.548232 9
188 1830.360000 1830.074980 32
189 1840.013000 1840.011459 26
190 1849.209000 1850.011459 0
191 1860.090000 1860.011459 0
192 1869.680000 1869.899121 9
193 1879.478000 1879.710652 17
194 1889.402000 1889.534645 23
195 1899.097000 1898.558755 17
196 1908.417000 1908.558755 0
197 1917.757000 1919.199514 9
198 1926.911000 1927.046229 26
199 1937.293000 1937.852410 18
200 1946.883000 1946.299171 16
201 1954.809000 1954.725660 9
202 1964.620000 1955.023107 8
203 1974.782000 1965.023107 0
204 1985.579000 1985.854352 21
205 1995.308000 1995.289134 16
206 2005.308000 2005.289134 0
207 2015.204000 2015.289134 0
208 2024.919000 2024.245689 24
209 2034.823000 2034.245689 0
210 2044.823000 2045.658677 27
211 2053.733000 2135.739857 10
212 2065.736000 2065.883104 23
213 2075.432000 2075.198745 24
214 2085.432000 2085.568264 23
215 2095.640000 2095.568264 0
216 2105.535000 2077.399152 8
217 2116.249000 2118.359882 8
218 2125.944000 2126.071532 26
219 2135.944000 2136.263288 11
220 2146.477000 2146.357705 16
221 2156.339000 2156.379881 9
222 2166.172000 2166.172564 24
223 2176.248000 2175.994372 8
224 2185.589000 2185.994372 0
225 2195.326000 2195.728611 21
226 2205.520000 2204.632774 22
227 2217.024000 2218.098366 15
228 2227.821000 2227.061538 19
229 2237.286000 2237.088113 33
230 2246.071000 2245.852178 12
231 2256.071000 2253.337706 9
232 2265.092000 2264.256132 17
233 2275.092000 2274.256132 0
234 2284.908000 2284.807399 23
235 2294.908000 2295.761663 26
236 2304.609000 2304.846998 24
237 2314.609000 2310.728359 8
238 2324.304000 2324.030012 14
239 2334.304000 2334.030012 0
240 2344.486000 2344.373477 18
241 2353.057000 2354.373477 0
242 2362.985000 2362.892633 11
243 2372.520000 2372.627369 30
244 2381.683000 2382.627369 0
245 2392.797000 2390.500395 17
246 2402.524000 2402.655662 21
247 2412.524000 2412.437786 34
248 2422.603000 2422.625741 20
249 2432.623000 2432.250313 27
250 2442.623000 2442.309923 23
251 2451.774000 2452.265233 27
252 2461.676000 2462.265233 0
253 2470.754000 2470.907569 15
254 2481.214000 2480.424173 26
255 2491.098000 2489.706987 10
256 2500.447000 2500.084653 17
257 2509.765000 2509.554958 19
258 2518.890000 2519.554958 0
259 2529.280000 2529.881362 11
260 2538.944000 2539.156009 26
261 2548.529000 2548.210215 22
262 2558.036000 2557.726289 11
263 2567.093000 2567.009779 13
264 2575.836000 2577.009779 0
265 2585.931000 2585.931973 14
266 2595.244000 2595.343968 13
267 2605.244000 2605.362699 18
268 2615.042000 2614.888690 26
269 2624.843000 2623.571888 12
270 2635.057000 2633.571888 0
271 2645.270000 2645.440869 22
272 2654.752000 2655.440869 0
273 2664.938000 2664.804449 14
274 2674.439000 2674.220564 14
275 2684.201000 2684.107057 11
276 2693.355000 2698.814297 9
277 2703.021000 2703.831937 12
278 2712.409000 2712.596382 14
279 2722.955000 2722.959860 25
280 2733.351000 2733.354316 29
281 2743.508000 2743.393831 13
282 2753.438000 2753.407254 13
283 2763.906000 2763.407254 0
284 2774.276000 2774.167849 20
285 2783.156000 2783.134250 26
286 2792.350000 2791.400430 12
287 2802.543000 2802.294360 10
288 2812.446000 2812.248431 15
289 2821.794000 2825.649519 9
290 2830.771000 2835.649519 0
291 2841.083000 2845.649519 0
292 2851.257000 2850.741046 11
293 2861.257000 2860.775917 9
294 2871.591000 2870.775917 0
295 2880.480000 2880.775917 0
296 2890.480000 2890.244412 12
297 2900.383000 2900.480695 18
298 2910.232000 2910.393458 11
299 2920.525000 2920.830016 17
300 2930.148000 2930.083396 30
301 2939.843000 2940.363715 20
302 2949.985000 2949.941280 14
303 2959.411000 2960.628707 9
304 2969.411000 2968.880275 20
305 2979.660000 2978.880275 0
306 2989.373000 2988.880275 0
307 2999.373000 2974.614394 8
308 3009.156000 2984.614394 0
309 3018.995000 3019.551086 15
310 3028.707000 3028.739843 18
311 3038.277000 3037.340034 8
312 3046.041000 3045.026851 10
313 3054.913000 3055.026851 0
314 3064.767000 3064.830146 9
315 3074.767000 3074.109757 20
316 3084.516000 3084.459857 10
317 3092.780000 3092.274535 18
318 3102.278000 3101.741786 20
319 3113.010000 3112.785004 19
320 3122.474000 3122.785004 0
321 3132.329000 3132.002412 21
322 3140.879000 3140.274909 21
323 3150.790000 3150.815357 15
324 3160.555000 3159.389720 19
325 3169.624000 3169.389720 0
326 3177.834000 3179.389720 0
327 3187.548000 3187.431571 23
328 3198.656000 3198.942610 20
329 3208.441000 3208.014322 18
330 3217.491000 3217.914237 18
331 3228.026000 3227.914237 0
332 3238.294000 3237.914237 0
333 3248.222000 3248.273591 8
334 3258.222000 3258.306847 28
335 3267.432000 3266.991778 17
336 3277.002000 3276.771839 28
337 3287.002000 3286.821157 10
338 3297.002000 3296.821157 0
339 3307.002000 3308.645444 20
340 3316.855000 3316.525935 9
341 3326.855000 3328.839171 22
342 3335.816000 3336.032048 14
343 3346.780000 3345.744214 13
344 3357.496000 3357.730756 13
345 3367.780000 3367.779964 30
346 3377.690000 3377.481642 8
347 3387.331000 3387.600603 17
348 3397.331000 3397.492657 16
349 3403.895000 3404.055452 11
350 3413.895000 3412.834851 9
351 3423.625000 3423.969242 16
352 3434.501000 3433.969242 0
353 3444.227000 3444.320562 22
354 3454.999000 3454.844053 18
355 3464.135000 3464.492382 30
356 3474.135000 3474.492382 0
357 3484.135000 3484.222242 18
358 3493.815000 3494.128881 23
359 3503.474000 3503.160398 19
360 3513.133000 3512.829325 22
361 3522.614000 3522.654311 26
362 3532.614000 3530.987249 11
363 3540.698000 3540.920814 13
364 3549.319000 3568.489892 9
365 3560.035000 3560.361342 8
366 3570.427000 3570.361342 0
367 3579.853000 3579.964680 21
368 3588.868000 3628.197573 12
369 3597.758000 3598.043376 22
370 3608.598000 3608.043376 0
371 3619.205000 3620.316275 10
372 3630.495000 3630.696333 20
373 3639.841000 3639.876333 24
374 3650.150000 3649.876333 0
375 3658.773000 3659.876333 0
376 3669.988000 3669.876333 0
377 3675.443000 3679.876333 0
378 3686.082000 3686.329589 31
379 3696.082000 3696.329589 0
380 3707.480000 3710.526668 18
381 3717.480000 3711.222690 25
382 3727.480000 3712.988999 16
383 3737.086000 3722.988999 0
384 3746.943000 3732.988999 0
385 3756.241000 3757.684849 25
386 3766.400000 3766.490802 20
387 3776.400000 3761.454635 12
388 3786.400000 3786.375664 18
389 3795.665000 3795.461000 21
390 3803.874000 3803.419669 16
391 3813.588000 3813.871985 22
392 3823.819000 3824.060004 14
393 3833.460000 3834.060004 0
394 3842.278000 3842.356932 25
395 3852.672000 3852.756435 16
396 3863.100000 3863.188926 9
397 3873.868000 3877.091468 9
398 3883.688000 3883.089722 15
399 3892.560000 3892.042568 24
400 3903.079000 3902.951847 29
401 3913.113000 3912.897700 12
402 3922.683000 3922.163836 19
403 3932.467000 3932.583976 19
404 3942.324000 3942.583976 0
405 3950.945000 3951.029179 14
406 3960.478000 3964.248396 10
407 3970.818000 3974.248396 0
408 3980.709000 3984.248396 0
409 3987.524000 3988.898257 11
410 3997.721000 3997.999261 30
411 4007.827000 4007.401767 15
412 4017.827000 4017.401767 0
413 4027.055000 4027.017460 25
414 4036.481000 4037.097206 19
415 4046.481000 4046.096173 12
416 4055.175000 4056.049727 19
417 4064.458000 4064.605841 9
418 4073.867000 4074.605841 0
419 4082.614000 4084.605841 0
420 4093.775000 4094.414756 9
421 4102.647000 4103.165114 20
422 4111.877000 4111.587703 20
423 4121.715000 4121.473605 25
424 4130.747000 4151.925912 8
425 4140.193000 4140.266960 28
426 4150.031000 4150.329605 11
427 4159.457000 4158.790419 9
428 4170.041000 4169.787502 23
429 4179.827000 4179.618700 35
430 4189.240000 4189.158586 18
431 4198.753000 4199.571316 22
432 4208.351000 4208.236956 31
433 4217.789000 4217.970425 18
434 4227.286000 4225.735579 13
435 4236.999000 4236.850293 20
436 4244.888000 4245.202441 19
437 4254.888000 4254.182709 20
438 4264.439000 4264.182709 0
439 4274.258000 4274.485591 24
440 4284.043000 4284.252716 21
441 4294.402000 4294.262310 21
442 4303.916000 4303.782948 36
443 4313.916000 4313.782948 0
444 4323.916000 4327.645097 8
445 4333.452000 4334.094057 19
446 4343.452000 4344.299469 18
447 4353.696000 4352.410459 17
448 4363.535000 4363.753480 23
449 4373.659000 4373.753480 0
450 4384.141000 4383.753480 0
451 4393.800000 4394.007980 18
452 4403.011000 4403.173921 12
453 4412.922000 4412.255678 16
454 4421.741000 4421.151990 27
455 4431.202000 4431.151990 0
456 4440.558000 4441.476067 27
457 4450.718000 4451.638001 20
458 4460.914000 4460.800186 16
459 4468.980000 4468.890202 19
460 4477.834000 4476.322158 14
461 4487.834000 4524.957498 13
462 4496.760000 4534.957498 0
463 4505.714000 4544.957498 0
464 4514.669000 4554.957498 0
465 4522.896000 4523.040262 9
466 4532.554000 4577.339952 11
467 4540.771000 4541.456351 15
468 4549.692000 4549.895211 32
469 4558.663000 4560.313151 12
470 4568.567000 4575.853095 14
471 4579.446000 4577.668102 14
472 4586.385000 4587.195272 24
473 4596.676000 4597.288790 16
474 4606.008000 4605.533407 20
475 4615.820000 4615.533407 0
476 4624.232000 4625.533407 0
477 4633.843000 4633.908903 23
478 4643.506000 4643.341445 31
479 4652.917000 4652.438603 15
480 4662.917000 4662.858185 28
481 4672.917000 4672.781188 32
