001 0.000000 -0.074553 71
002 10.000000 9.966616 39
003 20.000000 20.627113 16
004 28.072000 28.140128 11
005 38.058000 38.085504 25
006 48.059000 48.039350 34
007 58.056000 57.989138 19
008 68.056000 68.077466 22
009 78.056000 78.073932 43
010 88.056000 88.071124 40
011 98.056000 98.238160 48
012 108.056000 108.154465 54
013 118.056000 118.079494 43
014 128.056000 128.092687 62
015 138.056000 138.077983 48
016 148.056000 148.075955 54
017 158.056000 158.051367 72
018 168.056000 168.079373 53
019 178.056000 178.248302 55
020 188.056000 188.087205 62
021 198.056000 198.076585 61
022 208.056000 208.080640 58
023 218.056000 218.014030 66
024 228.056000 228.100286 36
025 238.056000 239.400159 28
026 248.056000 248.570551 24
027 258.311000 258.570551 0
028 268.392000 269.921526 8
029 278.457000 278.440516 22
030 288.680000 287.538906 16
031 299.265000 299.845945 24
032 309.265000 309.222358 25
033 319.460000 318.988671 8
034 329.886000 328.988671 0
035 331.489000 338.988671 0
036 341.050000 307.947495 8
037 352.269000 369.293131 16
038 362.269000 369.659629 11
039 372.483000 379.659629 0
040 382.483000 382.828827 20
041 392.844000 391.017368 18
042 403.556000 403.347624 21
043 414.326000 413.347624 0
044 424.449000 424.270161 24
045 434.768000 434.435550 22
046 444.768000 444.415283 9
047 452.651000 454.489248 9
048 462.775000 461.795109 9
049 472.194000 472.311701 8
050 482.194000 482.139111 14
051 491.877000 493.568882 18
052 501.624000 502.156830 25
053 511.427000 511.373002 19
054 520.978000 520.580853 20
055 530.978000 530.839020 13
056 541.619000 541.586082 13
057 550.842000 551.586082 0
058 560.228000 562.506647 13
059 569.286000 572.506647 0
060 578.659000 576.890764 12
061 588.915000 589.261980 16
062 598.555000 599.261980 0
063 608.681000 607.970936 17
064 619.259000 618.829976 38
065 628.721000 628.080969 21
066 638.369000 638.080969 0
067 647.991000 648.080969 0
068 657.851000 661.244318 8
069 666.916000 666.777952 21
070 675.899000 676.237854 20
071 685.573000 685.606143 25
072 695.248000 695.460888 24
073 705.586000 705.901395 25
074 715.395000 715.901395 0
075 725.261000 725.246697 25
076 734.717000 734.184132 16
077 745.217000 744.983162 23
078 755.217000 755.231786 20
079 764.858000 764.367467 15
080 774.506000 774.367467 0
081 785.429000 784.367467 0
082 796.513000 796.964262 26
083 806.746000 806.840745 13
084 816.819000 816.816576 16
085 826.819000 826.504778 33
086 836.249000 836.504778 0
087 846.163000 845.811556 13
088 856.163000 855.811556 0
089 864.873000 864.933749 13
090 873.220000 873.248956 24
091 883.027000 881.098094 9
092 892.860000 891.753628 13
093 902.860000 902.316715 20
094 912.210000 911.562008 22
095 921.433000 921.562008 0
096 931.433000 931.521041 22
097 940.742000 940.502437 11
098 949.547000 948.614094 18
099 958.617000 959.874044 14
100 968.324000 968.195911 19
101 977.329000 977.407472 22
102 987.329000 987.891701 25
103 997.595000 996.000487 17
104 1007.336000 1006.212350 10
105 1017.463000 1016.212350 0
106 1028.014000 1026.212350 0
107 1037.881000 1036.212350 0
108 1046.619000 1046.773466 21
109 1056.878000 1057.138850 17
110 1066.607000 1066.132589 16
111 1076.607000 1076.132589 0
112 1085.691000 1085.815296 9
113 1095.691000 1095.543004 28
114 1104.986000 1105.234084 20
115 1115.086000 1114.829319 26
116 1124.734000 1124.392136 21
117 1133.904000 1133.479498 10
118 1143.738000 1143.540505 32
119 1153.068000 1153.713618 10
120 1162.582000 1163.186268 12
121 1172.470000 1171.968928 15
122 1181.693000 1181.549751 14
123 1191.553000 1191.549751 0
124 1201.148000 1201.296802 20
125 1211.148000 1210.812224 8
126 1220.338000 1220.812224 0
127 1229.986000 1229.869896 11
128 1239.076000 1239.017634 20
129 1249.076000 1249.017634 0
130 1257.800000 1259.017634 0
131 1267.668000 1269.017634 0
132 1278.014000 1278.347354 19
133 1288.014000 1288.055133 13
134 1297.789000 1297.473990 14
135 1307.517000 1307.473990 0
136 1317.517000 1317.473990 0
137 1327.250000 1328.057025 12
138 1336.985000 1337.012898 35
139 1346.985000 1347.411178 24
140 1356.581000 1356.194045 18
141 1365.299000 1396.087497 10
142 1375.105000 1342.017335 12
143 1385.579000 1352.017335 0
144 1395.579000 1395.783946 25
145 1405.579000 1405.656510 24
146 1415.931000 1416.284348 18
147 1425.340000 1422.028885 11
148 1434.351000 1432.028885 0
149 1443.813000 1442.028885 0
150 1453.703000 1453.865555 29
151 1463.450000 1463.094466 9
152 1471.333000 1473.094466 0
153 1481.566000 1545.349052 9
154 1491.044000 1490.924617 28
155 1500.579000 1500.797115 10
156 1510.173000 1508.437793 12
157 1520.607000 1518.437793 0
158 1530.868000 1531.008978 14
159 1540.607000 1540.603913 12
160 1549.968000 1547.583612 10
161 1560.345000 1560.488822 20
162 1570.539000 1569.560411 12
163 1579.858000 1579.990752 16
164 1589.858000 1589.990752 0
165 1599.858000 1599.990752 0
166 1610.086000 1609.990752 0
167 1620.615000 1621.410063 19
168 1631.827000 1634.622944 8
169 1641.168000 1640.774117 23
170 1651.300000 1650.757110 14
171 1663.636000 1660.757110 0
172 1672.749000 1673.013315 25
173 1683.172000 1683.013315 0
174 1693.095000 1693.496222 21
175 1702.956000 1703.124238 29
176 1713.607000 1711.410410 16
177 1724.031000 1724.496789 11
178 1734.031000 1733.036050 14
179 1742.838000 1743.104833 20
180 1752.449000 1751.757777 13
181 1760.542000 1760.527341 14
182 1770.715000 1772.048639 11
183 1780.992000 1782.048639 0
184 1790.832000 1790.781401 16
185 1800.832000 1800.495945 10
186 1810.721000 1811.086723 24
187 1820.617000 1820.568736 8
188 1830.360000 1830.393840 31
189 1840.013000 1839.636281 28
190 1849.209000 1849.636281 0
191 1860.090000 1859.636281 0
192 1869.680000 1869.899121 9
193 1879.478000 1879.853428 16
194 1889.402000 1889.146228 25
195 1899.097000 1899.001260 16
196 1908.417000 1909.001260 0
197 1917.757000 1919.001260 0
198 1926.911000 1927.199555 25
199 1937.293000 1937.813315 18
200 1946.883000 1946.347371 18
201 1954.809000 1954.719106 11
202 1964.620000 1951.681166 12
203 1974.782000 1961.681166 0
204 1985.579000 1985.788189 19
205 1995.308000 1995.256528 16
206 2005.308000 2002.617627 10
207 2015.204000 2012.617627 0
208 2024.919000 2023.845600 23
209 2034.823000 2033.845600 0
210 2044.823000 2045.648482 28
211 2053.733000 2054.356664 8
212 2065.736000 2065.606484 23
213 2075.432000 2075.205726 24
214 2085.432000 2085.576027 20
215 2095.640000 2095.300486 12
216 2105.535000 2105.300486 0
217 2116.249000 2118.418083 8
218 2125.944000 2126.049790 28
219 2135.944000 2136.263288 11
220 2146.477000 2146.193682 14
221 2156.339000 2157.615210 11
222 2166.172000 2166.257689 26
223 2176.248000 2176.615204 11
224 2185.589000 2186.615204 0
225 2195.326000 2195.628360 22
226 2205.520000 2204.584616 21
227 2217.024000 2218.155214 14
228 2227.821000 2226.725813 18
229 2237.286000 2237.088113 33
230 2246.071000 2245.484232 12
231 2256.071000 2253.189062 11
232 2265.092000 2264.743668 16
233 2275.092000 2274.743668 0
234 2284.908000 2284.821107 27
235 2294.908000 2295.759096 26
236 2304.609000 2304.807492 23
237 2314.609000 2314.807492 0
238 2324.304000 2324.266376 15
239 2334.304000 2334.266376 0
240 2344.486000 2344.373477 18
241 2353.057000 2354.373477 0
242 2362.985000 2362.722080 13
243 2372.520000 2372.605250 28
244 2381.683000 2379.946951 13
245 2392.797000 2391.603371 22
246 2402.524000 2402.657078 22
247 2412.524000 2412.532201 30
248 2422.603000 2422.551825 20
249 2432.623000 2432.300873 27
250 2442.623000 2442.369406 27
251 2451.774000 2452.221356 28
252 2461.676000 2462.221356 0
253 2470.754000 2471.760371 16
254 2481.214000 2480.569428 26
255 2491.098000 2489.851606 9
256 2500.447000 2500.084653 17
257 2509.765000 2509.636001 22
258 2518.890000 2520.239163 9
259 2529.280000 2529.916756 11
260 2538.944000 2539.152583 26
261 2548.529000 2548.211462 22
262 2558.036000 2557.726289 11
263 2567.093000 2567.726289 0
264 2575.836000 2577.726289 0
265 2585.931000 2585.912085 16
266 2595.244000 2595.377316 15
267 2605.244000 2605.365164 16
268 2615.042000 2615.072700 28
269 2624.843000 2623.571888 12
270 2635.057000 2633.571888 0
271 2645.270000 2645.522134 25
272 2654.752000 2655.522134 0
273 2664.938000 2664.805114 14
274 2674.439000 2674.364192 13
275 2684.201000 2684.128922 13
276 2693.355000 2693.468421 15
277 2703.021000 2703.831937 12
278 2712.409000 2712.582607 15
279 2722.955000 2722.843975 24
280 2733.351000 2733.258860 29
281 2743.508000 2743.399327 12
282 2753.438000 2753.407254 13
283 2763.906000 2763.407254 0
284 2774.276000 2774.174997 19
285 2783.156000 2783.135331 27
286 2792.350000 2791.211226 12
287 2802.543000 2801.211226 0
288 2812.446000 2811.211226 0
289 2821.794000 2825.649519 9
290 2830.771000 2835.649519 0
291 2841.083000 2845.649519 0
292 2851.257000 2850.788734 12
293 2861.257000 2860.473252 9
294 2871.591000 2870.473252 0
295 2880.480000 2880.473252 0
296 2890.480000 2890.244412 12
297 2900.383000 2900.469585 19
298 2910.232000 2910.379045 12
299 2920.525000 2920.683611 15
300 2930.148000 2930.209731 26
301 2939.843000 2940.330522 21
302 2949.985000 2949.941280 14
303 2959.411000 2960.776229 8
304 2969.411000 2968.360431 21
305 2979.660000 2978.360431 0
306 2989.373000 2988.360431 0
307 2999.373000 2998.360431 0
308 3009.156000 3008.360431 0
309 3018.995000 3020.073712 16
310 3028.707000 3028.792727 18
311 3038.277000 3037.449905 9
312 3046.041000 3045.439585 12
313 3054.913000 3055.439585 0
314 3064.767000 3065.439585 0
315 3074.767000 3074.388867 19
316 3084.516000 3084.459857 10
317 3092.780000 3092.640574 18
318 3102.278000 3101.963196 20
319 3113.010000 3112.583576 12
320 3122.474000 3122.583576 0
321 3132.329000 3131.824277 20
322 3140.879000 3140.219541 17
323 3150.790000 3150.859177 13
324 3160.555000 3159.401505 19
325 3169.624000 3151.143752 9
326 3177.834000 3161.143752 0
327 3187.548000 3187.340231 21
328 3198.656000 3198.904355 17
329 3208.441000 3208.046152 19
330 3217.491000 3217.914237 18
331 3228.026000 3227.914237 0
332 3238.294000 3237.914237 0
333 3248.222000 3247.914237 0
334 3258.222000 3258.199116 30
335 3267.432000 3267.016702 18
336 3277.002000 3276.668953 28
337 3287.002000 3286.821157 10
338 3297.002000 3296.821157 0
339 3307.002000 3308.821683 23
340 3316.855000 3318.821683 0
341 3326.855000 3328.997713 22
342 3335.816000 3334.600600 13
343 3346.780000 3395.821171 15
344 3357.496000 3357.728264 12
345 3367.780000 3367.770924 30
346 3377.690000 3378.093215 10
347 3387.331000 3387.585086 16
348 3397.331000 3397.496560 17
349 3403.895000 3403.967308 11
350 3413.895000 3413.967308 0
351 3423.625000 3423.916104 19
352 3434.501000 3435.029693 9
353 3444.227000 3444.282491 20
354 3454.999000 3454.909941 17
355 3464.135000 3464.503170 29
356 3474.135000 3474.503170 0
357 3484.135000 3484.215868 19
358 3493.815000 3494.122391 24
359 3503.474000 3502.989907 18
360 3513.133000 3513.002536 25
361 3522.614000 3522.574127 27
362 3532.614000 3531.130288 12
363 3540.698000 3540.920814 13
364 3549.319000 3568.365306 9
365 3560.035000 3578.365306 0
366 3570.427000 3588.365306 0
367 3579.853000 3579.982222 23
368 3588.868000 3588.019603 11
369 3597.758000 3597.990159 20
370 3608.598000 3607.990159 0
371 3619.205000 3688.469015 10
372 3630.495000 3630.641830 20
373 3639.841000 3639.887596 27
374 3650.150000 3649.887596 0
375 3658.773000 3659.887596 0
376 3669.988000 3669.887596 0
377 3675.443000 3679.887596 0
378 3686.082000 3686.232315 31
379 3696.082000 3696.232315 0
380 3707.480000 3710.602049 19
381 3717.480000 3710.960210 24
382 3727.480000 3712.988999 16
383 3737.086000 3722.988999 0
384 3746.943000 3732.988999 0
385 3756.241000 3757.368631 22
386 3766.400000 3766.404709 20
387 3776.400000 3759.959865 13
388 3786.400000 3786.421764 15
389 3795.665000 3795.447637 20
390 3803.874000 3803.531409 15
391 3813.588000 3814.024084 24
392 3823.819000 3822.984499 14
393 3833.460000 3832.984499 0
394 3842.278000 3842.439308 24
395 3852.672000 3852.736205 18
396 3863.100000 3862.736205 0
397 3873.868000 3876.270960 12
398 3883.688000 3883.228976 15
399 3892.560000 3892.629348 33
400 3903.079000 3902.843535 27
401 3913.113000 3912.893451 10
402 3922.683000 3922.167429 22
403 3932.467000 3932.582285 18
404 3942.324000 3942.582285 0
405 3950.945000 3951.029179 14
406 3960.478000 3960.623038 15
407 3970.818000 3971.399303 8
408 3980.709000 3981.399303 0
409 3987.524000 3988.578160 11
410 3997.721000 3998.185090 33
411 4007.827000 4007.380999 15
412 4017.827000 4017.380999 0
413 4027.055000 4026.759513 24
414 4036.481000 4037.040211 19
415 4046.481000 4046.096173 12
416 4055.175000 4056.004266 20
417 4064.458000 4064.524304 9
418 4073.867000 4074.524304 0
419 4082.614000 4034.969271 8
420 4093.775000 4094.520152 8
421 4102.647000 4103.158172 18
422 4111.877000 4111.595575 21
423 4121.715000 4121.471874 26
424 4130.747000 4151.925912 8
425 4140.193000 4140.266960 28
426 4150.031000 4150.347597 11
427 4159.457000 4158.802162 8
428 4170.041000 4169.800294 24
429 4179.827000 4179.625007 34
430 4189.240000 4189.407501 18
431 4198.753000 4199.439028 22
432 4208.351000 4207.865333 31
433 4217.789000 4218.162816 19
434 4227.286000 4225.846690 13
435 4236.999000 4236.984815 22
436 4244.888000 4245.216849 20
437 4254.888000 4254.368876 16
438 4264.439000 4264.368876 0
439 4274.258000 4274.417869 23
440 4284.043000 4284.092754 18
441 4294.402000 4294.377042 23
442 4303.916000 4303.777561 34
443 4313.916000 4311.326739 12
444 4323.916000 4327.275619 9
445 4333.452000 4333.982386 23
446 4343.452000 4344.080609 21
447 4353.696000 4352.502431 18
448 4363.535000 4363.735717 23
449 4373.659000 4373.735717 0
450 4384.141000 4383.735717 0
451 4393.800000 4394.007980 18
452 4403.011000 4403.160147 12
453 4412.922000 4412.263016 15
454 4421.741000 4421.227286 27
455 4431.202000 4431.227286 0
456 4440.558000 4441.381947 26
457 4450.718000 4451.709735 21
458 4460.914000 4460.837274 15
459 4468.980000 4469.008961 19
460 4477.834000 4476.423498 15
461 4487.834000 4524.108241 14
462 4496.760000 4510.810904 8
463 4505.714000 4520.810904 0
464 4514.669000 4530.810904 0
465 4522.896000 4540.810904 0
466 4532.554000 4531.849580 9
467 4540.771000 4541.384170 18
468 4549.692000 4550.059336 32
469 4558.663000 4561.020570 12
470 4568.567000 4575.624297 15
471 4579.446000 4577.668102 14
472 4586.385000 4587.365370 25
473 4596.676000 4597.288790 16
474 4606.008000 4605.382128 18
475 4615.820000 4615.382128 0
476 4624.232000 4625.382128 0
477 4633.843000 4633.908903 23
478 4643.506000 4643.321275 32
479 4652.917000 4652.629771 14
480 4662.917000 4662.859327 29
481 4672.917000 4672.773725 32
