001 0.000000 -0.075739 70
002 10.000000 9.978402 38
003 20.000000 20.627113 16
004 28.072000 28.140128 11
005 38.058000 38.085504 25
006 48.059000 48.038072 33
007 58.056000 57.925001 18
008 68.056000 68.077466 22
009 78.056000 78.073932 43
010 88.056000 88.071124 40
011 98.056000 98.186006 48
012 108.056000 108.154465 54
013 118.056000 118.079494 43
014 128.056000 128.092687 62
015 138.056000 138.078458 49
016 148.056000 148.075955 54
017 158.056000 158.051367 72
018 168.056000 168.078709 54
019 178.056000 178.185493 54
020 188.056000 188.086511 61
021 198.056000 198.076585 61
022 208.056000 208.080418 59
023 218.056000 218.013621 64
024 228.056000 228.226454 36
025 238.056000 239.680963 28
026 248.056000 248.570551 24
027 258.311000 258.570551 0
028 268.392000 269.655730 10
029 278.457000 278.025366 20
030 288.680000 288.433070 16
031 299.265000 299.500979 24
032 309.265000 309.235433 26
033 319.460000 319.090042 8
034 329.886000 329.090042 0
035 331.489000 339.090042 0
036 341.050000 307.484788 9
037 352.269000 367.279632 13
038 362.269000 369.758792 10
039 372.483000 379.758792 0
040 382.483000 382.846593 19
041 392.844000 391.158513 19
042 403.556000 403.648803 20
043 414.326000 413.648803 0
044 424.449000 424.032156 25
045 434.768000 434.435550 22
046 444.768000 444.435550 0
047 452.651000 454.435550 0
048 462.775000 462.076435 10
049 472.194000 472.311701 8
050 482.194000 482.321008 14
051 491.877000 493.473929 21
052 501.624000 502.026194 22
053 511.427000 511.375476 20
054 520.978000 520.574692 20
055 530.978000 530.839020 13
056 541.619000 541.589246 14
057 550.842000 551.589246 0
058 560.228000 562.506647 13
059 569.286000 572.506647 0
060 578.659000 578.005173 13
061 588.915000 589.252697 18
062 598.555000 599.252697 0
063 608.681000 608.181404 17
064 619.259000 618.924369 35
065 628.721000 628.232837 21
066 638.369000 637.527382 8
067 647.991000 647.527382 0
068 657.851000 657.527382 0
069 666.916000 666.540075 23
070 675.899000 676.144306 17
071 685.573000 685.512052 25
072 695.248000 695.352092 22
073 705.586000 705.757752 24
074 715.395000 715.757752 0
075 725.261000 725.237434 25
076 734.717000 734.148039 15
077 745.217000 744.995659 20
078 755.217000 755.226511 22
079 764.858000 764.367467 15
080 774.506000 774.367467 0
081 785.429000 784.367467 0
082 796.513000 796.747243 28
083 806.746000 806.801935 15
084 816.819000 816.873522 15
085 826.819000 826.756562 31
086 836.249000 836.756562 0
087 846.163000 845.849421 15
088 856.163000 856.657174 8
089 864.873000 864.949887 12
090 873.220000 873.247213 24
091 883.027000 884.094713 13
092 892.860000 892.028759 13
093 902.860000 903.251648 19
094 912.210000 911.574154 18
095 921.433000 921.574154 0
096 931.433000 931.532822 24
097 940.742000 940.752474 12
098 949.547000 948.632168 16
099 958.617000 959.768091 15
100 968.324000 968.219482 19
101 977.329000 977.491546 23
102 987.329000 987.848470 28
103 997.595000 997.848470 0
104 1007.336000 1007.088147 12
105 1017.463000 1017.088147 0
106 1028.014000 1027.088147 0
107 1037.881000 1037.088147 0
108 1046.619000 1046.972389 24
109 1056.878000 1057.350274 19
110 1066.607000 1066.124089 15
111 1076.607000 1076.124089 0
112 1085.691000 1085.717591 11
113 1095.691000 1095.539587 28
114 1104.986000 1104.916368 20
115 1115.086000 1115.038168 26
116 1124.734000 1124.398947 20
117 1133.904000 1133.577905 20
118 1143.738000 1143.595405 32
119 1153.068000 1153.517963 12
120 1162.582000 1162.655500 14
121 1172.470000 1171.968928 15
122 1181.693000 1181.530413 12
123 1191.553000 1191.530413 0
124 1201.148000 1201.447042 22
125 1211.148000 1211.447042 0
126 1220.338000 1220.448642 9
127 1229.986000 1229.876442 9
128 1239.076000 1240.022044 19
129 1249.076000 1250.022044 0
130 1257.800000 1260.022044 0
131 1267.668000 1268.580437 10
132 1278.014000 1278.353930 20
133 1288.014000 1288.055983 12
134 1297.789000 1298.044993 17
135 1307.517000 1308.044993 0
136 1317.517000 1318.044993 0
137 1327.250000 1328.057025 12
138 1336.985000 1337.063556 36
139 1346.985000 1347.411178 24
140 1356.581000 1356.076413 18
141 1365.299000 1396.087497 10
142 1375.105000 1341.892668 13
143 1385.579000 1351.892668 0
144 1395.579000 1395.651247 27
145 1405.579000 1405.809055 27
146 1415.931000 1416.229440 20
147 1425.340000 1423.949294 10
148 1434.351000 1433.949294 0
149 1443.813000 1443.949294 0
150 1453.703000 1453.700599 28
151 1463.450000 1463.196471 9
152 1471.333000 1473.196471 0
153 1481.566000 1483.196471 0
154 1491.044000 1490.918064 28
155 1500.579000 1500.968057 9
156 1510.173000 1508.437793 12
157 1520.607000 1518.437793 0
158 1530.868000 1531.002694 13
159 1540.607000 1540.635388 11
160 1549.968000 1571.200348 8
161 1560.345000 1560.503332 19
162 1570.539000 1569.465952 11
163 1579.858000 1579.996105 14
164 1589.858000 1589.996105 0
165 1599.858000 1599.996105 0
166 1610.086000 1609.996105 0
167 1620.615000 1620.912877 19
168 1631.827000 1635.792794 8
169 1641.168000 1640.828390 24
170 1651.300000 1650.788760 15
171 1663.636000 1660.788760 0
172 1672.749000 1672.649426 28
173 1683.172000 1682.649426 0
174 1693.095000 1693.607831 20
175 1702.956000 1703.123947 29
176 1713.607000 1711.949431 15
177 1724.031000 1724.478999 12
178 1734.031000 1732.857614 13
179 1742.838000 1743.104833 20
180 1752.449000 1751.773065 10
181 1760.542000 1760.672519 13
182 1770.715000 1772.010779 13
183 1780.992000 1782.010779 0
184 1790.832000 1790.796960 18
185 1800.832000 1800.495945 10
186 1810.721000 1811.190618 25
187 1820.617000 1820.812362 10
188 1830.360000 1830.048103 34
189 1840.013000 1839.774297 27
190 1849.209000 1849.774297 0
191 1860.090000 1859.774297 0
192 1869.680000 1869.936151 8
193 1879.478000 1880.235576 16
194 1889.402000 1889.212359 25
195 1899.097000 1898.558755 17
196 1908.417000 1908.558755 0
197 1917.757000 1919.199514 9
198 1926.911000 1927.382793 24
199 1937.293000 1937.678159 17
200 1946.883000 1946.569409 17
201 1954.809000 1956.569409 0
202 1964.620000 1954.009485 8
203 1974.782000 1964.009485 0
204 1985.579000 1985.865338 20
205 1995.308000 1995.406813 17
206 2005.308000 2005.638132 10
207 2015.204000 2015.638132 0
208 2024.919000 2023.830162 21
209 2034.823000 2033.830162 0
210 2044.823000 2045.658677 27
211 2053.733000 2055.658677 0
212 2065.736000 2065.885514 23
213 2075.432000 2075.219712 26
214 2085.432000 2085.873000 19
215 2095.640000 2124.271612 8
216 2105.535000 2134.271612 0
217 2116.249000 2144.271612 0
218 2125.944000 2126.460868 27
219 2135.944000 2136.540349 19
220 2146.477000 2146.214650 16
221 2156.339000 2156.379881 9
222 2166.172000 2165.910240 24
223 2176.248000 2175.910240 0
224 2185.589000 2185.910240 0
225 2195.326000 2195.673068 20
226 2205.520000 2204.591853 21
227 2217.024000 2218.093148 15
228 2227.821000 2227.112190 18
229 2237.286000 2237.082085 32
230 2246.071000 2245.425668 12
231 2256.071000 2253.290341 10
232 2265.092000 2264.027940 13
233 2275.092000 2274.027940 0
234 2284.908000 2284.801132 22
235 2294.908000 2295.520251 26
236 2304.609000 2304.807492 23
237 2314.609000 2314.807492 0
238 2324.304000 2324.030012 14
239 2334.304000 2332.754658 11
240 2344.486000 2344.449348 17
241 2353.057000 2354.449348 0
242 2362.985000 2362.811696 10
243 2372.520000 2372.608966 28
244 2381.683000 2380.068324 12
245 2392.797000 2391.235280 14
246 2402.524000 2402.658783 20
247 2412.524000 2412.535392 33
248 2422.603000 2422.549144 19
249 2432.623000 2432.544487 25
250 2442.623000 2442.369406 27
251 2451.774000 2452.325095 30
252 2461.676000 2462.325095 0
253 2470.754000 2471.883594 17
254 2481.214000 2480.391822 25
255 2491.098000 2489.762282 8
256 2500.447000 2500.084653 17
257 2509.765000 2509.656930 22
258 2518.890000 2520.469431 10
259 2529.280000 2529.945729 10
260 2538.944000 2539.148285 26
261 2548.529000 2548.864698 18
262 2558.036000 2557.708868 9
263 2567.093000 2567.006127 12
264 2575.836000 2577.006127 0
265 2585.931000 2585.965984 16
266 2595.244000 2595.383570 14
267 2605.244000 2605.310978 18
268 2615.042000 2614.881062 24
269 2624.843000 2623.084885 14
270 2635.057000 2633.084885 0
271 2645.270000 2645.428637 23
272 2654.752000 2655.428637 0
273 2664.938000 2664.830959 15
274 2674.439000 2674.050109 14
275 2684.201000 2684.125382 12
276 2693.355000 2693.458229 16
277 2703.021000 2703.897439 11
278 2712.409000 2712.582607 15
279 2722.955000 2722.866925 29
280 2733.351000 2733.258860 29
281 2743.508000 2743.393831 13
282 2753.438000 2753.407254 13
283 2763.906000 2763.407254 0
284 2774.276000 2774.167849 20
285 2783.156000 2783.135331 27
286 2792.350000 2791.400430 12
287 2802.543000 2801.859244 9
288 2812.446000 2811.859244 0
289 2821.794000 2825.649519 9
290 2830.771000 2835.649519 0
291 2841.083000 2845.649519 0
292 2851.257000 2850.747739 11
293 2861.257000 2860.607156 11
294 2871.591000 2870.607156 0
295 2880.480000 2880.607156 0
296 2890.480000 2890.217217 11
297 2900.383000 2900.464969 18
298 2910.232000 2910.409000 10
299 2920.525000 2920.788421 14
300 2930.148000 2930.277911 32
301 2939.843000 2940.123421 19
302 2949.985000 2949.997169 12
303 2959.411000 2960.628707 9
304 2969.411000 2968.880275 20
305 2979.660000 2978.880275 0
306 2989.373000 2988.880275 0
307 2999.373000 2998.880275 0
308 3009.156000 3008.880275 0
309 3018.995000 3019.559719 15
310 3028.707000 3028.815602 16
311 3038.277000 3037.301589 11
312 3046.041000 3045.442505 12
313 3054.913000 3055.442505 0
314 3064.767000 3065.208640 8
315 3074.767000 3074.109757 20
316 3084.516000 3084.458486 11
317 3092.780000 3092.576175 17
318 3102.278000 3101.962966 21
319 3113.010000 3113.037453 22
320 3122.474000 3123.037453 0
321 3132.329000 3132.225473 24
322 3140.879000 3140.230281 19
323 3150.790000 3150.291108 14
324 3160.555000 3159.704211 19
325 3169.624000 3169.704211 0
326 3177.834000 3179.704211 0
327 3187.548000 3187.340231 21
328 3198.656000 3198.943512 20
329 3208.441000 3208.041126 19
330 3217.491000 3217.914237 18
331 3228.026000 3227.914237 0
332 3238.294000 3237.914237 0
333 3248.222000 3247.914237 0
334 3258.222000 3258.291679 29
335 3267.432000 3266.917299 19
336 3277.002000 3276.718668 29
337 3287.002000 3286.821157 10
338 3297.002000 3296.821157 0
339 3307.002000 3308.821683 23
340 3316.855000 3318.821683 0
341 3326.855000 3328.557651 21
342 3335.816000 3335.684504 14
343 3346.780000 3345.597549 12
344 3357.496000 3357.730756 13
345 3367.780000 3367.775030 31
346 3377.690000 3377.487721 9
347 3387.331000 3387.595133 16
348 3397.331000 3397.496560 17
349 3403.895000 3404.055452 11
350 3413.895000 3412.072802 9
351 3423.625000 3423.916104 19
352 3434.501000 3435.301835 10
353 3444.227000 3444.096017 20
354 3454.999000 3454.821393 16
355 3464.135000 3464.532158 30
356 3474.135000 3474.532158 0
357 3484.135000 3484.239038 16
358 3493.815000 3494.198557 25
359 3503.474000 3503.314324 18
360 3513.133000 3512.761568 23
361 3522.614000 3522.636343 26
362 3532.614000 3531.130288 12
363 3540.698000 3540.920814 13
364 3549.319000 3568.489892 9
365 3560.035000 3578.489892 0
366 3570.427000 3588.489892 0
367 3579.853000 3580.214542 23
368 3588.868000 3586.559483 13
369 3597.758000 3598.079027 19
370 3608.598000 3608.079027 0
371 3619.205000 3620.513192 12
372 3630.495000 3630.430080 18
373 3639.841000 3639.895737 26
374 3650.150000 3649.895737 0
375 3658.773000 3659.895737 0
376 3669.988000 3669.895737 0
377 3675.443000 3679.895737 0
378 3686.082000 3686.407812 35
379 3696.082000 3696.407812 0
380 3707.480000 3710.813749 18
381 3717.480000 3711.158029 24
382 3727.480000 3712.988999 16
383 3737.086000 3722.988999 0
384 3746.943000 3732.988999 0
385 3756.241000 3757.101510 24
386 3766.400000 3766.403125 20
387 3776.400000 3760.843113 12
388 3786.400000 3786.504494 16
389 3795.665000 3795.447637 20
390 3803.874000 3803.419669 16
391 3813.588000 3813.992209 22
392 3823.819000 3823.546508 16
393 3833.460000 3833.546508 0
394 3842.278000 3842.441089 24
395 3852.672000 3852.765323 17
396 3863.100000 3863.193194 8
397 3873.868000 3875.162567 13
398 3883.688000 3883.089920 15
399 3892.560000 3892.652932 34
400 3903.079000 3903.012448 25
401 3913.113000 3912.888399 11
402 3922.683000 3922.142060 20
403 3932.467000 3932.470051 19
404 3942.324000 3942.470051 0
405 3950.945000 3951.029179 14
406 3960.478000 3960.640024 17
407 3970.818000 3970.640024 0
408 3980.709000 3980.640024 0
409 3987.524000 3988.578160 11
410 3997.721000 3998.185090 33
411 4007.827000 4007.375128 14
412 4017.827000 4017.375128 0
413 4027.055000 4026.526721 22
414 4036.481000 4037.083617 18
415 4046.481000 4046.087149 11
416 4055.175000 4055.787420 21
417 4064.458000 4063.499192 9
418 4073.867000 4073.499192 0
419 4082.614000 4083.499192 0
420 4093.775000 4094.509932 8
421 4102.647000 4102.958705 20
422 4111.877000 4111.520568 14
423 4121.715000 4121.473687 24
424 4130.747000 4151.925912 8
425 4140.193000 4140.273009 26
426 4150.031000 4150.318911 11
427 4159.457000 4160.318911 0
428 4170.041000 4169.787502 23
429 4179.827000 4179.632447 37
430 4189.240000 4189.093491 18
431 4198.753000 4199.571316 22
432 4208.351000 4208.236956 31
433 4217.789000 4217.970425 18
434 4227.286000 4226.342900 12
435 4236.999000 4237.020826 23
436 4244.888000 4245.216849 20
437 4254.888000 4253.994273 21
438 4264.439000 4263.994273 0
439 4274.258000 4274.446286 26
440 4284.043000 4284.252716 21
441 4294.402000 4294.429722 21
442 4303.916000 4303.786768 37
443 4313.916000 4311.015051 11
444 4323.916000 4327.625833 9
445 4333.452000 4333.968993 23
446 4343.452000 4343.955294 19
447 4353.696000 4351.930271 20
448 4363.535000 4363.751603 23
449 4373.659000 4373.751603 0
450 4384.141000 4383.751603 0
451 4393.800000 4393.657072 18
452 4403.011000 4403.142422 13
453 4412.922000 4412.257834 15
454 4421.741000 4421.094590 25
455 4431.202000 4431.094590 0
456 4440.558000 4441.271547 26
457 4450.718000 4451.625569 21
458 4460.914000 4460.962032 15
459 4468.980000 4468.999392 17
460 4477.834000 4476.664042 15
461 4487.834000 4524.189874 13
462 4496.760000 4510.531743 9
463 4505.714000 4520.531743 0
464 4514.669000 4539.534837 9
465 4522.896000 4549.534837 0
466 4532.554000 4577.334622 10
467 4540.771000 4541.289382 16
468 4549.692000 4549.786268 32
469 4558.663000 4561.254615 11
470 4568.567000 4575.298613 14
471 4579.446000 4577.534298 12
472 4586.385000 4587.018444 24
473 4596.676000 4597.288790 16
474 4606.008000 4605.437772 20
475 4615.820000 4615.437772 0
476 4624.232000 4625.437772 0
477 4633.843000 4633.921335 22
478 4643.506000 4643.510405 29
479 4652.917000 4652.491312 15
480 4662.917000 4662.858185 28
481 4672.917000 4672.773725 32
