001 0.000000 0.206462 46
002 10.000000 9.891242 18
003 20.000000 19.891242 0
004 30.000000 27.822113 11
005 39.500000 39.312369 21
006 49.500000 48.882392 30
007 59.500000 59.836159 28
008 69.500000 69.510967 46
009 79.500000 78.908388 39
010 89.500000 89.505199 53
011 99.500000 99.499363 49
012 109.500000 109.060815 54
013 119.495000 119.472382 47
014 129.495000 129.538074 52
015 139.495000 139.500198 45
016 149.495000 149.319934 55
017 159.495000 159.281392 48
018 169.495000 169.337170 52
019 179.496000 179.465782 58
020 189.496000 189.594248 68
021 199.496000 199.434997 60
022 209.496000 209.318530 66
023 219.496000 218.921868 33
024 229.496000 230.921187 18
025 239.496000 240.586198 30
026 249.496000 249.489995 15
027 257.833000 259.340281 11
028 268.070000 268.734110 16
029 278.273000 276.768174 19
030 288.681000 278.223575 9
031 299.870000 302.495003 20
032 309.155000 309.465482 20
033 319.459000 319.465482 0
034 327.623000 329.465482 0
035 333.710000 333.631032 10
036 343.710000 401.714217 9
037 353.913000 411.714217 0
038 362.483000 367.487054 9
039 374.999000 375.883465 13
040 385.304000 385.821674 16
041 395.507000 394.046587 16
042 405.814000 403.763047 24
043 416.151000 395.163442 9
044 426.151000 426.243396 19
045 436.526000 436.267438 31
046 446.591000 446.020386 12
047 454.821000 454.478221 22
048 464.821000 461.310677 8
049 473.425000 471.310677 0
050 483.288000 483.296225 33
051 493.185000 492.724742 33
052 502.674000 501.717185 19
053 512.129000 511.717185 0
054 521.822000 521.010599 11
055 532.195000 531.010599 0
056 540.665000 563.205373 8
057 550.665000 573.205373 0
058 560.936000 562.877510 21
059 570.219000 570.074399 18
060 580.219000 579.146254 22
061 590.965000 589.410599 21
062 600.454000 600.819999 10
063 610.340000 611.481667 17
064 620.425000 621.610162 42
065 630.553000 630.634341 17
066 641.140000 679.777220 8
067 650.220000 689.777220 0
068 660.064000 659.780494 21
069 670.064000 670.485691 15
070 679.938000 679.475376 16
071 689.580000 690.096008 17
072 699.835000 699.919005 16
073 709.835000 709.919005 0
074 719.292000 719.919005 0
075 729.031000 729.919005 0
076 738.875000 739.888809 19
077 748.746000 748.659935 12
078 758.152000 758.659935 0
079 767.529000 768.659935 0
080 777.609000 778.659935 0
081 787.844000 789.243365 11
082 798.130000 866.836973 10
083 808.001000 808.866081 16
084 818.288000 819.186520 15
085 828.471000 828.638771 18
086 837.900000 838.638771 0
087 848.134000 848.813254 18
088 857.721000 857.196875 17
089 866.734000 866.319483 22
090 875.852000 876.556507 18
091 885.852000 886.052251 17
092 894.867000 871.079855 9
093 904.998000 905.141427 20
094 914.582000 914.698073 14
095 924.168000 924.989547 20
096 934.168000 934.251481 20
097 943.521000 943.506324 12
098 952.743000 953.506324 0
099 962.718000 915.093706 10
100 972.147000 972.382571 22
101 982.147000 982.446923 20
102 991.915000 991.738956 13
103 1002.124000 1001.738956 0
104 1012.593000 1011.738956 0
105 1022.696000 1021.738956 0
106 1032.179000 1032.047536 17
107 1041.271000 1041.361256 21
108 1051.090000 1051.139900 22
109 1061.324000 1061.949292 10
110 1071.092000 1071.436625 21
111 1081.067000 1081.436625 0
112 1090.341000 1093.494208 8
113 1100.264000 1165.636409 14
114 1110.601000 1110.778851 25
115 1120.188000 1120.778851 0
116 1129.695000 1130.778851 0
117 1139.543000 1141.602465 10
118 1148.939000 1149.721684 15
119 1159.306000 1222.107234 9
120 1168.955000 1169.744603 11
121 1178.580000 1178.988179 20
122 1188.580000 1238.806339 10
123 1198.222000 1198.529873 17
124 1208.379000 1214.725904 12
125 1218.491000 1220.682297 11
126 1228.491000 1227.555313 14
127 1237.938000 1237.786995 22
128 1248.097000 1247.786995 0
129 1257.411000 1257.377383 10
130 1267.338000 1268.124646 9
131 1277.474000 1278.115991 23
132 1287.371000 1285.782062 15
133 1295.957000 1296.097696 10
134 1306.140000 1307.134285 18
135 1316.557000 1317.134285 0
136 1325.905000 1326.176472 15
137 1336.205000 1338.385550 13
138 1346.205000 1345.870646 23
139 1355.472000 1355.636366 13
140 1365.786000 1363.500111 19
141 1375.106000 1377.738275 9
142 1384.732000 1387.738275 0
143 1394.373000 1394.954638 31
144 1403.969000 1404.049394 34
145 1413.772000 1413.865218 9
146 1423.807000 1423.865218 0
147 1432.759000 1433.865218 0
148 1442.185000 1442.476456 22
149 1452.185000 1452.297457 28
150 1461.552000 1462.297457 0
151 1469.403000 1472.297457 0
152 1481.218000 1481.061306 13
153 1491.130000 1491.978068 13
154 1501.296000 1501.175285 9
155 1511.430000 1511.701634 10
156 1521.754000 1519.918332 12
157 1531.842000 1529.918332 0
158 1540.884000 1538.100040 10
159 1551.794000 1551.428472 25
160 1561.076000 1563.428785 11
161 1570.996000 1570.797334 9
162 1580.996000 1581.134311 32
163 1590.875000 1591.134311 0
164 1600.220000 1601.929128 8
165 1609.660000 1611.929128 0
166 1616.952000 1617.654246 14
167 1627.628000 1628.380777 9
168 1638.073000 1637.807587 14
169 1647.976000 1648.902480 12
170 1659.699000 1658.902480 0
171 1669.718000 1669.977007 24
172 1680.298000 1681.153548 20
173 1690.007000 1690.329781 17
174 1700.007000 1699.931735 29
175 1710.047000 1710.601396 11
176 1719.833000 1720.050501 13
177 1729.931000 1728.903664 13
178 1740.105000 1740.324094 14
179 1750.008000 1750.101142 30
180 1759.659000 1759.104228 23
181 1768.983000 1769.229464 9
182 1778.325000 1774.310176 12
183 1786.836000 1821.288716 8
184 1796.991000 1831.288716 0
185 1806.991000 1807.001282 27
186 1817.339000 1816.564854 11
187 1826.856000 1826.455388 39
188 1836.740000 1837.019756 19
189 1847.455000 1847.019756 0
190 1858.635000 1857.019756 0
191 1868.326000 1869.514362 28
192 1878.248000 1877.404247 19
193 1887.920000 1887.084035 13
194 1897.340000 1897.140226 20
195 1905.560000 1953.014221 9
196 1915.773000 1963.014221 0
197 1925.308000 1925.321390 27
198 1935.308000 1935.303827 12
199 1945.308000 1945.274164 19
200 1955.077000 1955.568169 14
201 1964.709000 1965.568169 0
202 1974.265000 1975.568169 0
203 1984.091000 1984.462468 20
204 1994.419000 1994.462468 0
205 2003.917000 2003.797619 13
206 2014.342000 2013.797619 0
207 2024.342000 2023.797619 0
208 2034.748000 2033.797619 0
209 2044.497000 2045.049981 16
210 2052.930000 2053.130873 8
211 2063.510000 2062.868693 31
212 2073.510000 2072.546672 15
213 2083.181000 2083.382483 19
214 2092.775000 2093.382483 0
215 2102.699000 2102.966278 17
216 2113.085000 2113.390563 10
217 2122.582000 2122.931886 19
218 2132.582000 2132.636769 15
219 2142.621000 2142.678503 12
220 2152.621000 2155.927074 14
221 2162.408000 2114.755571 8
222 2171.964000 2170.616648 21
223 2181.132000 2180.711257 15
224 2192.079000 2192.865068 9
225 2201.906000 2201.881226 26
226 2212.564000 2212.091076 14
227 2222.486000 2222.894437 22
228 2231.635000 2231.587199 20
229 2240.552000 2239.318184 12
230 2248.869000 2248.764439 11
231 2259.720000 2259.930585 10
232 2269.584000 2268.809839 14
233 2279.663000 2282.495161 9
234 2289.295000 2290.558373 17
235 2299.140000 2298.398089 29
236 2308.309000 2308.245481 20
237 2318.309000 2318.245481 0
238 2328.433000 2329.376147 16
239 2338.700000 2338.861191 21
240 2348.841000 2348.861191 0
241 2357.638000 2358.300447 10
242 2367.556000 2366.527799 11
243 2377.556000 2377.214524 12
244 2387.492000 2387.082878 32
245 2397.492000 2397.082878 0
246 2407.245000 2407.196039 26
247 2416.888000 2416.967944 20
248 2426.625000 2425.891680 28
249 2436.625000 2436.415620 29
250 2446.625000 2446.415620 0
251 2455.791000 2456.415620 0
252 2465.563000 2465.669258 13
253 2475.219000 2475.259538 27
254 2484.752000 2484.732463 20
255 2494.345000 2496.028757 9
256 2503.590000 2503.805714 14
257 2513.327000 2510.925912 14
258 2522.425000 2511.150799 11
259 2532.425000 2533.117438 21
260 2542.010000 2542.936087 14
261 2551.132000 2551.617718 21
262 2560.594000 2606.720753 9
263 2569.813000 2567.156315 9
264 2579.056000 2613.867227 12
265 2588.033000 2588.710545 20
266 2597.181000 2597.530322 9
267 2607.181000 2608.859359 12
268 2616.802000 2616.023176 20
269 2625.949000 2625.623038 33
270 2635.336000 2616.588707 8
271 2645.336000 2645.189009 20
272 2654.752000 2654.403349 16
273 2664.938000 2664.996837 13
274 2673.879000 2672.870379 22
275 2684.329000 2681.244162 8
276 2693.608000 2693.576993 25
277 2703.396000 2703.389475 20
278 2712.325000 2713.316792 15
279 2723.233000 2723.890530 21
280 2733.586000 2733.507885 19
281 2743.313000 2743.170675 22
282 2753.123000 2791.194585 8
283 2760.110000 2763.373480 11
284 2770.319000 2770.359448 9
285 2780.069000 2779.945103 25
286 2790.069000 2789.619032 19
287 2800.298000 2799.619032 0
288 2810.104000 2809.904421 20
289 2819.480000 2819.936438 16
290 2829.025000 2831.300000 11
291 2839.102000 2840.098634 20
292 2849.021000 2850.478186 10
293 2858.916000 2860.478186 0
294 2869.329000 2848.384416 11
295 2877.668000 2878.017585 26
296 2887.442000 2887.781288 27
297 2897.795000 2897.203254 15
298 2907.293000 2967.658154 8
299 2917.175000 2917.922273 38
300 2926.998000 2927.922273 0
301 2935.746000 2937.922273 0
302 2945.436000 2947.922273 0
303 2955.356000 2955.415276 16
304 2964.522000 2964.286411 11
305 2974.983000 2973.478482 16
306 2985.603000 2984.984740 17
307 2995.729000 2974.437288 8
308 3006.629000 2952.312410 9
309 3014.953000 3016.456666 14
310 3024.823000 3024.883504 28
311 3034.477000 3034.098534 9
312 3043.168000 3043.967077 16
313 3051.342000 3051.161044 22
314 3061.468000 3061.670421 19
315 3071.381000 3070.785288 17
316 3080.242000 3079.632484 18
317 3090.518000 3089.668968 20
318 3099.379000 3100.150438 32
319 3109.614000 3109.260453 23
320 3119.010000 3119.260453 0
321 3128.279000 3128.389831 34
322 3137.870000 3137.160412 21
323 3146.021000 3146.033054 24
324 3155.866000 3155.548853 39
325 3165.193000 3165.548853 0
326 3174.701000 3175.548853 0
327 3184.357000 3184.498103 8
328 3194.357000 3195.325105 13
329 3204.267000 3204.551385 14
330 3213.801000 3214.669543 18
331 3224.560000 3224.392056 24
332 3234.264000 3234.392056 0
333 3244.615000 3244.222049 19
334 3253.814000 3254.270892 14
335 3263.814000 3264.110675 13
336 3273.940000 3274.654734 14
337 3283.138000 3284.654734 0
338 3294.383000 3294.654734 0
339 3302.959000 3304.654734 0
340 3312.556000 3311.897683 25
341 3323.005000 3327.685052 14
342 3334.161000 3332.745033 17
343 3344.480000 3344.372009 21
344 3354.582000 3355.807473 12
345 3364.582000 3365.807473 0
346 3374.424000 3374.447866 14
347 3384.424000 3384.348229 11
348 3394.511000 3394.750115 23
349 3404.275000 3401.732029 8
350 3414.420000 3411.732029 0
351 3423.839000 3425.602186 8
352 3434.227000 3435.602186 0
353 3443.973000 3443.645807 13
354 3454.135000 3453.111793 25
355 3463.796000 3463.874724 29
356 3473.317000 3506.635730 9
357 3483.002000 3516.635730 0
358 3491.710000 3492.688088 11
359 3501.231000 3501.354209 19
360 3511.079000 3511.820556 24
361 3520.698000 3520.678720 21
362 3530.154000 3526.278459 14
363 3539.741000 3539.428812 25
364 3549.838000 3550.971013 10
365 3559.823000 3559.642034 10
366 3571.457000 3571.558146 15
367 3581.369000 3579.433702 8
368 3590.500000 3589.433702 0
369 3600.241000 3599.599101 14
370 3610.648000 3609.599101 0
371 3620.496000 3619.599101 0
372 3631.869000 3631.666841 16
373 3640.968000 3641.084887 17
374 3651.042000 3651.084887 0
375 3660.726000 3661.084887 0
376 3667.063000 3671.084887 0
377 3675.057000 3681.084887 0
378 3686.171000 3686.849102 17
379 3694.652000 3696.849102 0
380 3705.060000 3706.849102 0
381 3715.001000 3711.450705 12
382 3725.044000 3725.117680 11
383 3733.674000 3735.117680 0
384 3743.809000 3743.432113 11
385 3753.461000 3752.899425 18
386 3763.193000 3762.885876 18
387 3772.288000 3772.885876 0
388 3781.697000 3782.226267 20
389 3791.239000 3791.277062 29
390 3799.153000 3799.408381 9
391 3809.153000 3808.982904 10
392 3818.946000 3818.310317 16
393 3828.946000 3826.711398 13
394 3839.290000 3840.436922 20
395 3849.127000 3850.436922 0
396 3859.366000 3865.395103 9
397 3869.880000 3870.001988 11
398 3879.793000 3879.549898 19
399 3889.165000 3888.966543 15
400 3898.538000 3899.266315 14
401 3908.473000 3909.266315 0
402 3918.296000 3918.354327 24
403 3928.034000 3926.848649 20
404 3937.025000 3937.296730 22
405 3945.670000 3943.240583 14
406 3954.797000 3953.240583 0
407 3963.756000 3967.462707 12
408 3975.048000 3975.592689 20
409 3981.645000 3985.592689 0
410 3992.690000 3993.025220 31
411 4002.457000 4001.020627 17
412 4011.982000 3995.208822 9
413 4021.430000 4021.667169 16
414 4030.624000 4029.934364 15
415 4040.513000 4039.674452 11
416 4049.727000 4048.060235 16
417 4058.371000 4056.153113 12
418 4068.258000 4067.722963 24
419 4076.974000 4051.312885 9
420 4085.661000 4061.312885 0
421 4096.585000 4097.956775 16
422 4105.894000 4106.269124 25
423 4115.448000 4115.294440 15
424 4123.311000 4121.959589 17
425 4132.804000 4131.959589 0
426 4142.148000 4141.633712 24
427 4151.574000 4151.633712 0
428 4160.897000 4160.737023 15
429 4170.041000 4170.737023 0
430 4180.202000 4180.149530 13
431 4189.466000 4189.842055 21
432 4198.878000 4199.306780 13
433 4208.352000 4209.711937 20
434 4218.124000 4219.402274 21
435 4228.124000 4227.693160 24
436 4237.399000 4237.426639 15
437 4245.914000 4246.147534 21
438 4255.326000 4252.857511 12
439 4264.948000 4265.088773 13
440 4274.331000 4274.664460 15
441 4284.331000 4285.034839 14
442 4294.866000 4294.732339 18
443 4304.488000 4304.527657 28
444 4314.081000 4314.839364 13
445 4323.524000 4324.839364 0
446 4333.314000 4333.547296 23
447 4342.679000 4342.627815 26
448 4351.252000 4351.352173 17
449 4361.175000 4361.352173 0
450 4371.247000 4371.352173 0
451 4380.061000 4381.352173 0
452 4388.724000 4388.562544 10
453 4397.957000 4398.627671 11
454 4408.286000 4409.171529 16
455 4418.401000 4418.366169 42
456 4427.665000 4428.366169 0
457 4437.586000 4437.970139 24
458 4447.586000 4449.007571 18
459 4457.586000 4458.020229 29
460 4466.965000 4466.835229 38
461 4476.557000 4472.861964 8
462 4485.941000 4481.823403 9
463 4495.941000 4491.823403 0
464 4504.556000 4501.823403 0
465 4514.556000 4515.257870 18
466 4524.310000 4604.447729 12
467 4532.555000 4532.644107 9
468 4542.555000 4539.982984 10
469 4551.201000 4551.112053 18
470 4561.332000 4567.459346 10
471 4572.125000 4573.718942 8
472 4581.268000 4583.718942 0
473 4590.771000 4590.944594 17
474 4600.003000 4600.944594 0
475 4610.003000 4608.240785 19
476 4619.399000 4579.592788 8
477 4627.343000 4589.592788 0
478 4636.335000 4636.378351 30
479 4646.109000 4645.537336 21
480 4655.421000 4655.528253 27
481 4665.421000 4668.928620 23
