001 0.000000 0.263919 48
002 10.000000 9.501281 18
003 20.000000 19.501281 0
004 30.000000 31.525282 16
005 39.500000 40.090319 17
006 49.500000 49.034736 28
007 59.500000 59.741039 29
008 69.500000 69.455597 46
009 79.500000 78.914423 39
010 89.500000 89.506674 52
011 99.500000 99.498679 48
012 109.500000 108.803699 51
013 119.495000 119.478240 55
014 129.495000 129.539474 52
015 139.495000 139.495373 49
016 149.495000 149.324836 56
017 159.495000 159.309868 49
018 169.495000 169.342871 54
019 179.496000 179.425065 60
020 189.496000 189.446351 67
021 199.496000 199.434971 60
022 209.496000 209.385947 67
023 219.496000 218.934701 33
024 229.496000 231.167865 18
025 239.496000 240.657334 32
026 249.496000 249.609153 13
027 257.833000 259.061799 14
028 268.070000 268.498913 13
029 278.273000 276.538184 19
030 288.681000 276.963381 10
031 299.870000 302.333221 18
032 309.155000 309.503771 20
033 319.459000 319.503771 0
034 327.623000 329.503771 0
035 333.710000 333.087552 8
036 343.710000 323.914682 9
037 353.913000 333.914682 0
038 362.483000 367.245778 9
039 374.999000 375.298312 13
040 385.304000 385.809469 17
041 395.507000 394.056100 14
042 405.814000 403.625626 25
043 416.151000 393.069770 10
044 426.151000 426.243979 18
045 436.526000 436.306776 31
046 446.591000 446.075499 9
047 454.821000 454.250045 22
048 464.821000 464.015839 11
049 473.425000 474.015839 0
050 483.288000 483.294789 36
051 493.185000 492.610400 31
052 502.674000 502.606963 24
053 512.129000 512.606963 0
054 521.822000 520.729847 10
055 532.195000 530.729847 0
056 540.665000 562.946440 8
057 550.665000 572.946440 0
058 560.936000 562.615466 19
059 570.219000 570.094742 19
060 580.219000 579.320225 20
061 590.965000 589.405976 21
062 600.454000 600.819999 10
063 610.340000 611.568466 16
064 620.425000 621.302926 38
065 630.553000 630.920334 16
066 641.140000 640.920334 0
067 650.220000 650.920334 0
068 660.064000 659.895707 18
069 670.064000 670.310742 14
070 679.938000 679.620079 15
071 689.580000 689.644834 18
072 699.835000 699.915730 16
073 709.835000 757.968816 8
074 719.292000 671.136187 10
075 729.031000 729.071338 12
076 738.875000 739.531774 16
077 748.746000 748.658606 14
078 758.152000 757.957887 11
079 767.529000 812.518517 9
080 777.609000 822.518517 0
081 787.844000 789.295116 11
082 798.130000 863.564956 8
083 808.001000 808.510015 15
084 818.288000 819.187180 15
085 828.471000 828.561545 20
086 837.900000 838.561545 0
087 848.134000 849.158909 19
088 857.721000 857.199222 15
089 866.734000 865.926147 23
090 875.852000 876.600003 20
091 885.852000 886.093561 15
092 894.867000 870.449611 9
093 904.998000 905.141427 20
094 914.582000 914.698073 14
095 924.168000 925.006471 19
096 934.168000 934.253379 20
097 943.521000 943.149982 11
098 952.743000 953.149982 0
099 962.718000 914.243779 9
100 972.147000 972.653785 21
101 982.147000 982.512515 20
102 991.915000 991.440715 16
103 1002.124000 1002.399556 8
104 1012.593000 1012.399556 0
105 1022.696000 1022.399556 0
106 1032.179000 1031.967858 20
107 1041.271000 1041.361256 21
108 1051.090000 1051.210268 22
109 1061.324000 1060.561064 12
110 1071.092000 1071.437352 22
111 1081.067000 1079.865867 8
112 1090.341000 1091.568474 8
113 1100.264000 1165.562152 15
114 1110.601000 1110.566251 28
115 1120.188000 1120.566251 0
116 1129.695000 1130.566251 0
117 1139.543000 1141.652869 10
118 1148.939000 1149.387277 13
119 1159.306000 1159.180852 8
120 1168.955000 1170.662701 10
121 1178.580000 1178.773008 14
122 1188.580000 1237.377411 11
123 1198.222000 1198.736161 19
124 1208.379000 1214.156780 13
125 1218.491000 1218.954919 13
126 1228.491000 1227.623235 15
127 1237.938000 1237.799326 23
128 1248.097000 1247.799326 0
129 1257.411000 1257.397380 11
130 1267.338000 1268.058190 10
131 1277.474000 1278.134868 22
132 1287.371000 1285.990935 16
133 1295.957000 1296.111447 9
134 1306.140000 1306.111447 0
135 1316.557000 1316.111447 0
136 1325.905000 1325.983730 16
137 1336.205000 1337.609717 20
138 1346.205000 1345.887816 24
139 1355.472000 1355.485182 14
140 1365.786000 1363.966190 20
141 1375.106000 1405.068110 8
142 1384.732000 1386.155203 8
143 1394.373000 1394.984619 28
144 1403.969000 1404.140088 34
145 1413.772000 1413.668609 11
146 1423.807000 1423.668609 0
147 1432.759000 1433.668609 0
148 1442.185000 1442.700741 21
149 1452.185000 1452.291554 28
150 1461.552000 1540.577058 8
151 1469.403000 1550.577058 0
152 1481.218000 1598.708888 12
153 1491.130000 1511.190484 8
154 1501.296000 1501.182925 10
155 1511.430000 1511.182925 0
156 1521.754000 1520.089210 14
157 1531.842000 1530.089210 0
158 1540.884000 1538.345786 8
159 1551.794000 1551.195984 23
160 1561.076000 1532.675024 10
161 1570.996000 1571.317793 12
162 1580.996000 1581.236037 29
163 1590.875000 1591.236037 0
164 1600.220000 1663.270284 11
165 1609.660000 1673.270284 0
166 1616.952000 1618.049978 17
167 1627.628000 1628.380777 9
168 1638.073000 1637.945211 15
169 1647.976000 1648.902480 12
170 1659.699000 1658.902480 0
171 1669.718000 1669.979343 24
172 1680.298000 1681.960719 16
173 1690.007000 1690.328851 18
174 1700.007000 1699.960055 31
175 1710.047000 1710.604355 12
176 1719.833000 1719.938135 16
177 1729.931000 1729.097722 13
178 1740.105000 1740.422575 16
179 1750.008000 1750.241554 31
180 1759.659000 1759.104228 23
181 1768.983000 1769.248374 10
182 1778.325000 1774.093806 12
183 1786.836000 1784.513134 9
184 1796.991000 1797.946278 8
185 1806.991000 1807.441972 24
186 1817.339000 1816.718790 14
187 1826.856000 1826.446713 38
188 1836.740000 1836.799032 17
189 1847.455000 1846.799032 0
190 1858.635000 1856.799032 0
191 1868.326000 1869.596659 26
192 1878.248000 1877.692398 22
193 1887.920000 1888.033723 16
194 1897.340000 1896.952149 18
195 1905.560000 1949.495748 10
196 1915.773000 1959.495748 0
197 1925.308000 1925.497244 25
198 1935.308000 1935.333113 11
199 1945.308000 1945.753716 17
200 1955.077000 1954.277969 14
201 1964.709000 1964.277969 0
202 1974.265000 1972.060605 14
203 1984.091000 1984.841480 19
204 1994.419000 1995.761189 10
205 2003.917000 2003.382292 9
206 2014.342000 2013.382292 0
207 2024.342000 2024.117369 13
208 2034.748000 2034.117369 0
209 2044.497000 2045.207297 11
210 2052.930000 2055.207297 0
211 2063.510000 2062.959063 29
212 2073.510000 2072.459512 14
213 2083.181000 2083.348370 16
214 2092.775000 2093.348370 0
215 2102.699000 2102.922908 16
216 2113.085000 2114.137049 11
217 2122.582000 2122.579043 19
218 2132.582000 2133.118160 13
219 2142.621000 2142.678503 12
220 2152.621000 2150.167660 15
221 2162.408000 2113.821234 8
222 2171.964000 2171.287519 23
223 2181.132000 2180.695269 14
224 2192.079000 2192.810037 10
225 2201.906000 2201.922344 28
226 2212.564000 2211.455618 18
227 2222.486000 2222.903951 23
228 2231.635000 2231.600933 22
229 2240.552000 2239.240320 13
230 2248.869000 2248.699568 11
231 2259.720000 2260.694133 12
232 2269.584000 2268.809706 19
233 2279.663000 2282.495161 9
234 2289.295000 2289.884787 19
235 2299.140000 2298.418343 30
236 2308.309000 2308.263096 22
237 2318.309000 2318.263096 0
238 2328.433000 2328.885842 18
239 2338.700000 2338.812653 20
240 2348.841000 2348.812653 0
241 2357.638000 2358.266357 11
242 2367.556000 2365.937695 13
243 2377.556000 2377.120286 13
244 2387.492000 2387.058737 32
245 2397.492000 2399.747637 9
246 2407.245000 2407.194073 25
247 2416.888000 2417.115766 19
248 2426.625000 2425.612432 27
249 2436.625000 2436.410832 25
250 2446.625000 2446.410832 0
251 2455.791000 2456.410832 0
252 2465.563000 2465.632409 14
253 2475.219000 2475.283406 25
254 2484.752000 2484.020670 21
255 2494.345000 2496.028757 9
256 2503.590000 2503.809977 14
257 2513.327000 2507.193738 11
258 2522.425000 2511.420059 12
259 2532.425000 2532.457838 19
260 2542.010000 2543.161975 14
261 2551.132000 2551.479977 19
262 2560.594000 2606.970281 12
263 2569.813000 2616.970281 0
264 2579.056000 2614.139605 13
265 2588.033000 2588.494817 19
266 2597.181000 2598.494817 0
267 2607.181000 2607.634613 11
268 2616.802000 2615.959429 29
269 2625.949000 2625.757169 29
270 2635.336000 2616.779798 11
271 2645.336000 2645.366083 21
272 2654.752000 2654.520665 16
273 2664.938000 2665.099103 14
274 2673.879000 2672.760325 20
275 2684.329000 2682.692430 12
276 2693.608000 2693.498507 25
277 2703.396000 2702.977241 22
278 2712.325000 2712.330884 14
279 2723.233000 2723.593792 20
280 2733.586000 2733.395473 21
281 2743.313000 2742.885854 20
282 2753.123000 2787.917229 9
283 2760.110000 2797.917229 0
284 2770.319000 2770.359448 9
285 2780.069000 2780.044155 23
286 2790.069000 2789.627442 19
287 2800.298000 2799.627442 0
288 2810.104000 2809.518794 21
289 2819.480000 2820.087597 15
290 2829.025000 2833.262188 12
291 2839.102000 2840.187106 22
292 2849.021000 2850.468621 10
293 2858.916000 2860.468621 0
294 2869.329000 2843.502136 9
295 2877.668000 2877.642094 24
296 2887.442000 2887.706483 27
297 2897.795000 2897.203254 15
298 2907.293000 2907.203254 0
299 2917.175000 2917.942567 39
300 2926.998000 2927.942567 0
301 2935.746000 2937.942567 0
302 2945.436000 2947.942567 0
303 2955.356000 2955.393951 16
304 2964.522000 2963.932935 10
305 2974.983000 2973.160221 16
306 2985.603000 2984.792131 20
307 2995.729000 2994.792131 0
308 3006.629000 2953.111447 11
309 3014.953000 3016.285147 16
310 3024.823000 3024.889546 26
311 3034.477000 3034.286901 8
312 3043.168000 3043.353022 18
313 3051.342000 3051.107515 21
314 3061.468000 3062.060229 14
315 3071.381000 3070.980503 20
316 3080.242000 3079.553620 16
317 3090.518000 3089.579685 23
318 3099.379000 3099.979713 32
319 3109.614000 3109.266115 26
320 3119.010000 3119.266115 0
321 3128.279000 3128.603859 29
322 3137.870000 3137.488200 21
323 3146.021000 3145.801781 19
324 3155.866000 3155.565341 35
325 3165.193000 3165.565341 0
326 3174.701000 3175.565341 0
327 3184.357000 3185.565341 0
328 3194.357000 3195.324924 13
329 3204.267000 3204.566586 13
330 3213.801000 3214.715510 20
331 3224.560000 3224.302020 25
332 3234.264000 3233.547094 15
333 3244.615000 3244.503522 20
334 3253.814000 3255.191463 14
335 3263.814000 3263.906216 14
336 3273.940000 3275.066216 12
337 3283.138000 3285.066216 0
338 3294.383000 3295.066216 0
339 3302.959000 3305.066216 0
340 3312.556000 3311.948333 27
341 3323.005000 3327.424041 14
342 3334.161000 3333.180152 19
343 3344.480000 3344.287544 24
344 3354.582000 3355.807473 12
345 3364.582000 3365.807473 0
346 3374.424000 3374.472532 12
347 3384.424000 3384.771986 10
348 3394.511000 3395.004348 22
349 3404.275000 3401.056310 9
350 3414.420000 3411.056310 0
351 3423.839000 3399.557451 10
352 3434.227000 3409.557451 0
353 3443.973000 3443.493729 12
354 3454.135000 3453.149784 22
355 3463.796000 3464.036666 27
356 3473.317000 3474.036666 0
357 3483.002000 3484.036666 0
358 3491.710000 3492.211608 13
359 3501.231000 3501.311649 24
360 3511.079000 3511.329965 21
361 3520.698000 3520.646510 23
362 3530.154000 3525.031575 9
363 3539.741000 3539.425170 23
364 3549.838000 3550.971013 10
365 3559.823000 3559.595863 8
366 3571.457000 3571.559908 13
367 3581.369000 3581.559908 0
368 3590.500000 3632.646502 8
369 3600.241000 3599.538541 13
370 3610.648000 3609.538541 0
371 3620.496000 3619.538541 0
372 3631.869000 3631.666861 18
373 3640.968000 3640.528245 14
374 3651.042000 3650.528245 0
375 3660.726000 3660.528245 0
376 3667.063000 3670.528245 0
377 3675.057000 3680.528245 0
378 3686.171000 3686.849102 17
379 3694.652000 3696.849102 0
380 3705.060000 3706.849102 0
381 3715.001000 3721.579338 15
382 3725.044000 3725.469788 9
383 3733.674000 3735.469788 0
384 3743.809000 3743.881358 13
385 3753.461000 3753.090050 20
386 3763.193000 3763.264307 20
387 3772.288000 3770.228602 8
388 3781.697000 3782.219146 19
389 3791.239000 3791.264898 32
390 3799.153000 3800.111311 10
391 3809.153000 3808.982904 10
392 3818.946000 3818.339568 17
393 3828.946000 3826.711398 13
394 3839.290000 3840.141439 19
395 3849.127000 3849.927002 11
396 3859.366000 3863.533504 12
397 3869.880000 3870.621542 10
398 3879.793000 3879.554653 18
399 3889.165000 3888.947723 17
400 3898.538000 3899.372494 15
401 3908.473000 3909.372494 0
402 3918.296000 3918.043973 24
403 3928.034000 3926.867723 17
404 3937.025000 3936.962273 21
405 3945.670000 3942.562756 9
406 3954.797000 3952.562756 0
407 3963.756000 3967.616542 10
408 3975.048000 3975.313782 21
409 3981.645000 3985.313782 0
410 3992.690000 3992.873541 29
411 4002.457000 4001.361113 19
412 4011.982000 3996.365386 9
413 4021.430000 4022.730459 18
414 4030.624000 4029.451805 15
415 4040.513000 4039.619179 11
416 4049.727000 4049.619109 16
417 4058.371000 4055.777980 12
418 4068.258000 4067.717271 25
419 4076.974000 4052.558355 11
420 4085.661000 4062.558355 0
421 4096.585000 4097.870326 17
422 4105.894000 4106.197632 20
423 4115.448000 4115.934176 16
424 4123.311000 4121.959589 17
425 4132.804000 4158.249584 8
426 4142.148000 4141.685727 26
427 4151.574000 4151.685727 0
428 4160.897000 4160.752207 14
429 4170.041000 4170.077661 8
430 4180.202000 4179.966058 13
431 4189.466000 4189.199882 22
432 4198.878000 4200.831890 8
433 4208.352000 4209.486850 19
434 4218.124000 4219.941981 17
435 4228.124000 4227.491788 20
436 4237.399000 4237.395785 14
437 4245.914000 4244.891456 18
438 4255.326000 4254.891456 0
439 4264.948000 4265.113989 12
440 4274.331000 4274.838448 14
441 4284.331000 4285.176768 13
442 4294.866000 4294.099862 20
443 4304.488000 4304.656116 30
444 4314.081000 4314.656116 0
445 4323.524000 4323.395886 11
446 4333.314000 4333.532781 22
447 4342.679000 4342.641303 28
448 4351.252000 4350.993957 16
449 4361.175000 4412.033187 10
450 4371.247000 4422.033187 0
451 4380.061000 4432.033187 0
452 4388.724000 4388.441749 12
453 4397.957000 4398.869385 9
454 4408.286000 4409.171529 16
455 4418.401000 4418.100302 41
456 4427.665000 4428.100302 0
457 4437.586000 4437.882846 26
458 4447.586000 4449.065327 20
459 4457.586000 4458.020229 29
460 4466.965000 4466.963639 39
461 4476.557000 4476.963639 0
462 4485.941000 4482.726406 12
463 4495.941000 4527.703850 8
464 4504.556000 4537.703850 0
465 4514.556000 4514.720192 17
466 4524.310000 4604.495362 11
467 4532.555000 4614.495362 0
468 4542.555000 4624.495362 0
469 4551.201000 4634.495362 0
470 4561.332000 4567.498547 12
471 4572.125000 4572.858955 11
472 4581.268000 4582.858955 0
473 4590.771000 4590.974594 19
474 4600.003000 4601.194243 9
475 4610.003000 4608.635316 20
476 4619.399000 4580.836108 8
477 4627.343000 4590.836108 0
478 4636.335000 4636.348393 32
479 4646.109000 4645.706741 23
480 4655.421000 4655.447378 24
481 4665.421000 4669.123705 23
