001 0.000000 0.004150 52
002 10.000000 9.499033 21
003 20.000000 19.499033 0
004 30.000000 31.159908 17
005 39.500000 39.432970 24
006 49.500000 49.034732 32
007 59.500000 59.741039 29
008 69.500000 69.455304 45
009 79.500000 78.927844 40
010 89.500000 89.506886 50
011 99.500000 99.499363 49
012 109.500000 109.027795 50
013 119.495000 119.477403 56
014 129.495000 129.533554 55
015 139.495000 139.495373 49
016 149.495000 149.318040 54
017 159.495000 159.309641 49
018 169.495000 169.342871 54
019 179.496000 179.486667 62
020 189.496000 189.674843 72
021 199.496000 199.390992 61
022 209.496000 209.373763 63
023 219.496000 218.902652 32
024 229.496000 230.991806 19
025 239.496000 241.063604 35
026 249.496000 249.587145 15
027 257.833000 258.439880 17
028 268.070000 268.728739 15
029 278.273000 276.721826 21
030 288.681000 276.826876 8
031 299.870000 302.331662 18
032 309.155000 309.448251 22
033 319.459000 319.448251 0
034 327.623000 329.448251 0
035 333.710000 333.631032 10
036 343.710000 401.481469 9
037 353.913000 411.481469 0
038 362.483000 421.481469 0
039 374.999000 431.481469 0
040 385.304000 441.481469 0
041 395.507000 486.532616 8
042 405.814000 504.379490 10
043 416.151000 501.637662 9
044 426.151000 488.908678 9
045 436.526000 571.656515 11
046 446.591000 581.656515 0
047 454.821000 591.656515 0
048 464.821000 629.096034 8
049 473.425000 639.096034 0
050 483.288000 677.736500 13
051 493.185000 628.569535 12
052 502.674000 669.358574 8
053 512.129000 621.275020 8
054 521.822000 631.275020 0
055 532.195000 641.275020 0
056 540.665000 651.275020 0
057 550.665000 673.894033 9
058 560.936000 683.894033 0
059 570.219000 693.894033 0
060 580.219000 703.894033 0
061 590.965000 713.894033 0
062 600.454000 723.894033 0
063 610.340000 809.933127 10
064 620.425000 750.855868 8
065 630.553000 760.855868 0
066 641.140000 753.483922 8
067 650.220000 763.483922 0
068 660.064000 739.233316 9
069 670.064000 749.233316 0
070 679.938000 805.759670 8
071 689.580000 820.256691 12
072 699.835000 830.256691 0
073 709.835000 840.256691 0
074 719.292000 850.610497 8
075 729.031000 860.610497 0
076 738.875000 875.961679 10
077 748.746000 885.961679 0
078 758.152000 895.961679 0
079 767.529000 920.763061 10
080 777.609000 930.763061 0
081 787.844000 940.763061 0
082 798.130000 950.763061 0
083 808.001000 997.371598 10
084 818.288000 1007.371598 0
085 828.471000 1052.732790 14
086 837.900000 1062.732790 0
087 848.134000 1072.732790 0
088 857.721000 1046.535577 8
089 866.734000 1098.929754 11
090 875.852000 1108.929754 0
091 885.852000 1118.929754 0
092 894.867000 1110.923497 8
093 904.998000 1120.923497 0
094 914.582000 1130.923497 0
095 924.168000 1140.923497 0
096 934.168000 1240.022645 13
097 943.521000 1164.741105 9
098 952.743000 1174.741105 0
099 962.718000 1184.741105 0
100 972.147000 1164.226326 8
101 982.147000 1174.226326 0
102 991.915000 1229.920949 8
103 1002.124000 1239.920949 0
104 1012.593000 1249.920949 0
105 1022.696000 1228.211893 8
106 1032.179000 1238.211893 0
107 1041.271000 1248.211893 0
108 1051.090000 1223.297263 8
109 1061.324000 1233.297263 0
110 1071.092000 1243.297263 0
111 1081.067000 1253.297263 0
112 1090.341000 1263.297263 0
113 1100.264000 1290.372296 12
114 1110.601000 1292.648613 8
115 1120.188000 1302.648613 0
116 1129.695000 1312.648613 0
117 1139.543000 1289.753405 8
118 1148.939000 1299.753405 0
119 1159.306000 1288.349336 8
120 1168.955000 1298.349336 0
121 1178.580000 1284.899423 11
122 1188.580000 1294.899423 0
123 1198.222000 1283.540030 8
124 1208.379000 1293.540030 0
125 1218.491000 1303.540030 0
126 1228.491000 1313.540030 0
127 1237.938000 1287.514713 10
128 1248.097000 1297.514713 0
129 1257.411000 1257.394489 10
130 1267.338000 1268.124838 9
131 1277.474000 1278.181119 21
132 1287.371000 1285.572000 11
133 1295.957000 1296.106519 13
134 1306.140000 1307.179592 17
135 1316.557000 1317.179592 0
136 1325.905000 1326.355893 18
137 1336.205000 1337.818382 21
138 1346.205000 1345.814407 26
139 1355.472000 1355.497078 15
140 1365.786000 1363.847536 19
141 1375.106000 1373.847536 0
142 1384.732000 1383.847536 0
143 1394.373000 1394.715691 29
144 1403.969000 1404.229455 28
145 1413.772000 1413.810223 8
146 1423.807000 1423.810223 0
147 1432.759000 1432.535689 18
148 1442.185000 1442.690775 22
149 1452.185000 1452.283909 28
150 1461.552000 1462.283909 0
151 1469.403000 1472.283909 0
152 1481.218000 1481.037127 12
153 1491.130000 1491.037127 0
154 1501.296000 1501.644910 11
155 1511.430000 1511.644910 0
156 1521.754000 1520.601863 14
157 1531.842000 1530.601863 0
158 1540.884000 1538.326420 8
159 1551.794000 1551.581877 24
160 1561.076000 1528.330295 9
161 1570.996000 1571.938490 14
162 1580.996000 1581.310912 29
163 1590.875000 1591.310912 0
164 1600.220000 1663.728589 11
165 1609.660000 1673.728589 0
166 1616.952000 1618.254122 18
167 1627.628000 1627.848580 8
168 1638.073000 1637.945211 15
169 1647.976000 1648.478450 11
170 1659.699000 1658.478450 0
171 1669.718000 1669.968296 25
172 1680.298000 1682.125010 20
173 1690.007000 1690.314669 19
174 1700.007000 1699.938832 30
175 1710.047000 1710.079563 14
176 1719.833000 1720.101380 16
177 1729.931000 1729.019039 14
178 1740.105000 1740.799029 17
179 1750.008000 1750.233166 32
180 1759.659000 1759.282927 22
181 1768.983000 1769.196556 10
182 1778.325000 1774.385397 13
183 1786.836000 1816.757298 8
184 1796.991000 1826.757298 0
185 1806.991000 1807.224796 26
186 1817.339000 1816.695314 13
187 1826.856000 1826.468800 40
188 1836.740000 1836.546879 17
189 1847.455000 1846.546879 0
190 1858.635000 1856.546879 0
191 1868.326000 1869.186983 27
192 1878.248000 1877.888822 19
193 1887.920000 1887.695018 14
194 1897.340000 1897.077542 18
195 1905.560000 1907.077542 0
196 1915.773000 1917.077542 0
197 1925.308000 1925.139389 26
198 1935.308000 1934.886390 12
199 1945.308000 1945.256065 21
200 1955.077000 1955.087009 12
201 1964.709000 1951.923859 8
202 1974.265000 1961.923859 0
203 1984.091000 1984.347425 21
204 1994.419000 1994.347425 0
205 2003.917000 2003.723633 8
206 2014.342000 2013.723633 0
207 2024.342000 2023.723633 0
208 2034.748000 2033.723633 0
209 2044.497000 2044.833023 13
210 2052.930000 2053.199980 9
211 2063.510000 2062.795290 28
212 2073.510000 2072.386929 12
213 2083.181000 2083.364774 20
214 2092.775000 2093.364774 0
215 2102.699000 2102.929883 20
216 2113.085000 2113.390563 10
217 2122.582000 2122.907946 20
218 2132.582000 2132.741434 13
219 2142.621000 2142.741434 0
220 2152.621000 2147.212184 8
221 2162.408000 2157.212184 0
222 2171.964000 2170.897813 23
223 2181.132000 2180.750656 16
224 2192.079000 2192.696470 12
225 2201.906000 2201.875557 23
226 2212.564000 2212.100492 16
227 2222.486000 2222.868152 24
228 2231.635000 2231.599126 20
229 2240.552000 2239.240320 13
230 2248.869000 2248.698395 12
231 2259.720000 2259.965973 10
232 2269.584000 2269.171285 17
233 2279.663000 2281.591759 8
234 2289.295000 2292.228236 11
235 2299.140000 2298.618430 28
236 2308.309000 2308.054908 21
237 2318.309000 2318.054908 0
238 2328.433000 2328.717849 10
239 2338.700000 2338.879167 21
240 2348.841000 2348.879167 0
241 2357.638000 2358.234610 11
242 2367.556000 2365.937695 13
243 2377.556000 2377.297126 14
244 2387.492000 2387.082752 32
245 2397.492000 2399.312379 11
246 2407.245000 2407.186858 24
247 2416.888000 2416.945246 18
248 2426.625000 2425.544957 28
249 2436.625000 2436.394890 26
250 2446.625000 2446.394890 0
251 2455.791000 2447.858497 8
252 2465.563000 2465.669258 13
253 2475.219000 2475.419434 21
254 2484.752000 2484.045322 22
255 2494.345000 2496.260635 8
256 2503.590000 2506.260635 0
257 2513.327000 2511.795909 19
258 2522.425000 2523.574678 13
259 2532.425000 2532.766430 12
260 2542.010000 2543.319535 13
261 2551.132000 2551.656909 18
262 2560.594000 2606.908358 13
263 2569.813000 2566.091622 11
264 2579.056000 2611.688120 11
265 2588.033000 2588.714530 21
266 2597.181000 2598.714530 0
267 2607.181000 2608.978941 13
268 2616.802000 2616.001908 26
269 2625.949000 2625.897625 31
270 2635.336000 2635.897625 0
271 2645.336000 2645.506328 23
272 2654.752000 2654.403349 16
273 2664.938000 2665.684999 16
274 2673.879000 2673.009273 21
275 2684.329000 2682.026317 12
276 2693.608000 2693.446301 25
277 2703.396000 2702.477673 19
278 2712.325000 2712.325650 13
279 2723.233000 2723.890530 21
280 2733.586000 2732.730651 19
281 2743.313000 2742.818583 17
282 2753.123000 2791.227419 10
283 2760.110000 2801.227419 0
284 2770.319000 2770.359448 9
285 2780.069000 2779.846756 25
286 2790.069000 2789.618253 19
287 2800.298000 2799.618253 0
288 2810.104000 2809.618253 0
289 2819.480000 2819.646247 21
290 2829.025000 2831.300000 11
291 2839.102000 2840.074013 23
292 2849.021000 2850.350338 11
293 2858.916000 2860.350338 0
294 2869.329000 2845.763613 10
295 2877.668000 2877.636476 23
296 2887.442000 2888.264064 20
297 2897.795000 2897.676480 14
298 2907.293000 2967.658154 8
299 2917.175000 2917.916395 38
300 2926.998000 2927.916395 0
301 2935.746000 2935.666248 11
302 2945.436000 2945.666248 0
303 2955.356000 2955.464747 14
304 2964.522000 2965.464747 0
305 2974.983000 2973.344331 17
306 2985.603000 2984.955782 20
307 2995.729000 2974.180117 9
308 3006.629000 2984.180117 0
309 3014.953000 3016.106472 14
310 3024.823000 3024.881699 27
311 3034.477000 3034.091625 8
312 3043.168000 3043.354115 18
313 3051.342000 3051.161044 22
314 3061.468000 3061.654171 13
315 3071.381000 3070.927938 18
316 3080.242000 3079.584010 17
317 3090.518000 3089.088209 19
318 3099.379000 3100.330170 29
319 3109.614000 3109.269287 25
320 3119.010000 3119.269287 0
321 3128.279000 3128.564333 30
322 3137.870000 3137.218191 22
323 3146.021000 3145.811554 25
324 3155.866000 3155.606782 38
325 3165.193000 3165.068305 9
326 3174.701000 3175.068305 0
327 3184.357000 3185.068305 0
328 3194.357000 3195.236944 15
329 3204.267000 3204.551385 14
330 3213.801000 3215.105669 20
331 3224.560000 3224.358456 20
332 3234.264000 3234.358456 0
333 3244.615000 3244.498653 22
334 3253.814000 3255.191463 14
335 3263.814000 3263.884532 14
336 3273.940000 3274.566657 14
337 3283.138000 3284.566657 0
338 3294.383000 3294.566657 0
339 3302.959000 3304.566657 0
340 3312.556000 3312.075246 23
341 3323.005000 3327.512532 12
342 3334.161000 3332.911458 18
343 3344.480000 3343.918514 22
344 3354.582000 3353.918514 0
345 3364.582000 3363.918514 0
346 3374.424000 3374.485732 13
347 3384.424000 3383.977185 12
348 3394.511000 3394.885442 23
349 3404.275000 3401.005337 11
350 3414.420000 3411.005337 0
351 3423.839000 3421.005337 0
352 3434.227000 3431.005337 0
353 3443.973000 3443.493729 12
354 3454.135000 3453.187405 23
355 3463.796000 3464.018146 28
356 3473.317000 3474.018146 0
357 3483.002000 3483.328141 12
358 3491.710000 3492.555557 12
359 3501.231000 3501.313655 23
360 3511.079000 3511.961932 19
361 3520.698000 3520.687650 18
362 3530.154000 3528.041652 10
363 3539.741000 3539.428812 25
364 3549.838000 3549.428812 0
365 3559.823000 3559.550604 10
366 3571.457000 3571.632497 13
367 3581.369000 3581.632497 0
368 3590.500000 3589.903510 11
369 3600.241000 3599.592840 14
370 3610.648000 3609.592840 0
371 3620.496000 3619.592840 0
372 3631.869000 3631.617717 18
373 3640.968000 3641.080511 16
374 3651.042000 3651.080511 0
375 3660.726000 3661.289868 8
376 3667.063000 3671.289868 0
377 3675.057000 3681.289868 0
378 3686.171000 3687.202596 12
379 3694.652000 3697.202596 0
380 3705.060000 3707.202596 0
381 3715.001000 3721.877203 14
382 3725.044000 3724.987312 10
383 3733.674000 3734.987312 0
384 3743.809000 3744.749390 13
385 3753.461000 3753.156384 20
386 3763.193000 3763.276546 22
387 3772.288000 3770.220474 8
388 3781.697000 3782.219146 19
389 3791.239000 3791.198016 31
390 3799.153000 3800.790799 11
391 3809.153000 3808.937140 9
392 3818.946000 3817.959339 19
393 3828.946000 3826.740425 12
394 3839.290000 3840.449575 20
395 3849.127000 3850.449575 0
396 3859.366000 3864.890339 11
397 3869.880000 3869.987489 8
398 3879.793000 3879.331188 20
399 3889.165000 3889.019744 14
400 3898.538000 3899.340324 16
401 3908.473000 3931.550229 11
402 3918.296000 3917.955614 21
403 3928.034000 3927.056687 19
404 3937.025000 3937.068107 23
405 3945.670000 3942.190130 8
406 3954.797000 3952.190130 0
407 3963.756000 3968.293439 14
408 3975.048000 3975.355212 20
409 3981.645000 3985.355212 0
410 3992.690000 3992.924107 28
411 4002.457000 4001.683448 21
412 4011.982000 3995.549487 9
413 4021.430000 4022.096804 19
414 4030.624000 4029.564485 15
415 4040.513000 4039.731414 13
416 4049.727000 4048.196801 14
417 4058.371000 4058.269218 12
418 4068.258000 4067.744114 28
419 4076.974000 4051.721090 10
420 4085.661000 4061.721090 0
421 4096.585000 4098.174699 14
422 4105.894000 4106.453422 24
423 4115.448000 4115.282909 13
424 4123.311000 4121.680895 14
425 4132.804000 4158.249584 8
426 4142.148000 4141.854459 26
427 4151.574000 4151.854459 0
428 4160.897000 4161.156688 15
429 4170.041000 4171.156688 0
430 4180.202000 4179.688242 18
431 4189.466000 4188.960753 19
432 4198.878000 4200.650784 9
433 4208.352000 4209.525169 19
434 4218.124000 4219.367960 18
435 4228.124000 4228.080421 18
436 4237.399000 4237.715846 11
437 4245.914000 4246.262741 22
438 4255.326000 4256.262741 0
439 4264.948000 4268.090364 8
440 4274.331000 4274.651494 17
441 4284.331000 4285.109828 15
442 4294.866000 4294.995576 17
443 4304.488000 4304.616115 28
444 4314.081000 4317.226528 17
445 4323.524000 4323.040502 11
446 4333.314000 4333.542160 21
447 4342.679000 4342.643355 28
448 4351.252000 4350.703858 17
449 4361.175000 4358.562632 9
450 4371.247000 4368.562632 0
451 4380.061000 4406.610060 8
452 4388.724000 4388.441749 12
453 4397.957000 4398.722351 8
454 4408.286000 4409.968934 17
455 4418.401000 4417.808521 41
456 4427.665000 4427.808521 0
457 4437.586000 4437.940577 22
458 4447.586000 4449.031455 20
459 4457.586000 4458.090708 28
460 4466.965000 4466.987440 39
461 4476.557000 4476.987440 0
462 4485.941000 4482.726406 12
463 4495.941000 4528.810904 8
464 4504.556000 4538.810904 0
465 4514.556000 4514.713819 16
466 4524.310000 4604.495362 11
467 4532.555000 4614.495362 0
468 4542.555000 4588.730561 10
469 4551.201000 4598.730561 0
470 4561.332000 4566.416662 9
471 4572.125000 4576.416662 0
472 4581.268000 4586.416662 0
473 4590.771000 4591.469570 14
474 4600.003000 4603.272817 10
475 4610.003000 4608.504817 20
476 4619.399000 4579.164725 8
477 4627.343000 4589.164725 0
478 4636.335000 4636.385231 30
479 4646.109000 4645.488020 24
480 4655.421000 4655.707662 27
481 4665.421000 4669.171793 21
