001 0.000000 0.640539 57
002 10.000000 9.353152 23
003 20.000000 19.353152 0
004 28.072000 30.069462 9
005 38.058000 38.030583 18
006 48.059000 47.836438 40
007 58.056000 58.343797 25
008 68.056000 68.127007 32
009 78.056000 77.883359 41
010 88.056000 88.089322 37
011 98.056000 97.945708 77
012 108.056000 108.090000 62
013 118.056000 118.058408 49
014 128.056000 128.054469 63
015 138.056000 138.088134 54
016 148.056000 148.044587 63
017 158.056000 158.024990 54
018 168.056000 167.976545 55
019 178.056000 178.331908 58
020 188.056000 188.088449 78
021 198.056000 198.075323 59
022 208.056000 207.987622 72
023 218.056000 218.412590 42
024 228.056000 241.374026 15
025 238.056000 240.316731 25
026 248.056000 250.316731 0
027 258.311000 260.812390 9
028 268.392000 268.957069 15
029 278.457000 278.111156 27
030 288.680000 288.111156 0
031 299.265000 300.324380 23
032 309.265000 309.435862 14
033 319.460000 319.435862 0
034 329.886000 329.435862 0
035 331.489000 330.676598 9
036 341.050000 339.227607 10
037 352.269000 327.456494 8
038 362.269000 367.157934 12
039 372.483000 373.379664 15
040 382.483000 383.628702 18
041 392.844000 394.216035 13
042 403.556000 404.325814 30
043 414.326000 414.325814 0
044 424.449000 425.050238 14
045 434.768000 434.380603 21
046 444.768000 444.380603 0
047 452.651000 452.777703 25
048 462.775000 458.774125 9
049 472.194000 468.774125 0
050 482.194000 482.448508 26
051 491.877000 491.024026 22
052 501.624000 501.825520 19
053 511.427000 562.162744 8
054 520.978000 520.476699 13
055 530.978000 530.476699 0
056 541.619000 540.476699 0
057 550.842000 550.476699 0
058 560.228000 562.923511 21
059 569.286000 569.189350 17
060 578.659000 577.837965 18
061 588.915000 588.715786 24
062 598.555000 598.715786 0
063 608.681000 610.289709 13
064 619.259000 619.166862 33
065 628.721000 628.336224 21
066 638.369000 637.887707 12
067 647.991000 648.860054 14
068 657.851000 658.503592 22
069 666.916000 667.513553 24
070 675.899000 675.837708 22
071 685.573000 685.217253 12
072 695.248000 694.499362 14
073 705.586000 704.499362 0
074 715.395000 714.499362 0
075 725.261000 725.218896 22
076 734.717000 737.109460 12
077 745.217000 745.217871 18
078 755.217000 754.698566 13
079 764.858000 765.296095 9
080 774.506000 775.296095 0
081 785.429000 786.908019 8
082 796.513000 797.902710 24
083 806.746000 807.138083 15
084 816.819000 816.267195 15
085 826.819000 825.588773 21
086 836.249000 835.588773 0
087 846.163000 846.383494 15
088 856.163000 857.223037 8
089 864.873000 864.850600 8
090 873.220000 873.090590 29
091 883.027000 882.545345 22
092 892.860000 892.545345 0
093 902.860000 904.083379 14
094 912.210000 913.940514 9
095 921.433000 920.814854 10
096 931.433000 930.822609 21
097 940.742000 940.822609 0
098 949.547000 950.822609 0
099 958.617000 960.822609 0
100 968.324000 968.530410 14
101 977.329000 977.810510 16
102 987.329000 986.431331 13
103 997.595000 996.431331 0
104 1007.336000 1006.681915 23
105 1017.463000 1016.681915 0
106 1028.014000 1028.633629 14
107 1037.881000 1038.428539 10
108 1046.619000 1046.139145 27
109 1056.878000 1056.583226 18
110 1066.607000 1066.534689 13
111 1076.607000 1111.982476 14
112 1085.691000 1121.982476 0
113 1095.691000 1095.581712 18
114 1104.986000 1162.838135 18
115 1115.086000 1115.440452 23
116 1124.734000 1124.636756 13
117 1133.904000 1132.417932 20
118 1143.738000 1110.753272 8
119 1153.068000 1120.753272 0
120 1162.582000 1163.329024 23
121 1172.470000 1171.314937 11
122 1181.693000 1181.411044 21
123 1191.553000 1191.411044 0
124 1201.148000 1202.628727 11
125 1211.148000 1211.373324 11
126 1220.338000 1220.975784 15
127 1229.986000 1229.849572 11
128 1239.076000 1282.800271 9
129 1249.076000 1292.800271 0
130 1257.800000 1359.932057 10
131 1267.668000 1369.932057 0
132 1278.014000 1340.898623 10
133 1288.014000 1346.145656 10
134 1297.789000 1356.145656 0
135 1307.517000 1366.145656 0
136 1317.517000 1376.145656 0
137 1327.250000 1327.560577 16
138 1336.985000 1336.703472 18
139 1346.985000 1346.869175 17
140 1356.581000 1355.460148 18
141 1365.299000 1364.919688 17
142 1375.105000 1374.919688 0
143 1385.579000 1384.454102 10
144 1395.579000 1397.044610 19
145 1405.579000 1405.787522 24
146 1415.931000 1415.855968 11
147 1425.340000 1425.855968 0
148 1434.351000 1435.855968 0
149 1443.813000 1446.415812 12
150 1453.703000 1452.942138 18
151 1463.450000 1462.942138 0
152 1471.333000 1472.942138 0
153 1481.566000 1482.090166 13
154 1491.044000 1490.082392 27
155 1500.579000 1500.082392 0
156 1510.173000 1510.123044 8
157 1520.607000 1521.945287 11
158 1530.868000 1531.945287 0
159 1540.607000 1541.945287 0
160 1549.968000 1551.945287 0
161 1560.345000 1566.372929 13
162 1570.539000 1570.017254 17
163 1579.858000 1580.490568 18
164 1589.858000 1590.490568 0
165 1599.858000 1600.098682 10
166 1610.086000 1603.390797 8
167 1620.615000 1621.660761 16
168 1631.827000 1631.850689 8
169 1641.168000 1641.345430 17
170 1651.300000 1651.010895 15
171 1663.636000 1663.321016 8
172 1672.749000 1671.792573 22
173 1683.172000 1681.792573 0
174 1693.095000 1692.990912 19
175 1702.956000 1701.997601 18
176 1713.607000 1711.997601 0
177 1724.031000 1723.709408 12
178 1734.031000 1733.709408 0
179 1742.838000 1744.574389 17
180 1752.449000 1751.310701 24
181 1760.542000 1762.221986 14
182 1770.715000 1768.964983 11
183 1780.992000 1778.964983 0
184 1790.832000 1790.553324 13
185 1800.832000 1801.159779 18
186 1810.721000 1810.782186 30
187 1820.617000 1820.427405 28
188 1830.360000 1830.237843 22
189 1840.013000 1840.134428 40
190 1849.209000 1850.134428 0
191 1860.090000 1862.789568 10
192 1869.680000 1871.753582 11
193 1879.478000 1879.081671 9
194 1889.402000 1889.838141 13
195 1899.097000 1898.189790 16
196 1908.417000 1906.334620 14
197 1917.757000 1916.334620 0
198 1926.911000 1928.684505 25
199 1937.293000 1939.049680 12
200 1946.883000 1946.877763 9
201 1954.809000 1954.667015 19
202 1964.620000 1964.667015 0
203 1974.782000 1974.667015 0
204 1985.579000 1986.958534 15
205 1995.308000 1995.148857 25
206 2005.308000 2004.289918 8
207 2015.204000 2014.289918 0
208 2024.919000 2023.283291 26
209 2034.823000 2047.421584 9
210 2044.823000 2045.863340 34
211 2053.733000 2054.733186 16
212 2065.736000 2065.084545 22
213 2075.432000 2074.948290 19
214 2085.432000 2084.948290 0
215 2095.640000 2094.948290 0
216 2105.535000 2106.041550 10
217 2116.249000 2116.041550 0
218 2125.944000 2126.174160 20
219 2135.944000 2136.165892 20
220 2146.477000 2146.266007 21
221 2156.339000 2156.266007 0
222 2166.172000 2166.644299 16
223 2176.248000 2176.644299 0
224 2185.589000 2186.644299 0
225 2195.326000 2196.954505 24
226 2205.520000 2205.189051 23
227 2217.024000 2218.779595 18
228 2227.821000 2229.121140 13
229 2237.286000 2237.255842 34
230 2246.071000 2246.068541 10
231 2256.071000 2256.845007 13
232 2265.092000 2264.270034 9
233 2275.092000 2273.805460 16
234 2284.908000 2284.986327 19
235 2294.908000 2293.803540 22
236 2304.609000 2304.598489 18
237 2314.609000 2314.479885 8
238 2324.304000 2324.642069 12
239 2334.304000 2331.874776 12
240 2344.486000 2344.803638 20
241 2353.057000 2354.803638 0
242 2362.985000 2363.346531 15
243 2372.520000 2372.600595 21
244 2381.683000 2380.526487 9
245 2392.797000 2390.738087 26
246 2402.524000 2403.007723 31
247 2412.524000 2412.281514 38
248 2422.603000 2422.109200 16
249 2432.623000 2431.909455 12
250 2442.623000 2441.011626 24
251 2451.774000 2451.011626 0
252 2461.676000 2461.011626 0
253 2470.754000 2473.536241 14
254 2481.214000 2480.316348 23
255 2491.098000 2490.316348 0
256 2500.447000 2499.866988 16
257 2509.765000 2509.325434 28
258 2518.890000 2519.712465 16
259 2529.280000 2530.658505 10
260 2538.944000 2539.254590 11
261 2548.529000 2547.386672 18
262 2558.036000 2554.684877 9
263 2567.093000 2567.055448 10
264 2575.836000 2577.055448 0
265 2585.931000 2585.673946 18
266 2595.244000 2595.069115 13
267 2605.244000 2605.950983 17
268 2615.042000 2613.558965 22
269 2624.843000 2624.331480 17
270 2635.057000 2637.924543 16
271 2645.270000 2645.497029 19
272 2654.752000 2655.497029 0
273 2664.938000 2665.625483 15
274 2674.439000 2674.168472 19
275 2684.201000 2683.283097 14
276 2693.355000 2692.593189 22
277 2703.021000 2702.692806 12
278 2712.409000 2713.873288 20
279 2722.955000 2723.632340 17
280 2733.351000 2733.520660 42
281 2743.508000 2743.014306 22
282 2753.438000 2753.014306 0
283 2763.906000 2765.202259 17
284 2774.276000 2774.015257 14
285 2783.156000 2782.613246 13
286 2792.350000 2791.709071 12
287 2802.543000 2801.821017 15
288 2812.446000 2836.269652 10
289 2821.794000 2846.269652 0
290 2830.771000 2856.269652 0
291 2841.083000 2839.003678 14
292 2851.257000 2851.042240 11
293 2861.257000 2907.679557 10
294 2871.591000 2917.679557 0
295 2880.480000 2881.342590 11
296 2890.480000 2890.081719 23
297 2900.383000 2899.086553 24
298 2910.232000 2904.935281 11
299 2920.525000 2920.545762 14
300 2930.148000 2929.100137 19
301 2939.843000 2939.896480 27
302 2949.985000 2949.896480 0
303 2959.411000 2961.000348 11
304 2969.411000 2968.829822 16
305 2979.660000 2979.202216 24
306 2989.373000 2982.133508 12
307 2999.373000 3003.416357 9
308 3009.156000 3089.480070 12
309 3018.995000 3020.151624 28
310 3028.707000 3028.837295 18
311 3038.277000 3036.791254 11
312 3046.041000 3042.663070 10
313 3054.913000 3052.663070 0
314 3064.767000 3064.532049 18
315 3074.767000 3074.695759 9
316 3084.516000 3083.193163 12
317 3092.780000 3092.182647 22
318 3102.278000 3101.896235 21
319 3113.010000 3090.625188 9
320 3122.474000 3123.503763 8
321 3132.329000 3132.171035 23
322 3140.879000 3140.402308 16
323 3150.790000 3150.690407 21
324 3160.555000 3159.406327 10
325 3169.624000 3169.406327 0
326 3177.834000 3178.153456 16
327 3187.548000 3187.751419 24
328 3198.656000 3199.900269 11
329 3208.441000 3207.795044 15
330 3217.491000 3217.401383 21
331 3228.026000 3227.345201 22
332 3238.294000 3237.848556 11
333 3248.222000 3248.694748 11
334 3258.222000 3257.692764 15
335 3267.432000 3266.861309 13
336 3277.002000 3272.918318 10
337 3287.002000 3282.918318 0
338 3297.002000 3262.172742 8
339 3307.002000 3308.287341 30
340 3316.855000 3313.440220 8
341 3326.855000 3323.440220 0
342 3335.816000 3335.119740 18
343 3346.780000 3346.712459 29
344 3357.496000 3358.722941 22
345 3367.780000 3368.018013 16
346 3377.690000 3380.918744 8
347 3387.331000 3387.757437 18
348 3397.331000 3396.597772 15
349 3403.895000 3406.597772 0
350 3413.895000 3416.597772 0
351 3423.625000 3423.558762 14
352 3434.501000 3434.909322 14
353 3444.227000 3444.212696 24
354 3454.999000 3453.839469 26
355 3464.135000 3464.045299 29
356 3474.135000 3474.045299 0
357 3484.135000 3483.724575 19
358 3493.815000 3493.757263 9
359 3503.474000 3502.640434 23
360 3513.133000 3512.243162 12
361 3522.614000 3522.243162 0
362 3532.614000 3522.633518 9
363 3540.698000 3541.825515 9
364 3549.319000 3550.529888 10
365 3560.035000 3560.529888 0
366 3570.427000 3570.480372 18
367 3579.853000 3579.917772 15
368 3588.868000 3589.019373 14
369 3597.758000 3582.744522 8
370 3608.598000 3592.744522 0
371 3619.205000 3602.744522 0
372 3630.495000 3630.340437 17
373 3639.841000 3639.000259 12
374 3650.150000 3649.000259 0
375 3658.773000 3659.000259 0
376 3669.988000 3669.000259 0
377 3675.443000 3679.000259 0
378 3686.082000 3686.203000 16
379 3696.082000 3696.203000 0
380 3707.480000 3706.203000 0
381 3717.480000 3716.203000 0
382 3727.480000 3726.203000 0
383 3737.086000 3735.928422 9
384 3746.943000 3747.256497 11
385 3756.241000 3753.678912 13
386 3766.400000 3763.678912 0
387 3776.400000 3773.678912 0
388 3786.400000 3785.448562 27
389 3795.665000 3795.015036 15
390 3803.874000 3803.831725 21
391 3813.588000 3812.937288 39
392 3823.819000 3822.796183 14
393 3833.460000 3832.796183 0
394 3842.278000 3843.126968 17
395 3852.672000 3852.697713 20
396 3863.100000 3863.128391 11
397 3873.868000 3873.769330 13
398 3883.688000 3882.661965 23
399 3892.560000 3891.241271 30
400 3903.079000 3903.069826 18
401 3913.113000 3913.650728 22
402 3922.683000 3922.032490 14
403 3932.467000 3931.333201 15
404 3942.324000 3941.684787 12
405 3950.945000 3949.738597 11
406 3960.478000 3964.914078 9
407 3970.818000 3974.914078 0
408 3980.709000 3980.920256 15
409 3987.524000 3987.830878 21
410 3997.721000 3998.293999 26
411 4007.827000 4002.115105 11
412 4017.827000 4017.801254 13
413 4027.055000 4027.801254 0
414 4036.481000 4101.294995 8
415 4046.481000 4044.989305 8
416 4055.175000 4053.881533 21
417 4064.458000 4064.170005 20
418 4073.867000 4116.570396 8
419 4082.614000 4126.570396 0
420 4093.775000 4136.570396 0
421 4102.647000 4102.759179 29
422 4111.877000 4112.920950 13
423 4121.715000 4120.925888 21
424 4130.747000 4130.998057 8
425 4140.193000 4140.496235 30
426 4150.031000 4150.297717 12
427 4159.457000 4161.210805 12
428 4170.041000 4170.040566 14
429 4179.827000 4179.571264 28
430 4189.240000 4189.441371 20
431 4198.753000 4198.560972 15
432 4208.351000 4209.260618 21
433 4217.789000 4218.377360 22
434 4227.286000 4228.722704 17
435 4236.999000 4236.922765 17
436 4244.888000 4245.439836 15
437 4254.888000 4255.439836 0
438 4264.439000 4265.694586 13
439 4274.258000 4274.697727 25
440 4284.043000 4284.253401 24
441 4294.402000 4294.187517 32
442 4303.916000 4303.411273 24
443 4313.916000 4311.641180 11
444 4323.916000 4323.121719 11
445 4333.452000 4333.417839 28
446 4343.452000 4343.718211 23
447 4353.696000 4352.302469 12
448 4363.535000 4361.984008 13
449 4373.659000 4388.260741 8
450 4384.141000 4398.260741 0
451 4393.800000 4408.260741 0
452 4403.011000 4418.260741 0
453 4412.922000 4411.257649 22
454 4421.741000 4422.027932 16
455 4431.202000 4432.027932 0
456 4440.558000 4440.860147 19
457 4450.718000 4451.744339 16
458 4460.914000 4462.368316 21
459 4468.980000 4469.462409 29
460 4477.834000 4479.462409 0
461 4487.834000 4486.278760 16
462 4496.760000 4530.177717 9
463 4505.714000 4540.177717 0
464 4514.669000 4587.678195 10
465 4522.896000 4523.527209 11
466 4532.554000 4577.781099 12
467 4540.771000 4587.781099 0
468 4549.692000 4597.781099 0
469 4558.663000 4558.683427 14
470 4568.567000 4575.595457 11
471 4579.446000 4576.959982 8
472 4586.385000 4587.268421 17
473 4596.676000 4596.343480 12
474 4606.008000 4607.690654 25
475 4615.820000 4617.690654 0
476 4624.232000 4627.690654 0
477 4633.843000 4633.522964 28
478 4643.506000 4643.906969 19
479 4652.917000 4654.013938 21
480 4662.917000 4661.762853 9
481 4672.917000 4671.151878 30
