001 0.000000 1.030696 44
002 10.000000 9.291393 21
003 20.000000 19.291393 0
004 28.072000 30.226579 10
005 38.058000 39.556302 12
006 48.059000 47.922623 36
007 58.056000 58.240886 26
008 68.056000 68.025594 31
009 78.056000 77.875172 39
010 88.056000 88.129784 36
011 98.056000 97.978903 73
012 108.056000 108.089201 63
013 118.056000 118.059545 47
014 128.056000 128.055326 64
015 138.056000 138.085600 57
016 148.056000 148.044744 62
017 158.056000 158.024990 54
018 168.056000 167.977550 56
019 178.056000 178.286486 57
020 188.056000 187.940330 76
021 198.056000 198.046310 56
022 208.056000 208.008997 73
023 218.056000 217.900708 40
024 228.056000 241.131947 14
025 238.056000 240.271405 26
026 248.056000 246.530855 11
027 258.311000 261.285933 10
028 268.392000 268.468556 16
029 278.457000 278.121523 29
030 288.680000 288.121523 0
031 299.265000 300.271162 24
032 309.265000 309.675838 12
033 319.460000 319.675838 0
034 329.886000 329.675838 0
035 331.489000 339.675838 0
036 341.050000 339.203136 10
037 352.269000 349.203136 0
038 362.269000 367.162623 11
039 372.483000 373.748727 18
040 382.483000 383.622710 19
041 392.844000 394.833916 11
042 403.556000 404.268301 29
043 414.326000 414.268301 0
044 424.449000 424.257370 18
045 434.768000 434.299332 24
046 444.768000 444.299332 0
047 452.651000 453.352221 25
048 462.775000 459.395899 11
049 472.194000 469.395899 0
050 482.194000 482.273420 25
051 491.877000 490.979174 22
052 501.624000 501.969785 19
053 511.427000 511.082021 13
054 520.978000 520.257218 13
055 530.978000 530.257218 0
056 541.619000 540.257218 0
057 550.842000 562.883153 8
058 560.228000 563.062995 20
059 569.286000 569.654745 17
060 578.659000 578.177469 22
061 588.915000 588.560519 23
062 598.555000 598.560519 0
063 608.681000 610.278982 14
064 619.259000 619.791362 32
065 628.721000 628.287536 19
066 638.369000 637.887707 12
067 647.991000 648.855121 18
068 657.851000 658.303912 20
069 666.916000 667.115839 20
070 675.899000 675.305652 19
071 685.573000 685.637910 10
072 695.248000 694.501336 14
073 705.586000 704.501336 0
074 715.395000 714.501336 0
075 725.261000 725.244428 20
076 734.717000 736.534551 10
077 745.217000 745.131997 22
078 755.217000 754.701450 13
079 764.858000 765.216684 10
080 774.506000 775.216684 0
081 785.429000 787.576615 9
082 796.513000 796.942701 24
083 806.746000 806.688560 15
084 816.819000 816.396621 17
085 826.819000 825.214499 18
086 836.249000 835.214499 0
087 846.163000 846.380109 17
088 856.163000 857.201445 9
089 864.873000 864.872176 11
090 873.220000 873.433351 32
091 883.027000 882.252853 21
092 892.860000 892.252853 0
093 902.860000 904.383338 16
094 912.210000 914.081054 10
095 921.433000 921.346336 9
096 931.433000 930.602836 22
097 940.742000 940.949889 8
098 949.547000 948.751104 10
099 958.617000 958.751104 0
100 968.324000 968.182615 14
101 977.329000 977.243122 14
102 987.329000 986.305577 12
103 997.595000 1053.611402 8
104 1007.336000 1006.580862 22
105 1017.463000 1016.580862 0
106 1028.014000 1027.937707 14
107 1037.881000 1038.428539 10
108 1046.619000 1046.376481 28
109 1056.878000 1056.826008 17
110 1066.607000 1066.552568 13
111 1076.607000 1112.798916 10
112 1085.691000 1122.798916 0
113 1095.691000 1095.347833 13
114 1104.986000 1162.722506 17
115 1115.086000 1115.244353 26
116 1124.734000 1163.343170 10
117 1133.904000 1132.955709 16
118 1143.738000 1111.520658 8
119 1153.068000 1121.520658 0
120 1162.582000 1163.046264 23
121 1172.470000 1170.827513 11
122 1181.693000 1181.409300 21
123 1191.553000 1191.409300 0
124 1201.148000 1202.890679 11
125 1211.148000 1211.378984 11
126 1220.338000 1221.012983 15
127 1229.986000 1229.849572 11
128 1239.076000 1235.856346 14
129 1249.076000 1278.668415 8
130 1257.800000 1288.668415 0
131 1267.668000 1268.767276 11
132 1278.014000 1279.617440 19
133 1288.014000 1286.409621 29
134 1297.789000 1297.936610 21
135 1307.517000 1307.129998 16
136 1317.517000 1317.129998 0
137 1327.250000 1327.774767 15
138 1336.985000 1336.702836 19
139 1346.985000 1346.374600 17
140 1356.581000 1355.582026 20
141 1365.299000 1365.582026 0
142 1375.105000 1375.582026 0
143 1385.579000 1385.582026 0
144 1395.579000 1396.453678 26
145 1405.579000 1405.827701 27
146 1415.931000 1415.118095 16
147 1425.340000 1425.118095 0
148 1434.351000 1435.118095 0
149 1443.813000 1444.272052 17
150 1453.703000 1453.044883 21
151 1463.450000 1477.930364 8
152 1471.333000 1487.930364 0
153 1481.566000 1482.127234 15
154 1491.044000 1490.076461 29
155 1500.579000 1500.076461 0
156 1510.173000 1510.166672 10
157 1520.607000 1520.166672 0
158 1530.868000 1530.166672 0
159 1540.607000 1540.166672 0
160 1549.968000 1550.166672 0
161 1560.345000 1566.648875 10
162 1570.539000 1570.736418 18
163 1579.858000 1580.425241 17
164 1589.858000 1590.425241 0
165 1599.858000 1599.864500 9
166 1610.086000 1609.864500 0
167 1620.615000 1621.241096 20
168 1631.827000 1630.744808 9
169 1641.168000 1641.480635 19
170 1651.300000 1651.010895 15
171 1663.636000 1663.253863 9
172 1672.749000 1672.169826 21
173 1683.172000 1682.169826 0
174 1693.095000 1693.214697 17
175 1702.956000 1701.127858 18
176 1713.607000 1711.127858 0
177 1724.031000 1721.127858 0
178 1734.031000 1731.127858 0
179 1742.838000 1744.573560 21
180 1752.449000 1751.547092 21
181 1760.542000 1761.046808 13
182 1770.715000 1768.888613 13
183 1780.992000 1778.888613 0
184 1790.832000 1790.495471 11
185 1800.832000 1800.692540 15
186 1810.721000 1810.677274 30
187 1820.617000 1820.427405 28
188 1830.360000 1830.320055 24
189 1840.013000 1840.144375 38
190 1849.209000 1850.144375 0
191 1860.090000 1861.953784 15
192 1869.680000 1871.874479 13
193 1879.478000 1879.010680 15
194 1889.402000 1891.255180 13
195 1899.097000 1899.428488 21
196 1908.417000 1906.028022 12
197 1917.757000 1916.028022 0
198 1926.911000 1928.034324 25
199 1937.293000 1939.204950 11
200 1946.883000 1947.074479 12
201 1954.809000 1954.792323 18
202 1964.620000 1986.832347 9
203 1974.782000 1996.832347 0
204 1985.579000 1986.950489 17
205 1995.308000 1995.146870 25
206 2005.308000 2005.146870 0
207 2015.204000 2015.146870 0
208 2024.919000 2023.501417 27
209 2034.823000 2033.501417 0
210 2044.823000 2046.566781 30
211 2053.733000 2054.687888 16
212 2065.736000 2064.842149 23
213 2075.432000 2074.612724 18
214 2085.432000 2073.424642 8
215 2095.640000 2083.424642 0
216 2105.535000 2106.539710 10
217 2116.249000 2116.539710 0
218 2125.944000 2126.159641 21
219 2135.944000 2135.849188 22
220 2146.477000 2146.291376 20
221 2156.339000 2156.291376 0
222 2166.172000 2166.569990 18
223 2176.248000 2176.569990 0
224 2185.589000 2186.569990 0
225 2195.326000 2196.236880 22
226 2205.520000 2204.504694 17
227 2217.024000 2217.816550 23
228 2227.821000 2228.987780 14
229 2237.286000 2237.216175 36
230 2246.071000 2246.295846 10
231 2256.071000 2256.292146 12
232 2265.092000 2263.220305 12
233 2275.092000 2273.514743 13
234 2284.908000 2285.129232 20
235 2294.908000 2293.897725 23
236 2304.609000 2304.583115 20
237 2314.609000 2314.452783 10
238 2324.304000 2324.630385 13
239 2334.304000 2332.042365 13
240 2344.486000 2344.865913 20
241 2353.057000 2354.865913 0
242 2362.985000 2363.514806 13
243 2372.520000 2372.702099 22
244 2381.683000 2382.702099 0
245 2392.797000 2390.329765 20
246 2402.524000 2402.841165 28
247 2412.524000 2412.308365 35
248 2422.603000 2422.503664 13
249 2432.623000 2430.498832 8
250 2442.623000 2441.022392 24
251 2451.774000 2412.777825 9
252 2461.676000 2422.777825 0
253 2470.754000 2473.709164 13
254 2481.214000 2479.808833 22
255 2491.098000 2489.808833 0
256 2500.447000 2499.866988 16
257 2509.765000 2509.056195 30
258 2518.890000 2520.223935 20
259 2529.280000 2530.321694 8
260 2538.944000 2538.163837 9
261 2548.529000 2547.794955 12
262 2558.036000 2554.652032 8
263 2567.093000 2566.453447 11
264 2575.836000 2557.876836 10
265 2585.931000 2585.674947 18
266 2595.244000 2595.256130 8
267 2605.244000 2606.777956 14
268 2615.042000 2612.137760 22
269 2624.843000 2624.082284 15
270 2635.057000 2637.017597 20
271 2645.270000 2645.131007 16
272 2654.752000 2653.363126 11
273 2664.938000 2665.775160 13
274 2674.439000 2674.174405 20
275 2684.201000 2683.399999 17
276 2693.355000 2692.603483 23
277 2703.021000 2702.687442 11
278 2712.409000 2713.244281 17
279 2722.955000 2723.598255 18
280 2733.351000 2733.592658 44
281 2743.508000 2742.770443 23
282 2753.438000 2752.770443 0
283 2763.906000 2762.770443 0
284 2774.276000 2773.969084 16
285 2783.156000 2782.226693 10
286 2792.350000 2791.535334 9
287 2802.543000 2801.822932 15
288 2812.446000 2833.895857 10
289 2821.794000 2843.895857 0
290 2830.771000 2853.895857 0
291 2841.083000 2839.224219 13
292 2851.257000 2849.224219 0
293 2861.257000 2907.567150 11
294 2871.591000 2917.567150 0
295 2880.480000 2880.976172 15
296 2890.480000 2890.126832 26
297 2900.383000 2899.036484 23
298 2910.232000 2904.500696 10
299 2920.525000 2920.823629 14
300 2930.148000 2929.748636 20
301 2939.843000 2939.782862 29
302 2949.985000 2949.782862 0
303 2959.411000 2960.647995 10
304 2969.411000 2969.314456 15
305 2979.660000 2979.133210 24
306 2989.373000 2982.133508 12
307 2999.373000 3001.943180 9
308 3009.156000 3089.863808 13
309 3018.995000 3020.468202 22
310 3028.707000 3028.823157 19
311 3038.277000 3036.589300 13
312 3046.041000 3042.939881 11
313 3054.913000 3085.381516 8
314 3064.767000 3064.518867 16
315 3074.767000 3074.711063 8
316 3084.516000 3083.712370 17
317 3092.780000 3092.182021 24
318 3102.278000 3101.839133 22
319 3113.010000 3091.533124 8
320 3122.474000 3101.533124 0
321 3132.329000 3132.106162 23
322 3140.879000 3140.257133 17
323 3150.790000 3150.204990 17
324 3160.555000 3159.406225 10
325 3169.624000 3169.406225 0
326 3177.834000 3178.153456 16
327 3187.548000 3187.766113 25
328 3198.656000 3200.178826 12
329 3208.441000 3207.875806 13
330 3217.491000 3217.402881 21
331 3228.026000 3227.580382 23
332 3238.294000 3238.474581 11
333 3248.222000 3247.050908 12
334 3258.222000 3257.750389 16
335 3267.432000 3266.362494 12
336 3277.002000 3273.359414 11
337 3287.002000 3283.359414 0
338 3297.002000 3293.359414 0
339 3307.002000 3308.250844 32
340 3316.855000 3313.440220 8
341 3326.855000 3323.440220 0
342 3335.816000 3335.119516 18
343 3346.780000 3346.923915 29
344 3357.496000 3358.919761 20
345 3367.780000 3369.073654 10
346 3377.690000 3385.260330 9
347 3387.331000 3388.218399 18
348 3397.331000 3396.899260 16
349 3403.895000 3403.772604 9
350 3413.895000 3413.772604 0
351 3423.625000 3423.560724 19
352 3434.501000 3434.909322 14
353 3444.227000 3444.417587 25
354 3454.999000 3454.130441 23
355 3464.135000 3463.740146 25
356 3474.135000 3473.740146 0
357 3484.135000 3483.717436 18
358 3493.815000 3493.861599 12
359 3503.474000 3502.695333 22
360 3513.133000 3512.122477 14
361 3522.614000 3522.122477 0
362 3532.614000 3522.633316 9
363 3540.698000 3540.650664 8
364 3549.319000 3550.417448 11
365 3560.035000 3560.417448 0
366 3570.427000 3570.106508 9
367 3579.853000 3579.411896 19
368 3588.868000 3589.047818 13
369 3597.758000 3583.791478 8
370 3608.598000 3593.791478 0
371 3619.205000 3603.791478 0
372 3630.495000 3630.092214 18
373 3639.841000 3639.493598 15
374 3650.150000 3649.493598 0
375 3658.773000 3659.493598 0
376 3669.988000 3669.493598 0
377 3675.443000 3679.493598 0
378 3686.082000 3685.790752 17
379 3696.082000 3695.790752 0
380 3707.480000 3705.790752 0
381 3717.480000 3715.790752 0
382 3727.480000 3725.790752 0
383 3737.086000 3736.599471 8
384 3746.943000 3747.188329 10
385 3756.241000 3753.933419 11
386 3766.400000 3763.933419 0
387 3776.400000 3759.054076 10
388 3786.400000 3785.478354 29
389 3795.665000 3795.047271 16
390 3803.874000 3803.831725 21
391 3813.588000 3812.984572 39
392 3823.819000 3823.190837 14
393 3833.460000 3833.190837 0
394 3842.278000 3843.102305 18
395 3852.672000 3852.562560 21
396 3863.100000 3863.106290 10
397 3873.868000 3874.334426 11
398 3883.688000 3882.515010 23
399 3892.560000 3891.535160 31
400 3903.079000 3902.847011 17
401 3913.113000 3913.739327 20
402 3922.683000 3922.212813 14
403 3932.467000 3931.402515 17
404 3942.324000 3941.684787 12
405 3950.945000 3948.973781 10
406 3960.478000 3963.933192 14
407 3970.818000 3973.933192 0
408 3980.709000 3980.980815 12
409 3987.524000 3987.747977 22
410 3997.721000 3998.264615 28
411 4007.827000 4007.681168 11
412 4017.827000 4017.667883 16
413 4027.055000 4027.387568 8
414 4036.481000 4098.881221 10
415 4046.481000 4045.122350 8
416 4055.175000 4053.959118 25
417 4064.458000 4064.171845 20
418 4073.867000 4074.171845 0
419 4082.614000 4082.434238 12
420 4093.775000 4092.434238 0
421 4102.647000 4103.035608 23
422 4111.877000 4112.854399 11
423 4121.715000 4120.806198 20
424 4130.747000 4130.806198 0
425 4140.193000 4140.515958 29
426 4150.031000 4149.987666 10
427 4159.457000 4160.846518 13
428 4170.041000 4170.039470 12
429 4179.827000 4179.582321 25
430 4189.240000 4189.422665 22
431 4198.753000 4198.586714 15
432 4208.351000 4208.792403 17
433 4217.789000 4218.189770 24
434 4227.286000 4227.111936 14
435 4236.999000 4236.512022 17
436 4244.888000 4245.529617 12
437 4254.888000 4253.297882 16
438 4264.439000 4266.030231 10
439 4274.258000 4274.814008 21
440 4284.043000 4284.358911 27
441 4294.402000 4294.233276 32
442 4303.916000 4303.368679 28
443 4313.916000 4311.955032 12
444 4323.916000 4323.726816 11
445 4333.452000 4333.512039 28
446 4343.452000 4343.524421 25
447 4353.696000 4353.048999 13
448 4363.535000 4363.521867 11
449 4373.659000 4373.521867 0
450 4384.141000 4383.521867 0
451 4393.800000 4393.970948 12
452 4403.011000 4403.675900 11
453 4412.922000 4410.987571 26
454 4421.741000 4421.407733 17
455 4431.202000 4431.407733 0
456 4440.558000 4440.866119 20
457 4450.718000 4451.716902 17
458 4460.914000 4462.109098 24
459 4468.980000 4469.304930 28
460 4477.834000 4479.304930 0
461 4487.834000 4486.850215 15
462 4496.760000 4530.417620 8
463 4505.714000 4540.417620 0
464 4514.669000 4587.643549 11
465 4522.896000 4523.858484 9
466 4532.554000 4577.749056 13
467 4540.771000 4587.749056 0
468 4549.692000 4579.865981 8
469 4558.663000 4558.829819 15
470 4568.567000 4574.866369 10
471 4579.446000 4577.280695 12
472 4586.385000 4588.118053 14
473 4596.676000 4596.337834 9
474 4606.008000 4607.637155 26
475 4615.820000 4617.637155 0
476 4624.232000 4627.637155 0
477 4633.843000 4633.287348 23
478 4643.506000 4643.615825 21
479 4652.917000 4653.951109 18
480 4662.917000 4660.801370 8
481 4672.917000 4671.553828 35
