001 0.000000 0.723872 45
002 10.000000 9.992177 20
003 20.000000 19.992177 0
004 28.072000 30.195284 9
005 38.058000 39.723507 16
006 48.059000 48.070430 39
007 58.056000 58.240886 26
008 68.056000 68.123808 35
009 78.056000 77.883359 41
010 88.056000 88.268987 38
011 98.056000 97.974398 75
012 108.056000 108.091949 58
013 118.056000 118.059218 48
014 128.056000 128.042851 60
015 138.056000 138.046075 49
016 148.056000 148.046776 61
017 158.056000 158.022104 52
018 168.056000 167.967350 50
019 178.056000 178.226425 57
020 188.056000 188.022406 78
021 198.056000 198.045455 57
022 208.056000 207.991138 69
023 218.056000 217.974999 43
024 228.056000 240.960685 15
025 238.056000 240.309386 25
026 248.056000 247.769806 8
027 258.311000 261.043503 9
028 268.392000 268.778445 13
029 278.457000 278.082726 31
030 288.680000 304.214326 8
031 299.265000 300.091186 27
032 309.265000 309.354416 14
033 319.460000 319.354416 0
034 329.886000 329.354416 0
035 331.489000 339.354416 0
036 341.050000 349.354416 0
037 352.269000 327.456494 8
038 362.269000 367.157934 12
039 372.483000 373.146880 13
040 382.483000 383.590968 19
041 392.844000 390.117461 12
042 403.556000 404.271883 30
043 414.326000 414.271883 0
044 424.449000 424.257370 18
045 434.768000 434.450140 23
046 444.768000 444.450140 0
047 452.651000 453.068998 20
048 462.775000 459.914588 10
049 472.194000 469.914588 0
050 482.194000 482.461849 25
051 491.877000 491.443751 21
052 501.624000 502.241312 19
053 511.427000 510.990861 13
054 520.978000 520.147363 14
055 530.978000 530.147363 0
056 541.619000 540.147363 0
057 550.842000 562.883153 8
058 560.228000 562.662613 21
059 569.286000 569.874994 18
060 578.659000 578.177469 22
061 588.915000 587.725867 17
062 598.555000 597.725867 0
063 608.681000 610.410633 14
064 619.259000 619.148018 35
065 628.721000 628.337240 20
066 638.369000 638.282692 11
067 647.991000 648.904417 14
068 657.851000 658.479674 23
069 666.916000 667.526027 23
070 675.899000 675.825559 22
071 685.573000 685.635068 11
072 695.248000 694.264927 14
073 705.586000 704.904597 10
074 715.395000 714.904597 0
075 725.261000 725.304649 20
076 734.717000 736.964777 11
077 745.217000 745.334860 22
078 755.217000 754.737713 14
079 764.858000 764.884170 8
080 774.506000 774.884170 0
081 785.429000 784.884170 0
082 796.513000 797.283841 23
083 806.746000 807.204346 14
084 816.819000 816.317471 16
085 826.819000 825.214499 18
086 836.249000 835.214499 0
087 846.163000 846.521377 17
088 856.163000 856.820878 8
089 864.873000 863.870206 10
090 873.220000 873.385275 30
091 883.027000 882.311911 22
092 892.860000 892.311911 0
093 902.860000 904.083919 14
094 912.210000 912.679662 11
095 921.433000 922.056570 13
096 931.433000 930.526338 21
097 940.742000 940.526338 0
098 949.547000 948.768788 12
099 958.617000 958.768788 0
100 968.324000 969.330330 15
101 977.329000 977.810510 16
102 987.329000 986.503431 13
103 997.595000 1053.611402 8
104 1007.336000 1006.759829 19
105 1017.463000 1016.759829 0
106 1028.014000 1028.045908 11
107 1037.881000 1038.296326 11
108 1046.619000 1046.100456 27
109 1056.878000 1057.048008 17
110 1066.607000 1111.295620 8
111 1076.607000 1111.997188 13
112 1085.691000 1121.997188 0
113 1095.691000 1095.493236 17
114 1104.986000 1162.905711 16
115 1115.086000 1115.418059 23
116 1124.734000 1163.675938 11
117 1133.904000 1132.891441 15
118 1143.738000 1146.066838 8
119 1153.068000 1156.066838 0
120 1162.582000 1163.304750 24
121 1172.470000 1171.576753 14
122 1181.693000 1181.423934 22
123 1191.553000 1191.423934 0
124 1201.148000 1202.733738 12
125 1211.148000 1211.375804 13
126 1220.338000 1221.000408 12
127 1229.986000 1230.019513 9
128 1239.076000 1236.315345 12
129 1249.076000 1246.315345 0
130 1257.800000 1256.315345 0
131 1267.668000 1266.315345 0
132 1278.014000 1279.166053 24
133 1288.014000 1286.569504 30
134 1297.789000 1297.936988 22
135 1307.517000 1306.652545 15
136 1317.517000 1316.652545 0
137 1327.250000 1274.766713 12
138 1336.985000 1336.682163 19
139 1346.985000 1346.392000 17
140 1356.581000 1355.932478 18
141 1365.299000 1364.848239 16
142 1375.105000 1374.848239 0
143 1385.579000 1386.029836 9
144 1395.579000 1396.546318 24
145 1405.579000 1405.811687 25
146 1415.931000 1415.119379 13
147 1425.340000 1425.119379 0
148 1434.351000 1435.119379 0
149 1443.813000 1444.666609 14
150 1453.703000 1452.993804 19
151 1463.450000 1462.993804 0
152 1471.333000 1472.993804 0
153 1481.566000 1481.371420 15
154 1491.044000 1489.455576 28
155 1500.579000 1499.455576 0
156 1510.173000 1509.849475 10
157 1520.607000 1522.065595 10
158 1530.868000 1532.065595 0
159 1540.607000 1542.065595 0
160 1549.968000 1552.065595 0
161 1560.345000 1566.512073 12
162 1570.539000 1569.713408 19
163 1579.858000 1580.584442 16
164 1589.858000 1590.584442 0
165 1599.858000 1599.404907 11
166 1610.086000 1609.404907 0
167 1620.615000 1621.125258 18
168 1631.827000 1631.125258 0
169 1641.168000 1641.480635 19
170 1651.300000 1650.989832 14
171 1663.636000 1664.224668 10
172 1672.749000 1671.937011 20
173 1683.172000 1681.937011 0
174 1693.095000 1693.012950 17
175 1702.956000 1701.803286 16
176 1713.607000 1703.475446 10
177 1724.031000 1723.722677 12
178 1734.031000 1733.722677 0
179 1742.838000 1744.432743 21
180 1752.449000 1751.717214 21
181 1760.542000 1760.715837 14
182 1770.715000 1768.888613 13
183 1780.992000 1778.888613 0
184 1790.832000 1790.495471 11
185 1800.832000 1801.247687 16
186 1810.721000 1810.692343 30
187 1820.617000 1820.496147 24
188 1830.360000 1830.248909 24
189 1840.013000 1839.854792 35
190 1849.209000 1849.854792 0
191 1860.090000 1859.854792 0
192 1869.680000 1872.144373 13
193 1879.478000 1879.657587 12
194 1889.402000 1890.331948 14
195 1899.097000 1897.615099 21
196 1908.417000 1905.437890 12
197 1917.757000 1915.437890 0
198 1926.911000 1928.107579 23
199 1937.293000 1939.204449 11
200 1946.883000 1947.135132 11
201 1954.809000 1954.507239 18
202 1964.620000 1964.507239 0
203 1974.782000 1974.507239 0
204 1985.579000 1987.263279 14
205 1995.308000 1995.147967 24
206 2005.308000 2005.147967 0
207 2015.204000 2015.147967 0
208 2024.919000 2023.860590 25
209 2034.823000 2047.221341 10
210 2044.823000 2046.008925 35
211 2053.733000 2054.983703 17
212 2065.736000 2065.051139 21
213 2075.432000 2074.915325 16
214 2085.432000 2084.915325 0
215 2095.640000 2094.915325 0
216 2105.535000 2105.625994 9
217 2116.249000 2115.625994 0
218 2125.944000 2126.174160 20
219 2135.944000 2136.181092 21
220 2146.477000 2146.266007 21
221 2156.339000 2156.266007 0
222 2166.172000 2168.147350 14
223 2176.248000 2178.147350 0
224 2185.589000 2188.147350 0
225 2195.326000 2197.049146 20
226 2205.520000 2204.879320 21
227 2217.024000 2219.850638 16
228 2227.821000 2228.224113 16
229 2237.286000 2237.105521 34
230 2246.071000 2245.675964 9
231 2256.071000 2256.142186 11
232 2265.092000 2263.472848 11
233 2275.092000 2273.368261 13
234 2284.908000 2285.132757 20
235 2294.908000 2294.010449 22
236 2304.609000 2304.598727 17
237 2314.609000 2314.453555 9
238 2324.304000 2324.453555 0
239 2334.304000 2332.159353 18
240 2344.486000 2344.867076 20
241 2353.057000 2354.641670 8
242 2362.985000 2363.434053 14
243 2372.520000 2372.604610 22
244 2381.683000 2380.725297 10
245 2392.797000 2390.469103 24
246 2402.524000 2403.077617 31
247 2412.524000 2412.292396 32
248 2422.603000 2422.505314 13
249 2432.623000 2431.435275 11
250 2442.623000 2441.499197 25
251 2451.774000 2451.499197 0
252 2461.676000 2461.499197 0
253 2470.754000 2474.965168 9
254 2481.214000 2479.761981 21
255 2491.098000 2489.761981 0
256 2500.447000 2500.263233 16
257 2509.765000 2509.053644 28
258 2518.890000 2519.053644 0
259 2529.280000 2530.476162 8
260 2538.944000 2537.810531 12
261 2548.529000 2548.501736 20
262 2558.036000 2558.501736 0
263 2567.093000 2565.808159 12
264 2575.836000 2575.808159 0
265 2585.931000 2585.732511 17
266 2595.244000 2595.240426 8
267 2605.244000 2606.228149 13
268 2615.042000 2614.850878 16
269 2624.843000 2624.696041 24
270 2635.057000 2637.017597 20
271 2645.270000 2645.530456 17
272 2654.752000 2653.743255 9
273 2664.938000 2665.484199 16
274 2674.439000 2674.034170 17
275 2684.201000 2682.990042 12
276 2693.355000 2692.206902 18
277 2703.021000 2702.723959 11
278 2712.409000 2713.244281 17
279 2722.955000 2723.672544 16
280 2733.351000 2733.454810 42
281 2743.508000 2742.764197 23
282 2753.438000 2752.764197 0
283 2763.906000 2766.313713 12
284 2774.276000 2774.139553 15
285 2783.156000 2782.601716 13
286 2792.350000 2791.657811 11
287 2802.543000 2801.865750 16
288 2812.446000 2836.176830 9
289 2821.794000 2787.460889 8
290 2830.771000 2797.460889 0
291 2841.083000 2839.520580 13
292 2851.257000 2849.520580 0
293 2861.257000 2907.567150 11
294 2871.591000 2917.567150 0
295 2880.480000 2880.917712 16
296 2890.480000 2890.122625 25
297 2900.383000 2899.037317 23
298 2910.232000 2903.892907 9
299 2920.525000 2920.330858 13
300 2930.148000 2928.454081 18
301 2939.843000 2939.730367 30
302 2949.985000 2950.176362 8
303 2959.411000 2954.848981 10
304 2969.411000 2969.353598 17
305 2979.660000 2978.805764 20
306 2989.373000 2982.776452 11
307 2999.373000 3002.928489 8
308 3009.156000 3089.586031 13
309 3018.995000 3020.619320 25
310 3028.707000 3028.732120 17
311 3038.277000 3036.993079 12
312 3046.041000 3042.939881 11
313 3054.913000 3082.206451 8
314 3064.767000 3064.547850 16
315 3074.767000 3074.391949 8
316 3084.516000 3084.486857 12
317 3092.780000 3092.233235 23
318 3102.278000 3101.936038 22
319 3113.010000 3090.636503 10
320 3122.474000 3100.636503 0
321 3132.329000 3131.630188 22
322 3140.879000 3140.344881 15
323 3150.790000 3150.140085 23
324 3160.555000 3159.497689 11
325 3169.624000 3169.497689 0
326 3177.834000 3178.454953 15
327 3187.548000 3187.757250 26
328 3198.656000 3200.087456 11
329 3208.441000 3207.795044 15
330 3217.491000 3217.619786 21
331 3228.026000 3227.366643 23
332 3238.294000 3238.585604 12
333 3248.222000 3246.941211 11
334 3258.222000 3258.019730 13
335 3267.432000 3266.355139 12
336 3277.002000 3273.556894 10
337 3287.002000 3283.556894 0
338 3297.002000 3293.556894 0
339 3307.002000 3308.359489 30
340 3316.855000 3312.228571 8
341 3326.855000 3322.228571 0
342 3335.816000 3335.151060 19
343 3346.780000 3346.941278 28
344 3357.496000 3358.861380 21
345 3367.780000 3367.997876 17
346 3377.690000 3383.600038 10
347 3387.331000 3387.791880 21
348 3397.331000 3396.614255 16
349 3403.895000 3403.897940 11
350 3413.895000 3413.897940 0
351 3423.625000 3423.498323 16
352 3434.501000 3434.909322 14
353 3444.227000 3444.245222 23
354 3454.999000 3453.917560 24
355 3464.135000 3464.525202 30
356 3474.135000 3471.469129 13
357 3484.135000 3483.643871 14
358 3493.815000 3493.795526 13
359 3503.474000 3502.498215 19
360 3513.133000 3513.152084 12
361 3522.614000 3523.152084 0
362 3532.614000 3533.152084 0
363 3540.698000 3502.281993 8
364 3549.319000 3550.338276 12
365 3560.035000 3560.338276 0
366 3570.427000 3570.499929 17
367 3579.853000 3579.395105 18
368 3588.868000 3589.305695 15
369 3597.758000 3599.305695 0
370 3608.598000 3609.305695 0
371 3619.205000 3619.305695 0
372 3630.495000 3629.486828 15
373 3639.841000 3639.409879 16
374 3650.150000 3649.409879 0
375 3658.773000 3659.409879 0
376 3669.988000 3669.409879 0
377 3675.443000 3679.409879 0
378 3686.082000 3686.343700 17
379 3696.082000 3696.343700 0
380 3707.480000 3706.343700 0
381 3717.480000 3716.343700 0
382 3727.480000 3726.343700 0
383 3737.086000 3736.581116 10
384 3746.943000 3788.839152 8
385 3756.241000 3753.647245 11
386 3766.400000 3763.647245 0
387 3776.400000 3784.460459 9
388 3786.400000 3785.502046 26
389 3795.665000 3795.326086 14
390 3803.874000 3804.116088 18
391 3813.588000 3813.277249 36
392 3823.819000 3822.420791 15
393 3833.460000 3832.420791 0
394 3842.278000 3843.055178 19
395 3852.672000 3852.569640 22
396 3863.100000 3863.128391 11
397 3873.868000 3874.397427 10
398 3883.688000 3882.513388 23
399 3892.560000 3891.468553 30
400 3903.079000 3903.089020 16
401 3913.113000 3913.219205 21
402 3922.683000 3922.147043 12
403 3932.467000 3931.087421 15
404 3942.324000 3941.675808 9
405 3950.945000 3947.759421 9
406 3960.478000 3966.358260 9
407 3970.818000 3976.358260 0
408 3980.709000 3980.936454 14
409 3987.524000 3987.842709 20
410 3997.721000 3998.283621 27
411 4007.827000 4007.708057 14
412 4017.827000 4017.285679 16
413 4027.055000 4027.285679 0
414 4036.481000 4037.285679 0
415 4046.481000 4045.161814 9
416 4055.175000 4053.827825 24
417 4064.458000 4063.883180 20
418 4073.867000 4073.883180 0
419 4082.614000 4082.246440 11
420 4093.775000 4092.246440 0
421 4102.647000 4102.717349 28
422 4111.877000 4113.379495 12
423 4121.715000 4120.970202 21
424 4130.747000 4130.787859 12
425 4140.193000 4140.505542 29
426 4150.031000 4150.383819 9
427 4159.457000 4161.463857 14
428 4170.041000 4170.234980 14
429 4179.827000 4179.566856 27
430 4189.240000 4189.337946 14
431 4198.753000 4198.560972 15
432 4208.351000 4209.500359 22
433 4217.789000 4218.285260 24
434 4227.286000 4227.302220 17
435 4236.999000 4236.474273 16
436 4244.888000 4245.425757 16
437 4254.888000 4255.425757 0
438 4264.439000 4265.778386 12
439 4274.258000 4274.950274 22
440 4284.043000 4284.382708 26
441 4294.402000 4294.037750 29
442 4303.916000 4303.378632 22
443 4313.916000 4313.378632 0
444 4323.916000 4323.726816 11
445 4333.452000 4333.618471 30
446 4343.452000 4343.523021 24
447 4353.696000 4352.884643 15
448 4363.535000 4361.519545 10
449 4373.659000 4371.519545 0
450 4384.141000 4381.519545 0
451 4393.800000 4394.582817 10
452 4403.011000 4403.351583 9
453 4412.922000 4411.211731 27
454 4421.741000 4421.864684 20
455 4431.202000 4431.864684 0
456 4440.558000 4441.308564 16
457 4450.718000 4451.466567 19
458 4460.914000 4462.714880 20
459 4468.980000 4469.284416 26
460 4477.834000 4479.284416 0
461 4487.834000 4486.235868 15
462 4496.760000 4530.681557 8
463 4505.714000 4540.681557 0
464 4514.669000 4587.678195 10
465 4522.896000 4523.858484 9
466 4532.554000 4577.749056 13
467 4540.771000 4587.749056 0
468 4549.692000 4597.749056 0
469 4558.663000 4558.676791 13
470 4568.567000 4575.518540 11
471 4579.446000 4577.300553 12
472 4586.385000 4588.685964 15
473 4596.676000 4596.334211 11
474 4606.008000 4607.628509 24
475 4615.820000 4617.628509 0
476 4624.232000 4627.628509 0
477 4633.843000 4633.452532 28
478 4643.506000 4643.895706 15
479 4652.917000 4653.970825 22
480 4662.917000 4661.571997 8
481 4672.917000 4670.904203 30
