001 0.000000 -0.094381 92
002 10.000000 9.971414 38
003 20.000000 18.528751 28
004 28.072000 28.148791 23
005 38.058000 38.084266 28
006 48.059000 48.046999 40
007 58.056000 58.002424 22
008 68.056000 67.976714 42
009 78.056000 78.074127 49
010 88.056000 88.073112 52
011 98.056000 97.994705 70
012 108.056000 108.184266 72
013 118.056000 118.079019 58
014 128.056000 128.091439 74
015 138.056000 138.075887 69
016 148.056000 148.082288 69
017 158.056000 158.279912 88
018 168.056000 168.079767 62
019 178.056000 178.229689 62
020 188.056000 188.089129 81
021 198.056000 198.088230 79
022 208.056000 208.077202 75
023 218.056000 218.142473 79
024 228.056000 227.794231 40
025 238.056000 239.153028 40
026 248.056000 248.503353 28
027 258.311000 260.069595 18
028 268.392000 268.969489 16
029 278.457000 278.269081 31
030 288.680000 287.743935 20
031 299.265000 300.129668 32
032 309.265000 309.188793 26
033 319.460000 317.386742 10
034 329.886000 327.386742 0
035 331.489000 391.065357 8
036 341.050000 401.065357 0
037 352.269000 366.531889 16
038 362.269000 368.985356 14
039 372.483000 368.173604 11
040 382.483000 383.145080 33
041 392.844000 393.274312 25
042 403.556000 404.770580 48
043 414.326000 414.770580 0
044 424.449000 424.183355 31
045 434.768000 434.573249 32
046 444.768000 518.311066 8
047 452.651000 453.795295 17
048 462.775000 461.102274 11
049 472.194000 507.090997 9
050 482.194000 482.349092 19
051 491.877000 493.488079 33
052 501.624000 502.181264 34
053 511.427000 510.488464 26
054 520.978000 520.623843 24
055 530.978000 530.973868 18
056 541.619000 541.752963 12
057 550.842000 563.934154 8
058 560.228000 562.375994 16
059 569.286000 569.964681 17
060 578.659000 576.803437 21
061 588.915000 627.684865 10
062 598.555000 569.020993 9
063 608.681000 609.512850 14
064 619.259000 618.888013 42
065 628.721000 628.304088 30
066 638.369000 635.726016 10
067 647.991000 645.726016 0
068 657.851000 661.259859 12
069 666.916000 666.450868 28
070 675.899000 675.420223 26
071 685.573000 685.729939 37
072 695.248000 695.541753 25
073 705.586000 705.891395 28
074 715.395000 715.891395 0
075 725.261000 725.368648 36
076 734.717000 820.093350 17
077 745.217000 745.212908 27
078 755.217000 755.288878 32
079 764.858000 763.876890 17
080 774.506000 773.876890 0
081 785.429000 786.449500 14
082 796.513000 796.713347 38
083 806.746000 806.822799 17
084 816.819000 816.806965 24
085 826.819000 826.136975 41
086 836.249000 836.136975 0
087 846.163000 847.059338 26
088 856.163000 855.958887 11
089 864.873000 864.933749 13
090 873.220000 873.111014 31
091 883.027000 883.924105 16
092 892.860000 891.510593 11
093 902.860000 903.513906 27
094 912.210000 911.316798 28
095 921.433000 923.288654 12
096 931.433000 931.129385 34
097 940.742000 940.178706 17
098 949.547000 949.454873 28
099 958.617000 960.198302 11
100 968.324000 968.010315 21
101 977.329000 978.375889 33
102 987.329000 987.556747 34
103 997.595000 996.047751 22
104 1007.336000 1007.555134 17
105 1017.463000 1040.389178 8
106 1028.014000 1030.059047 16
107 1037.881000 1037.529709 13
108 1046.619000 1046.662492 32
109 1056.878000 1057.180904 23
110 1066.607000 1066.236164 25
111 1076.607000 1102.916820 8
112 1085.691000 1086.236596 15
113 1095.691000 1095.881005 46
114 1104.986000 1106.049304 32
115 1115.086000 1114.788784 31
116 1124.734000 1123.918282 27
117 1133.904000 1132.322264 15
118 1143.738000 1143.421540 37
119 1153.068000 1153.455385 21
120 1162.582000 1162.945756 21
121 1172.470000 1171.938180 19
122 1181.693000 1181.003958 20
123 1191.553000 1191.003958 0
124 1201.148000 1201.198428 28
125 1211.148000 1210.574329 13
126 1220.338000 1220.057732 17
127 1229.986000 1229.826036 16
128 1239.076000 1238.657918 28
129 1249.076000 1277.916155 12
130 1257.800000 1259.612614 12
131 1267.668000 1269.628118 10
132 1278.014000 1278.073957 27
133 1288.014000 1288.546035 15
134 1297.789000 1297.992111 26
135 1307.517000 1345.351718 9
136 1317.517000 1355.351718 0
137 1327.250000 1327.903601 25
138 1336.985000 1336.915118 43
139 1346.985000 1346.458288 28
140 1356.581000 1356.194051 18
141 1365.299000 1397.119204 8
142 1375.105000 1377.498973 20
143 1385.579000 1339.901349 8
144 1395.579000 1395.648807 30
145 1405.579000 1405.774266 31
146 1415.931000 1416.078083 24
147 1425.340000 1422.640492 14
148 1434.351000 1432.640492 0
149 1443.813000 1444.853220 15
150 1453.703000 1453.847685 33
151 1463.450000 1462.828593 10
152 1471.333000 1472.148335 8
153 1481.566000 1482.148335 0
154 1491.044000 1490.114839 37
155 1500.579000 1501.381691 13
156 1510.173000 1508.437793 12
157 1520.607000 1521.266368 16
158 1530.868000 1530.999494 14
159 1540.607000 1540.603911 12
160 1549.968000 1566.694906 15
161 1560.345000 1560.694899 25
162 1570.539000 1569.271811 17
163 1579.858000 1580.149030 26
164 1589.858000 1590.149030 0
165 1599.858000 1630.497072 8
166 1610.086000 1610.438637 19
167 1620.615000 1622.264394 29
168 1631.827000 1633.615456 14
169 1641.168000 1640.863543 27
170 1651.300000 1651.256544 10
171 1663.636000 1661.256544 0
172 1672.749000 1672.293631 30
173 1683.172000 1685.158915 19
174 1693.095000 1694.533670 24
175 1702.956000 1702.657873 33
176 1713.607000 1710.791597 21
177 1724.031000 1724.407432 18
178 1734.031000 1733.001404 17
179 1742.838000 1743.250135 23
180 1752.449000 1751.654536 13
181 1760.542000 1760.642435 12
182 1770.715000 1771.109501 18
183 1780.992000 1766.978647 11
184 1790.832000 1789.883589 21
185 1800.832000 1800.325067 19
186 1810.721000 1810.954786 33
187 1820.617000 1820.495431 30
188 1830.360000 1830.261058 35
189 1840.013000 1839.585402 32
190 1849.209000 1849.585402 0
191 1860.090000 1861.140106 15
192 1869.680000 1869.517399 13
193 1879.478000 1879.986457 23
194 1889.402000 1889.569341 34
195 1899.097000 1898.423897 25
196 1908.417000 1904.595690 12
197 1917.757000 1918.530766 21
198 1926.911000 1927.257315 36
199 1937.293000 1937.439144 23
200 1946.883000 1946.035524 20
201 1954.809000 1954.130812 17
202 1964.620000 1952.394075 15
203 1974.782000 1937.743045 10
204 1985.579000 1985.921631 28
205 1995.308000 1995.377500 26
206 2005.308000 2005.083318 11
207 2015.204000 2061.060140 9
208 2024.919000 2023.757110 29
209 2034.823000 2033.757110 0
210 2044.823000 2045.287003 41
211 2053.733000 2135.333540 12
212 2065.736000 2066.393522 26
213 2075.432000 2074.917465 29
214 2085.432000 2085.514136 29
215 2095.640000 2095.514136 0
216 2105.535000 2076.615503 9
217 2116.249000 2117.246683 14
218 2125.944000 2126.167443 34
219 2135.944000 2136.255092 20
220 2146.477000 2146.269982 19
221 2156.339000 2157.139725 23
222 2166.172000 2166.829111 35
223 2176.248000 2175.938586 14
224 2185.589000 2184.651816 11
225 2195.326000 2195.285772 27
226 2205.520000 2204.755669 27
227 2217.024000 2217.730707 29
228 2227.821000 2227.764844 21
229 2237.286000 2237.054992 37
230 2246.071000 2245.897043 15
231 2256.071000 2254.619053 20
232 2265.092000 2264.214523 20
233 2275.092000 2275.933111 14
234 2284.908000 2284.884020 28
235 2294.908000 2295.591640 33
236 2304.609000 2304.505614 31
237 2314.609000 2312.039693 12
238 2324.304000 2323.983316 20
239 2334.304000 2331.879957 9
240 2344.486000 2344.866885 18
241 2353.057000 2356.558623 13
242 2362.985000 2362.742666 12
243 2372.520000 2372.278247 33
244 2381.683000 2379.514823 15
245 2392.797000 2386.747787 13
246 2402.524000 2402.586011 32
247 2412.524000 2412.530997 42
248 2422.603000 2422.480495 32
249 2432.623000 2431.981588 30
250 2442.623000 2441.955183 29
251 2451.774000 2450.974723 35
252 2461.676000 2460.974723 0
253 2470.754000 2472.832066 15
254 2481.214000 2480.680019 41
255 2491.098000 2558.724619 11
256 2500.447000 2499.953615 18
257 2509.765000 2509.347967 27
258 2518.890000 2520.258512 14
259 2529.280000 2529.596394 17
260 2538.944000 2539.300619 33
261 2548.529000 2549.532481 28
262 2558.036000 2557.010344 18
263 2567.093000 2567.009779 13
264 2575.836000 2598.455038 9
265 2585.931000 2586.158133 28
266 2595.244000 2595.277719 21
267 2605.244000 2605.711112 25
268 2615.042000 2614.589500 31
269 2624.843000 2624.355238 15
270 2635.057000 2611.649924 8
271 2645.270000 2646.379443 30
272 2654.752000 2656.379443 0
273 2664.938000 2664.599164 25
274 2674.439000 2674.364192 13
275 2684.201000 2684.781978 15
276 2693.355000 2696.558212 21
277 2703.021000 2703.440952 21
278 2712.409000 2712.497642 15
279 2722.955000 2723.592587 36
280 2733.351000 2733.264421 35
281 2743.508000 2743.302689 22
282 2753.438000 2753.302689 0
283 2763.906000 2764.521130 12
284 2774.276000 2774.190449 25
285 2783.156000 2783.160116 28
286 2792.350000 2790.407603 17
287 2802.543000 2802.143366 11
288 2812.446000 2812.143366 0
289 2821.794000 2824.150821 15
290 2830.771000 2830.722283 9
291 2841.083000 2842.690709 9
292 2851.257000 2850.241265 13
293 2861.257000 2860.241265 0
294 2871.591000 2912.692539 8
295 2880.480000 2881.062771 16
296 2890.480000 2890.323314 21
297 2900.383000 2900.845160 28
298 2910.232000 2909.704355 17
299 2920.525000 2920.664346 17
300 2930.148000 2930.273798 35
301 2939.843000 2940.130870 24
302 2949.985000 2950.129787 20
303 2959.411000 2959.891439 20
304 2969.411000 2968.312954 22
305 2979.660000 2979.118687 31
306 2989.373000 2983.727055 9
307 2999.373000 3000.163143 9
308 3009.156000 3094.749599 13
309 3018.995000 3019.993151 27
310 3028.707000 3028.579613 22
311 3038.277000 3037.532762 10
312 3046.041000 3045.918223 18
313 3054.913000 3055.918223 0
314 3064.767000 3066.545921 11
315 3074.767000 3074.473278 26
316 3084.516000 3084.158924 20
317 3092.780000 3092.306371 23
318 3102.278000 3101.781766 21
319 3113.010000 3110.811069 25
320 3122.474000 3082.003721 12
321 3132.329000 3131.685360 28
322 3140.879000 3140.169832 34
323 3150.790000 3150.768219 19
324 3160.555000 3159.389721 19
325 3169.624000 3169.389721 0
326 3177.834000 3179.389721 0
327 3187.548000 3187.636350 26
328 3198.656000 3198.867253 26
329 3208.441000 3207.998237 20
330 3217.491000 3217.755009 24
331 3228.026000 3226.384248 13
332 3238.294000 3236.384248 0
333 3248.222000 3248.011234 14
334 3258.222000 3257.769120 35
335 3267.432000 3266.959325 23
336 3277.002000 3276.521444 36
337 3287.002000 3286.848383 12
338 3297.002000 3296.848383 0
339 3307.002000 3308.629652 25
340 3316.855000 3316.417247 9
341 3326.855000 3328.652480 23
342 3335.816000 3336.014762 15
343 3346.780000 3346.004082 17
344 3357.496000 3357.955621 19
345 3367.780000 3367.753228 36
346 3377.690000 3377.559404 10
347 3387.331000 3387.605469 21
348 3397.331000 3397.483130 27
349 3403.895000 3404.338307 22
350 3413.895000 3414.338307 0
351 3423.625000 3423.904154 20
352 3434.501000 3434.832116 13
353 3444.227000 3444.538968 25
354 3454.999000 3454.858518 20
355 3464.135000 3464.526902 38
356 3474.135000 3474.526902 0
357 3484.135000 3484.206259 21
358 3493.815000 3494.098975 27
359 3503.474000 3503.201462 27
360 3513.133000 3512.779730 29
361 3522.614000 3521.996404 29
362 3532.614000 3526.296678 10
363 3540.698000 3540.982809 21
364 3549.319000 3549.143790 14
365 3560.035000 3559.671491 9
366 3570.427000 3570.533386 19
367 3579.853000 3579.682323 26
368 3588.868000 3585.033580 12
369 3597.758000 3598.085831 23
370 3608.598000 3610.847976 12
371 3619.205000 3619.158254 14
372 3630.495000 3630.108127 26
373 3639.841000 3639.900822 27
374 3650.150000 3649.900822 0
375 3658.773000 3661.443061 11
376 3669.988000 3666.364810 8
377 3675.443000 3676.267932 11
378 3686.082000 3686.631371 38
379 3696.082000 3696.631371 0
380 3707.480000 3709.500153 27
381 3717.480000 3720.759671 34
382 3727.480000 3721.576775 17
383 3737.086000 3738.130364 13
384 3746.943000 3754.458152 12
385 3756.241000 3757.362825 31
386 3766.400000 3766.134748 24
387 3776.400000 3759.946799 16
388 3786.400000 3787.429474 23
389 3795.665000 3794.868993 24
390 3803.874000 3802.377036 24
391 3813.588000 3813.838168 34
392 3823.819000 3823.440244 18
393 3833.460000 3868.134005 9
394 3842.278000 3842.366876 26
395 3852.672000 3852.220462 23
396 3863.100000 3864.420673 12
397 3873.868000 3873.911611 19
398 3883.688000 3883.164209 17
399 3892.560000 3890.943087 28
400 3903.079000 3902.958262 29
401 3913.113000 3913.914296 14
402 3922.683000 3922.400517 29
403 3932.467000 3932.268907 27
404 3942.324000 3938.816976 9
405 3950.945000 3950.991198 17
406 3960.478000 3963.486512 20
407 3970.818000 3971.105917 13
408 3980.709000 3980.777614 9
409 3987.524000 3988.088827 23
410 3997.721000 3998.179769 35
411 4007.827000 4006.482991 16
412 4017.827000 4023.531241 10
413 4027.055000 4026.585069 26
414 4036.481000 4036.946444 24
415 4046.481000 4046.262241 19
416 4055.175000 4055.220370 26
417 4064.458000 4064.504092 14
418 4073.867000 4074.504092 0
419 4082.614000 4084.504092 0
420 4093.775000 4094.973570 11
421 4102.647000 4102.860340 27
422 4111.877000 4111.986878 27
423 4121.715000 4121.713775 36
424 4130.747000 4153.162807 12
425 4140.193000 4140.263801 30
426 4150.031000 4150.201317 16
427 4159.457000 4160.138390 18
428 4170.041000 4169.811854 31
429 4179.827000 4179.511603 40
430 4189.240000 4189.291630 24
431 4198.753000 4199.419972 27
432 4208.351000 4208.370507 37
433 4217.789000 4218.031390 28
434 4227.286000 4227.213384 23
435 4236.999000 4236.949222 25
436 4244.888000 4244.959717 23
437 4254.888000 4253.522900 23
438 4264.439000 4263.522900 0
439 4274.258000 4274.708483 28
440 4284.043000 4284.220696 28
441 4294.402000 4293.983525 30
442 4303.916000 4303.800542 41
443 4313.916000 4311.325725 20
444 4323.916000 4325.348245 17
445 4333.452000 4333.887958 28
446 4343.452000 4343.953851 26
447 4353.696000 4352.598919 20
448 4363.535000 4363.780151 26
449 4373.659000 4352.475530 8
450 4384.141000 4385.915078 16
451 4393.800000 4394.322067 19
452 4403.011000 4403.293531 20
453 4412.922000 4412.059827 23
454 4421.741000 4421.035197 32
455 4431.202000 4470.266292 8
456 4440.558000 4441.291162 32
457 4450.718000 4450.709317 34
458 4460.914000 4461.160715 19
459 4468.980000 4469.061386 23
460 4477.834000 4476.531429 16
461 4487.834000 4524.136102 16
462 4496.760000 4511.750544 8
463 4505.714000 4579.637933 10
464 4514.669000 4590.557156 8
465 4522.896000 4632.705454 9
466 4532.554000 4575.627669 11
467 4540.771000 4589.032928 10
468 4549.692000 4599.032928 0
469 4558.663000 4566.183921 10
470 4568.567000 4575.094580 24
471 4579.446000 4577.332342 18
472 4586.385000 4586.880524 31
473 4596.676000 4596.744821 19
474 4606.008000 4606.116288 34
475 4615.820000 4575.294122 12
476 4624.232000 4623.539280 10
477 4633.843000 4633.721134 32
478 4643.506000 4643.425259 42
479 4652.917000 4652.400139 22
480 4662.917000 4662.861580 34
481 4672.917000 4672.801779 29
