001 0.000000 -0.211425 70
002 10.000000 9.692887 22
003 20.000000 19.947382 17
004 30.000000 29.788650 19
005 39.500000 39.923937 14
006 49.500000 49.708262 34
007 59.500000 59.490091 21
008 69.500000 69.535532 38
009 79.500000 79.417633 22
010 89.500000 89.477323 47
011 99.500000 99.531479 43
012 109.500000 109.602844 50
013 119.495000 119.408801 41
014 129.495000 129.560452 52
015 139.495000 139.290956 50
016 149.495000 149.459169 44
017 159.495000 159.646328 62
018 169.495000 169.466101 37
019 179.496000 179.528348 58
020 189.496000 189.624312 60
021 199.496000 199.407439 69
022 209.496000 209.471306 31
023 219.496000 219.197946 45
024 229.496000 229.451080 16
025 239.496000 240.026318 23
026 249.496000 249.914566 19
027 257.833000 260.013317 11
028 268.070000 270.935474 18
029 278.273000 279.358735 15
030 288.681000 281.535971 9
031 299.870000 301.731091 21
032 309.155000 308.230164 15
033 319.459000 318.230164 0
034 327.623000 328.230164 0
035 333.710000 395.474784 8
036 343.710000 405.474784 0
037 353.913000 367.357092 8
038 362.483000 372.118166 9
039 374.999000 382.118166 0
040 385.304000 384.657769 18
041 395.507000 393.522877 8
042 405.814000 405.527032 28
043 416.151000 397.947269 9
044 426.151000 407.947269 0
045 436.526000 436.630258 18
046 446.591000 446.630258 0
047 454.821000 455.636028 13
048 464.821000 465.636028 0
049 473.425000 506.019077 8
050 483.288000 485.259944 10
051 493.185000 493.726875 13
052 502.674000 506.002964 14
053 512.129000 516.002964 0
054 521.822000 519.049240 9
055 532.195000 529.049240 0
056 540.665000 539.049240 0
057 550.665000 549.049240 0
058 560.936000 559.049240 0
059 570.219000 571.460492 14
060 580.219000 581.460492 0
061 590.965000 590.616408 13
062 600.454000 600.320722 11
063 610.340000 610.312945 12
064 620.425000 621.792862 24
065 630.553000 627.705387 9
066 641.140000 637.705387 0
067 650.220000 647.705387 0
068 660.064000 660.103238 16
069 670.064000 670.103238 0
070 679.938000 678.792072 14
071 689.580000 690.329657 23
072 699.835000 698.747356 8
073 709.835000 707.720547 9
074 719.292000 722.491280 9
075 729.031000 731.406876 9
076 738.875000 739.105733 13
077 748.746000 748.597417 10
078 758.152000 758.277783 17
079 767.529000 804.489943 8
080 777.609000 814.489943 0
081 787.844000 824.489943 0
082 798.130000 798.115379 20
083 808.001000 807.603867 10
084 818.288000 818.346172 23
085 828.471000 823.923627 11
086 837.900000 833.923627 0
087 848.134000 854.513570 9
088 857.721000 857.979523 9
089 866.734000 867.149357 9
090 875.852000 876.050332 20
091 885.852000 885.523667 10
092 894.867000 869.530360 9
093 904.998000 905.049136 14
094 914.582000 914.319160 16
095 924.168000 925.920420 10
096 934.168000 932.905694 15
097 943.521000 942.905694 0
098 952.743000 951.332324 9
099 962.718000 962.886997 12
100 972.147000 972.195347 13
101 982.147000 980.636622 11
102 991.915000 990.375985 11
103 1002.124000 1000.814543 18
104 1012.593000 1010.814543 0
105 1022.696000 1020.814543 0
106 1032.179000 1030.814543 0
107 1041.271000 1041.851414 13
108 1051.090000 1051.553778 11
109 1061.324000 1061.553778 0
110 1071.092000 1071.553778 0
111 1081.067000 1081.553778 0
112 1090.341000 1091.553778 0
113 1100.264000 1101.553778 0
114 1110.601000 1110.407344 15
115 1120.188000 1120.375915 12
116 1129.695000 1129.457489 9
117 1139.543000 1139.301889 16
118 1148.939000 1148.895775 13
119 1159.306000 1159.190151 14
120 1168.955000 1169.242184 10
121 1178.580000 1179.242184 0
122 1188.580000 1189.242184 0
123 1198.222000 1199.242184 0
124 1208.379000 1209.242184 0
125 1218.491000 1220.872331 9
126 1228.491000 1228.608540 8
127 1237.938000 1237.356543 8
128 1248.097000 1247.356543 0
129 1257.411000 1257.356543 0
130 1267.338000 1267.826116 8
131 1277.474000 1278.145796 14
132 1287.371000 1288.145796 0
133 1295.957000 1298.145796 0
134 1306.140000 1308.145796 0
135 1316.557000 1318.145796 0
136 1325.905000 1327.144325 11
137 1336.205000 1336.618435 14
138 1346.205000 1345.963188 18
139 1355.472000 1353.628806 12
140 1365.786000 1363.628806 0
141 1375.106000 1373.628806 0
142 1384.732000 1383.628806 0
143 1394.373000 1394.245261 16
144 1403.969000 1403.715936 13
145 1413.772000 1413.715936 0
146 1423.807000 1419.403247 9
147 1432.759000 1429.403247 0
148 1442.185000 1447.247261 8
149 1452.185000 1452.644478 12
150 1461.552000 1460.683211 13
151 1469.403000 1470.683211 0
152 1481.218000 1481.134713 12
153 1491.130000 1491.134713 0
154 1501.296000 1501.134713 0
155 1511.430000 1511.134713 0
156 1521.754000 1521.134713 0
157 1531.842000 1531.134713 0
158 1540.884000 1541.134713 0
159 1551.794000 1551.626931 13
160 1561.076000 1562.505196 20
161 1570.996000 1571.738472 8
162 1580.996000 1581.690181 18
163 1590.875000 1591.690181 0
164 1600.220000 1601.690181 0
165 1609.660000 1611.690181 0
166 1616.952000 1617.460322 14
167 1627.628000 1631.914223 16
168 1638.073000 1636.767420 17
169 1647.976000 1647.659007 12
170 1659.699000 1657.659007 0
171 1669.718000 1668.901198 16
172 1680.298000 1678.901198 0
173 1690.007000 1690.047667 11
174 1700.007000 1699.408299 19
175 1710.047000 1709.475656 9
176 1719.833000 1719.356327 16
177 1729.931000 1729.901608 9
178 1740.105000 1740.038732 10
179 1750.008000 1750.215133 12
180 1759.659000 1758.911649 10
181 1768.983000 1768.911649 0
182 1778.325000 1777.529236 8
183 1786.836000 1787.529236 0
184 1796.991000 1797.529236 0
185 1806.991000 1807.993010 14
186 1817.339000 1818.403656 9
187 1826.856000 1826.673967 24
188 1836.740000 1838.972868 13
189 1847.455000 1848.972868 0
190 1858.635000 1858.972868 0
191 1868.326000 1869.372869 11
192 1878.248000 1878.299358 21
193 1887.920000 1887.575424 27
194 1897.340000 1895.676140 23
195 1905.560000 1905.676140 0
196 1915.773000 1915.676140 0
197 1925.308000 1925.348089 20
198 1935.308000 1935.348089 0
199 1945.308000 1944.755382 15
200 1955.077000 1954.755382 0
201 1964.709000 1964.755382 0
202 1974.265000 1974.755382 0
203 1984.091000 1989.904782 8
204 1994.419000 1999.904782 0
205 2003.917000 2009.904782 0
206 2014.342000 2019.904782 0
207 2024.342000 2024.195960 16
208 2034.748000 2034.195960 0
209 2044.497000 2044.418966 13
210 2052.930000 2055.878424 11
211 2063.510000 2063.312783 16
212 2073.510000 2073.103345 22
213 2083.181000 2082.904221 19
214 2092.775000 2075.797656 9
215 2102.699000 2074.925997 8
216 2113.085000 2112.785024 8
217 2122.582000 2123.128554 11
218 2132.582000 2133.128554 0
219 2142.621000 2143.128554 0
220 2152.621000 2140.677896 10
221 2162.408000 2163.748393 8
222 2171.964000 2171.723356 15
223 2181.132000 2180.191316 14
224 2192.079000 2192.480010 10
225 2201.906000 2201.003808 13
226 2212.564000 2211.003808 0
227 2222.486000 2222.224417 21
228 2231.635000 2231.478856 14
229 2240.552000 2238.474371 12
230 2248.869000 2248.474371 0
231 2259.720000 2295.696655 11
232 2269.584000 2264.758116 10
233 2279.663000 2274.758116 0
234 2289.295000 2289.644107 16
235 2299.140000 2297.340228 22
236 2308.309000 2308.626131 23
237 2318.309000 2318.626131 0
238 2328.433000 2326.134962 9
239 2338.700000 2338.262128 15
240 2348.841000 2348.262128 0
241 2357.638000 2358.262128 0
242 2367.556000 2368.262128 0
243 2377.556000 2378.262128 0
244 2387.492000 2388.262128 0
245 2397.492000 2398.262128 0
246 2407.245000 2407.021685 15
247 2416.888000 2417.021685 0
248 2426.625000 2426.463292 25
249 2436.625000 2434.183005 16
250 2446.625000 2444.183005 0
251 2455.791000 2454.183005 0
252 2465.563000 2466.284940 8
253 2475.219000 2475.297911 35
254 2484.752000 2484.533570 15
255 2494.345000 2559.250619 14
256 2503.590000 2569.250619 0
257 2513.327000 2579.250619 0
258 2522.425000 2596.431333 8
259 2532.425000 2606.431333 0
260 2542.010000 2616.431333 0
261 2551.132000 2656.975763 8
262 2560.594000 2666.975763 0
263 2569.813000 2676.975763 0
264 2579.056000 2686.975763 0
265 2588.033000 2696.975763 0
266 2597.181000 2706.975763 0
267 2607.181000 2716.975763 0
268 2616.802000 2726.975763 0
269 2625.949000 2736.975763 0
270 2635.336000 2746.975763 0
271 2645.336000 2756.975763 0
272 2654.752000 2766.975763 0
273 2664.938000 2776.975763 0
274 2673.879000 2786.975763 0
275 2684.329000 2796.975763 0
276 2693.608000 2806.975763 0
277 2703.396000 2816.975763 0
278 2712.325000 2826.975763 0
279 2723.233000 2836.975763 0
280 2733.586000 2846.975763 0
281 2743.313000 2856.975763 0
282 2753.123000 2866.975763 0
283 2760.110000 2876.975763 0
284 2770.319000 2886.975763 0
285 2780.069000 2896.975763 0
286 2790.069000 2906.975763 0
287 2800.298000 2916.975763 0
288 2810.104000 2926.975763 0
289 2819.480000 2936.975763 0
290 2829.025000 2946.975763 0
291 2839.102000 2956.975763 0
292 2849.021000 2966.975763 0
293 2858.916000 2976.975763 0
294 2869.329000 2986.975763 0
295 2877.668000 2996.975763 0
296 2887.442000 2959.440199 10
297 2897.795000 2969.440199 0
298 2907.293000 2979.440199 0
299 2917.175000 2989.440199 0
300 2926.998000 2999.440199 0
301 2935.746000 3009.440199 0
302 2945.436000 3000.489612 11
303 2955.356000 3010.489612 0
304 2964.522000 3020.489612 0
305 2974.983000 3030.489612 0
306 2985.603000 3040.489612 0
307 2995.729000 3050.489612 0
308 3006.629000 3060.489612 0
309 3014.953000 3070.489612 0
310 3024.823000 3080.489612 0
311 3034.477000 3090.489612 0
312 3043.168000 3100.489612 0
313 3051.342000 3110.489612 0
314 3061.468000 3060.811632 12
315 3071.381000 3070.811632 0
316 3080.242000 3080.866203 15
317 3090.518000 3088.547696 13
318 3099.379000 3099.627535 21
319 3109.614000 3109.399926 15
320 3119.010000 3119.399926 0
321 3128.279000 3134.083931 12
322 3137.870000 3137.371731 12
323 3146.021000 3146.014664 11
324 3155.866000 3155.344468 23
325 3165.193000 3165.344468 0
326 3174.701000 3175.344468 0
327 3184.357000 3185.344468 0
328 3194.357000 3196.712004 16
329 3204.267000 3204.806465 11
330 3213.801000 3214.196559 15
331 3224.560000 3225.208398 13
332 3234.264000 3235.208398 0
333 3244.615000 3245.208398 0
334 3253.814000 3255.208398 0
335 3263.814000 3265.208398 0
336 3273.940000 3273.758487 11
337 3283.138000 3283.758487 0
338 3294.383000 3293.758487 0
339 3302.959000 3303.758487 0
340 3312.556000 3313.006619 8
341 3323.005000 3323.006619 0
342 3334.161000 3333.006619 0
343 3344.480000 3343.006619 0
344 3354.582000 3353.006619 0
345 3364.582000 3363.006619 0
346 3374.424000 3372.670038 8
347 3384.424000 3385.951515 10
348 3394.511000 3394.577903 19
349 3404.275000 3404.577903 0
350 3414.420000 3414.577903 0
351 3423.839000 3424.577903 0
352 3434.227000 3434.577903 0
353 3443.973000 3443.659799 13
354 3454.135000 3453.746515 12
355 3463.796000 3463.748842 19
356 3473.317000 3473.748842 0
357 3483.002000 3483.421406 11
358 3491.710000 3491.949796 11
359 3501.231000 3500.959673 13
360 3511.079000 3510.488096 26
361 3520.698000 3520.502291 23
362 3530.154000 3530.502291 0
363 3539.741000 3539.835285 13
364 3549.838000 3549.835285 0
365 3559.823000 3559.835285 0
366 3571.457000 3572.663346 14
367 3581.369000 3582.663346 0
368 3590.500000 3589.267498 10
369 3600.241000 3599.267498 0
370 3610.648000 3609.267498 0
371 3620.496000 3682.736033 10
372 3631.869000 3631.474550 18
373 3640.968000 3641.003445 11
374 3651.042000 3651.003445 0
375 3660.726000 3661.003445 0
376 3667.063000 3665.969514 8
377 3675.057000 3675.969514 0
378 3686.171000 3685.772587 16
379 3694.652000 3695.772587 0
380 3705.060000 3708.350779 11
381 3715.001000 3712.825275 28
382 3725.044000 3712.131670 20
383 3733.674000 3722.131670 0
384 3743.809000 3743.917801 12
385 3753.461000 3753.912413 15
386 3763.193000 3754.922014 9
387 3772.288000 3764.922014 0
388 3781.697000 3783.272960 17
389 3791.239000 3790.950374 24
390 3799.153000 3799.837321 13
391 3809.153000 3809.837321 0
392 3818.946000 3819.837321 0
393 3828.946000 3876.597248 10
394 3839.290000 3886.597248 0
395 3849.127000 3849.681700 13
396 3859.366000 3857.238803 11
397 3869.880000 3869.881857 14
398 3879.793000 3878.974328 9
399 3889.165000 3888.974328 0
400 3898.538000 3901.282487 12
401 3908.473000 3913.006013 9
402 3918.296000 3918.541280 17
403 3928.034000 3927.351801 10
404 3937.025000 3937.351801 0
405 3945.670000 3947.351801 0
406 3954.797000 3957.351801 0
407 3963.756000 3967.351801 0
408 3975.048000 3974.974109 10
409 3981.645000 3984.974109 0
410 3992.690000 3994.974109 0
411 4002.457000 4001.831850 9
412 4011.982000 4060.538530 8
413 4021.430000 4023.393779 10
414 4030.624000 4030.816217 15
415 4040.513000 4040.851895 13
416 4049.727000 4047.596387 15
417 4058.371000 4057.596387 0
418 4068.258000 4065.315035 8
419 4076.974000 4118.522609 8
420 4085.661000 4085.537522 8
421 4096.585000 4098.148110 14
422 4105.894000 4105.775580 28
423 4115.448000 4114.250890 16
424 4123.311000 4121.631226 13
425 4132.804000 4132.620710 10
426 4142.148000 4144.653643 11
427 4151.574000 4154.653643 0
428 4160.897000 4161.407061 10
429 4170.041000 4169.839938 9
430 4180.202000 4179.550291 15
431 4189.466000 4189.550291 0
432 4198.878000 4199.550291 0
433 4208.352000 4208.532403 19
434 4218.124000 4219.225962 20
435 4228.124000 4227.924097 14
436 4237.399000 4237.924097 0
437 4245.914000 4245.926729 22
438 4255.326000 4253.756214 15
439 4264.948000 4264.185558 18
440 4274.331000 4274.569062 22
441 4284.331000 4284.842138 19
442 4294.866000 4295.043973 11
443 4304.488000 4304.184037 26
444 4314.081000 4346.668711 11
445 4323.524000 4356.668711 0
446 4333.314000 4333.499745 19
447 4342.679000 4342.655119 16
448 4351.252000 4346.894820 9
449 4361.175000 4360.087202 15
450 4371.247000 4370.087202 0
451 4380.061000 4380.087202 0
452 4388.724000 4390.211933 8
453 4397.957000 4398.191287 12
454 4408.286000 4408.191287 0
455 4418.401000 4417.466796 19
456 4427.665000 4427.466796 0
457 4437.586000 4437.898209 14
458 4447.586000 4448.490193 16
459 4457.586000 4455.802303 15
460 4466.965000 4467.028560 19
461 4476.557000 4477.745348 9
462 4485.941000 4487.745348 0
463 4495.941000 4490.297952 10
464 4504.556000 4500.297952 0
465 4514.556000 4510.297952 0
466 4524.310000 4605.351871 10
467 4532.555000 4615.351871 0
468 4542.555000 4584.006062 17
469 4551.201000 4585.975845 10
470 4561.332000 4595.975845 0
471 4572.125000 4605.975845 0
472 4581.268000 4585.108832 11
473 4590.771000 4591.729024 14
474 4600.003000 4643.261094 8
475 4610.003000 4607.574571 14
476 4619.399000 4576.478111 10
477 4627.343000 4630.862325 16
478 4636.335000 4636.004326 19
479 4646.109000 4644.872600 15
480 4655.421000 4654.872600 0
481 4665.421000 4665.436031 29
