001 0.000000 -0.031971 73
002 10.000000 9.878591 25
003 20.000000 20.428659 19
004 30.000000 29.923282 23
005 39.500000 39.647600 24
006 49.500000 49.459788 37
007 59.500000 59.492162 21
008 69.500000 69.476604 34
009 79.500000 79.371648 19
010 89.500000 89.548799 38
011 99.500000 99.320353 44
012 109.500000 109.413017 37
013 119.495000 119.462743 42
014 129.495000 129.592053 54
015 139.495000 139.497915 52
016 149.495000 149.458911 43
017 159.495000 159.413817 67
018 169.495000 169.454948 44
019 179.496000 179.397070 53
020 189.496000 189.578842 49
021 199.496000 199.481593 68
022 209.496000 209.439574 41
023 219.496000 219.275961 38
024 229.496000 229.050475 27
025 239.496000 241.342177 24
026 249.496000 250.338342 15
027 257.833000 260.014899 9
028 268.070000 271.641012 12
029 278.273000 278.755793 8
030 288.681000 274.592745 10
031 299.870000 299.980347 29
032 309.155000 270.508082 9
033 319.459000 280.508082 0
034 327.623000 290.508082 0
035 333.710000 267.763702 10
036 343.710000 277.763702 0
037 353.913000 287.763702 0
038 362.483000 297.763702 0
039 374.999000 307.763702 0
040 385.304000 302.181023 11
041 395.507000 395.249151 9
042 405.814000 405.961211 15
043 416.151000 394.226836 9
044 426.151000 404.226836 0
045 436.526000 436.498684 14
046 446.591000 444.563352 9
047 454.821000 455.541827 9
048 464.821000 487.074147 8
049 473.425000 497.074147 0
050 483.288000 507.074147 0
051 493.185000 493.270340 17
052 502.674000 501.744376 18
053 512.129000 512.049932 10
054 521.822000 517.355652 10
055 532.195000 527.355652 0
056 540.665000 537.355652 0
057 550.665000 547.355652 0
058 560.936000 561.493720 8
059 570.219000 570.605136 20
060 580.219000 624.834920 8
061 590.965000 590.145037 15
062 600.454000 600.145037 0
063 610.340000 612.804053 19
064 620.425000 621.304773 21
065 630.553000 629.464667 12
066 641.140000 640.510015 10
067 650.220000 650.510015 0
068 660.064000 616.260741 10
069 670.064000 626.260741 0
070 679.938000 680.435067 12
071 689.580000 689.318409 10
072 699.835000 699.318409 0
073 709.835000 709.318409 0
074 719.292000 719.318409 0
075 729.031000 729.318481 12
076 738.875000 740.813470 11
077 748.746000 748.530770 15
078 758.152000 757.253636 23
079 767.529000 767.253636 0
080 777.609000 777.253636 0
081 787.844000 787.253636 0
082 798.130000 797.988566 14
083 808.001000 807.988566 0
084 818.288000 817.946829 12
085 828.471000 823.951282 13
086 837.900000 833.951282 0
087 848.134000 847.233170 8
088 857.721000 857.632944 12
089 866.734000 867.632944 0
090 875.852000 876.386016 17
091 885.852000 885.492556 12
092 894.867000 905.243502 8
093 904.998000 905.332077 13
094 914.582000 914.006552 14
095 924.168000 924.669062 16
096 934.168000 933.182638 17
097 943.521000 941.366753 10
098 952.743000 950.974496 14
099 962.718000 960.974496 0
100 972.147000 970.974496 0
101 982.147000 981.143735 19
102 991.915000 991.466186 13
103 1002.124000 1001.546873 12
104 1012.593000 1011.546873 0
105 1022.696000 1021.546873 0
106 1032.179000 1035.964606 11
107 1041.271000 1041.881133 18
108 1051.090000 1051.308951 9
109 1061.324000 1061.308951 0
110 1071.092000 1071.308951 0
111 1081.067000 1081.308951 0
112 1090.341000 1091.308951 0
113 1100.264000 1104.494372 11
114 1110.601000 1110.268040 13
115 1120.188000 1120.268040 0
116 1129.695000 1169.034261 9
117 1139.543000 1140.476874 15
118 1148.939000 1150.476874 0
119 1159.306000 1159.301529 9
120 1168.955000 1166.853449 11
121 1178.580000 1176.853449 0
122 1188.580000 1186.853449 0
123 1198.222000 1196.853449 0
124 1208.379000 1161.851440 10
125 1218.491000 1220.379896 11
126 1228.491000 1227.836082 9
127 1237.938000 1236.028976 18
128 1248.097000 1246.028976 0
129 1257.411000 1259.019663 8
130 1267.338000 1269.019663 0
131 1277.474000 1273.798006 11
132 1287.371000 1287.902620 8
133 1295.957000 1297.902620 0
134 1306.140000 1305.083857 8
135 1316.557000 1315.083857 0
136 1325.905000 1325.083857 0
137 1336.205000 1336.411077 19
138 1346.205000 1346.307368 19
139 1355.472000 1355.233519 11
140 1365.786000 1365.233519 0
141 1375.106000 1375.233519 0
142 1384.732000 1385.233519 0
143 1394.373000 1394.361141 16
144 1403.969000 1404.339960 13
145 1413.772000 1414.339960 0
146 1423.807000 1424.339960 0
147 1432.759000 1433.616798 8
148 1442.185000 1445.446757 13
149 1452.185000 1452.115865 16
150 1461.552000 1462.115865 0
151 1469.403000 1472.115865 0
152 1481.218000 1481.253395 11
153 1491.130000 1490.667345 10
154 1501.296000 1504.528951 8
155 1511.430000 1514.528951 0
156 1521.754000 1521.563505 8
157 1531.842000 1531.563505 0
158 1540.884000 1541.563505 0
159 1551.794000 1551.563505 0
160 1561.076000 1561.945953 18
161 1570.996000 1571.594505 14
162 1580.996000 1581.874751 14
163 1590.875000 1591.874751 0
164 1600.220000 1601.874751 0
165 1609.660000 1611.874751 0
166 1616.952000 1618.079924 10
167 1627.628000 1638.928888 11
168 1638.073000 1637.657313 19
169 1647.976000 1647.657313 0
170 1659.699000 1657.657313 0
171 1669.718000 1669.252957 11
172 1680.298000 1679.684846 13
173 1690.007000 1690.111950 17
174 1700.007000 1699.770120 24
175 1710.047000 1711.012519 13
176 1719.833000 1719.525196 11
177 1729.931000 1728.967597 9
178 1740.105000 1740.890155 9
179 1750.008000 1752.780139 16
180 1759.659000 1811.179223 8
181 1768.983000 1769.395837 11
182 1778.325000 1777.927715 9
183 1786.836000 1787.927715 0
184 1796.991000 1797.927715 0
185 1806.991000 1806.782281 20
186 1817.339000 1818.158459 10
187 1826.856000 1826.726073 19
188 1836.740000 1838.099114 14
189 1847.455000 1829.011098 8
190 1858.635000 1839.011098 0
191 1868.326000 1869.286464 14
192 1878.248000 1810.585791 10
193 1887.920000 1887.727674 23
194 1897.340000 1895.699097 15
195 1905.560000 1905.301630 13
196 1915.773000 1915.301630 0
197 1925.308000 1893.421339 11
198 1935.308000 1883.126609 10
199 1945.308000 1946.459034 9
200 1955.077000 1955.078854 9
201 1964.709000 1965.078854 0
202 1974.265000 1975.078854 0
203 1984.091000 1985.078854 0
204 1994.419000 1995.742621 11
205 2003.917000 2002.953511 14
206 2014.342000 2012.953511 0
207 2024.342000 2023.904983 18
208 2034.748000 2033.904983 0
209 2044.497000 2044.020613 11
210 2052.930000 2052.792771 12
211 2063.510000 2064.443812 13
212 2073.510000 2073.213311 17
213 2083.181000 2083.016327 12
214 2092.775000 2090.951648 15
215 2102.699000 2075.523269 8
216 2113.085000 2085.523269 0
217 2122.582000 2123.190870 15
218 2132.582000 2133.190870 0
219 2142.621000 2143.613390 13
220 2152.621000 2153.613390 0
221 2162.408000 2164.913100 14
222 2171.964000 2171.789930 12
223 2181.132000 2180.730235 11
224 2192.079000 2192.855436 12
225 2201.906000 2199.993530 17
226 2212.564000 2209.993530 0
227 2222.486000 2172.477388 12
228 2231.635000 2232.439618 10
229 2240.552000 2242.439618 0
230 2248.869000 2248.997853 8
231 2259.720000 2260.742727 12
232 2269.584000 2270.742727 0
233 2279.663000 2280.742727 0
234 2289.295000 2290.488668 12
235 2299.140000 2298.072761 17
236 2308.309000 2308.281041 12
237 2318.309000 2318.281041 0
238 2328.433000 2328.281041 0
239 2338.700000 2303.089449 15
240 2348.841000 2313.089449 0
241 2357.638000 2323.089449 0
242 2367.556000 2365.514797 9
243 2377.556000 2371.383085 9
244 2387.492000 2387.140602 14
245 2397.492000 2397.140602 0
246 2407.245000 2406.756548 17
247 2416.888000 2416.647976 12
248 2426.625000 2426.199340 24
249 2436.625000 2436.199340 0
250 2446.625000 2446.199340 0
251 2455.791000 2456.199340 0
252 2465.563000 2466.199340 0
253 2475.219000 2475.823495 24
254 2484.752000 2484.559133 12
255 2494.345000 2494.559133 0
256 2503.590000 2503.076019 12
257 2513.327000 2513.076019 0
258 2522.425000 2523.076019 0
259 2532.425000 2534.607531 12
260 2542.010000 2542.072240 14
261 2551.132000 2552.194151 14
262 2560.594000 2558.576394 10
263 2569.813000 2568.576394 0
264 2579.056000 2578.576394 0
265 2588.033000 2587.961411 16
266 2597.181000 2597.532417 10
267 2607.181000 2607.729082 11
268 2616.802000 2615.658042 25
269 2625.949000 2625.611464 22
270 2635.336000 2614.610474 8
271 2645.336000 2624.610474 0
272 2654.752000 2608.528000 10
273 2664.938000 2666.846105 8
274 2673.879000 2673.539109 10
275 2684.329000 2683.539109 0
276 2693.608000 2692.979367 20
277 2703.396000 2702.979367 0
278 2712.325000 2712.426158 9
279 2723.233000 2723.230657 16
280 2733.586000 2733.535591 9
281 2743.313000 2743.535591 0
282 2753.123000 2753.535591 0
283 2760.110000 2760.503831 11
284 2770.319000 2770.503831 0
285 2780.069000 2780.600952 19
286 2790.069000 2789.864713 10
287 2800.298000 2799.864713 0
288 2810.104000 2809.936568 15
289 2819.480000 2819.936568 0
290 2829.025000 2825.775532 12
291 2839.102000 2835.775532 0
292 2849.021000 2849.038789 12
293 2858.916000 2857.520983 12
294 2869.329000 2867.520983 0
295 2877.668000 2880.498581 10
296 2887.442000 2887.840479 14
297 2897.795000 2897.487344 15
298 2907.293000 2907.528807 14
299 2917.175000 2916.992266 13
300 2926.998000 2924.479237 11
301 2935.746000 2934.479237 0
302 2945.436000 2944.479237 0
303 2955.356000 2956.503579 10
304 2964.522000 2966.503579 0
305 2974.983000 2976.503579 0
306 2985.603000 2984.898650 13
307 2995.729000 2994.898650 0
308 3006.629000 3004.898650 0
309 3014.953000 3016.900182 12
310 3024.823000 3024.987651 11
311 3034.477000 3034.987651 0
312 3043.168000 3041.928152 10
313 3051.342000 3051.329071 19
314 3061.468000 3061.329071 0
315 3071.381000 3071.329071 0
316 3080.242000 3078.560626 9
317 3090.518000 3089.116574 9
318 3099.379000 3099.669651 14
319 3109.614000 3109.094785 20
320 3119.010000 3119.094785 0
321 3128.279000 3128.588389 21
322 3137.870000 3136.688306 17
323 3146.021000 3146.667695 17
324 3155.866000 3155.572914 21
325 3165.193000 3160.174804 8
326 3174.701000 3170.174804 0
327 3184.357000 3184.614381 9
328 3194.357000 3194.614381 0
329 3204.267000 3204.768693 10
330 3213.801000 3213.498058 14
331 3224.560000 3223.498058 0
332 3234.264000 3234.270287 9
333 3244.615000 3245.852246 11
334 3253.814000 3255.475501 10
335 3263.814000 3263.389654 11
336 3273.940000 3274.069658 27
337 3283.138000 3284.069658 0
338 3294.383000 3294.069658 0
339 3302.959000 3303.325653 10
340 3312.556000 3314.245921 10
341 3323.005000 3326.730497 8
342 3334.161000 3336.730497 0
343 3344.480000 3344.006147 11
344 3354.582000 3354.325234 12
345 3364.582000 3364.325234 0
346 3374.424000 3374.325234 0
347 3384.424000 3385.365934 10
348 3394.511000 3393.585904 9
349 3404.275000 3403.857059 8
350 3414.420000 3413.857059 0
351 3423.839000 3423.857059 0
352 3434.227000 3433.857059 0
353 3443.973000 3444.156359 20
354 3454.135000 3454.543704 13
355 3463.796000 3463.725542 15
356 3473.317000 3472.664722 10
357 3483.002000 3482.664722 0
358 3491.710000 3491.205477 18
359 3501.231000 3501.184778 11
360 3511.079000 3510.240853 16
361 3520.698000 3520.132178 21
362 3530.154000 3530.132178 0
363 3539.741000 3539.450595 13
364 3549.838000 3549.450595 0
365 3559.823000 3559.450595 0
366 3571.457000 3571.680558 9
367 3581.369000 3579.995723 9
368 3590.500000 3589.995723 0
369 3600.241000 3599.995723 0
370 3610.648000 3609.995723 0
371 3620.496000 3619.995723 0
372 3631.869000 3631.529180 19
373 3640.968000 3641.141914 12
374 3651.042000 3651.141914 0
375 3660.726000 3661.141914 0
376 3667.063000 3671.141914 0
377 3675.057000 3681.141914 0
378 3686.171000 3685.815074 11
379 3694.652000 3695.815074 0
380 3705.060000 3707.713122 10
381 3715.001000 3712.205493 27
382 3725.044000 3711.782025 23
383 3733.674000 3721.782025 0
384 3743.809000 3743.829401 14
385 3753.461000 3751.286591 14
386 3763.193000 3764.524696 14
387 3772.288000 3774.524696 0
388 3781.697000 3749.191636 10
389 3791.239000 3790.975554 10
390 3799.153000 3800.313251 13
391 3809.153000 3810.313251 0
392 3818.946000 3820.313251 0
393 3828.946000 3878.071725 8
394 3839.290000 3840.761055 10
395 3849.127000 3851.330521 13
396 3859.366000 3857.794822 14
397 3869.880000 3869.558906 9
398 3879.793000 3878.572379 10
399 3889.165000 3888.408424 15
400 3898.538000 3901.322686 16
401 3908.473000 3911.259096 8
402 3918.296000 3918.162436 20
403 3928.034000 3927.791843 8
404 3937.025000 3935.998956 15
405 3945.670000 3945.554505 17
406 3954.797000 3955.554505 0
407 3963.756000 3965.742167 15
408 3975.048000 3975.234334 16
409 3981.645000 3985.234334 0
410 3992.690000 3992.546811 16
411 4002.457000 4000.987238 13
412 4011.982000 4007.563559 10
413 4021.430000 4017.563559 0
414 4030.624000 4033.087776 9
415 4040.513000 4040.556361 15
416 4049.727000 4047.543844 9
417 4058.371000 4057.543844 0
418 4068.258000 4067.543844 0
419 4076.974000 4077.543844 0
420 4085.661000 4087.543844 0
421 4096.585000 4097.489961 12
422 4105.894000 4106.282866 23
423 4115.448000 4116.282866 0
424 4123.311000 4172.945802 11
425 4132.804000 4182.945802 0
426 4142.148000 4192.945802 0
427 4151.574000 4202.945802 0
428 4160.897000 4212.945802 0
429 4170.041000 4222.945802 0
430 4180.202000 4296.141006 10
431 4189.466000 4297.342320 10
432 4198.878000 4307.342320 0
433 4208.352000 4295.360051 8
434 4218.124000 4286.543945 8
435 4228.124000 4296.543945 0
436 4237.399000 4306.543945 0
437 4245.914000 4294.972432 8
438 4255.326000 4304.972432 0
439 4264.948000 4264.806867 13
440 4274.331000 4274.559815 23
441 4284.331000 4284.747772 21
442 4294.866000 4293.655154 11
443 4304.488000 4303.964463 20
444 4314.081000 4313.964463 0
445 4323.524000 4323.964463 0
446 4333.314000 4333.131377 17
447 4342.679000 4343.816511 15
448 4351.252000 4352.346761 18
449 4361.175000 4360.321064 14
450 4371.247000 4370.321064 0
451 4380.061000 4380.321064 0
452 4388.724000 4387.817532 13
453 4397.957000 4397.817532 0
454 4408.286000 4407.817532 0
455 4418.401000 4417.951349 16
456 4427.665000 4427.951349 0
457 4437.586000 4437.938360 12
458 4447.586000 4448.057234 19
459 4457.586000 4456.649134 18
460 4466.965000 4467.459490 24
461 4476.557000 4475.175596 8
462 4485.941000 4485.175596 0
463 4495.941000 4523.436698 8
464 4504.556000 4533.436698 0
465 4514.556000 4543.436698 0
466 4524.310000 4553.436698 0
467 4532.555000 4563.436698 0
468 4542.555000 4583.679593 12
469 4551.201000 4593.679593 0
470 4561.332000 4566.666955 8
471 4572.125000 4576.666955 0
472 4581.268000 4585.878484 9
473 4590.771000 4590.457748 13
474 4600.003000 4601.515493 9
475 4610.003000 4610.450405 22
476 4619.399000 4576.210224 11
477 4627.343000 4586.210224 0
478 4636.335000 4636.221915 13
479 4646.109000 4645.751553 16
480 4655.421000 4654.871037 12
481 4665.421000 4665.408282 24
