001 0.000000 -0.100472 75
002 10.000000 9.868079 25
003 20.000000 19.596899 11
004 30.000000 29.549517 19
005 39.500000 39.783357 20
006 49.500000 49.474516 34
007 59.500000 59.488182 16
008 69.500000 69.560930 37
009 79.500000 79.464518 21
010 89.500000 89.409107 42
011 99.500000 99.472591 44
012 109.500000 109.394923 50
013 119.495000 119.519236 44
014 129.495000 129.361155 59
015 139.495000 139.469928 49
016 149.495000 149.464953 51
017 159.495000 159.492588 67
018 169.495000 169.459970 36
019 179.496000 179.298565 49
020 189.496000 189.457384 50
021 199.496000 199.446666 73
022 209.496000 209.605981 44
023 219.496000 219.484704 44
024 229.496000 229.231948 22
025 239.496000 229.722454 16
026 249.496000 229.670383 11
027 257.833000 267.175104 9
028 268.070000 271.564407 13
029 278.273000 276.199915 19
030 288.681000 286.199915 0
031 299.870000 300.880680 22
032 309.155000 308.764750 16
033 319.459000 318.764750 0
034 327.623000 328.764750 0
035 333.710000 394.521283 8
036 343.710000 404.521283 0
037 353.913000 414.521283 0
038 362.483000 419.930868 8
039 374.999000 429.930868 0
040 385.304000 503.058889 8
041 395.507000 513.058889 0
042 405.814000 523.058889 0
043 416.151000 567.992115 11
044 426.151000 577.992115 0
045 436.526000 587.992115 0
046 446.591000 597.992115 0
047 454.821000 607.992115 0
048 464.821000 617.992115 0
049 473.425000 627.992115 0
050 483.288000 637.992115 0
051 493.185000 647.992115 0
052 502.674000 657.992115 0
053 512.129000 667.992115 0
054 521.822000 677.992115 0
055 532.195000 687.992115 0
056 540.665000 697.992115 0
057 550.665000 707.992115 0
058 560.936000 717.992115 0
059 570.219000 689.211747 10
060 580.219000 699.211747 0
061 590.965000 689.830806 10
062 600.454000 699.830806 0
063 610.340000 709.830806 0
064 620.425000 719.830806 0
065 630.553000 729.830806 0
066 641.140000 739.830806 0
067 650.220000 749.830806 0
068 660.064000 812.078947 9
069 670.064000 822.078947 0
070 679.938000 859.388498 10
071 689.580000 869.388498 0
072 699.835000 879.388498 0
073 709.835000 889.388498 0
074 719.292000 899.388498 0
075 729.031000 909.388498 0
076 738.875000 919.388498 0
077 748.746000 929.388498 0
078 758.152000 939.388498 0
079 767.529000 949.388498 0
080 777.609000 959.388498 0
081 787.844000 969.388498 0
082 798.130000 979.388498 0
083 808.001000 980.841998 10
084 818.288000 976.475931 9
085 828.471000 986.475931 0
086 837.900000 996.475931 0
087 848.134000 989.609954 10
088 857.721000 999.609954 0
089 866.734000 1009.609954 0
090 875.852000 1019.609954 0
091 885.852000 1029.609954 0
092 894.867000 1039.609954 0
093 904.998000 1049.609954 0
094 914.582000 1059.609954 0
095 924.168000 1069.609954 0
096 934.168000 1079.609954 0
097 943.521000 1089.609954 0
098 952.743000 1099.609954 0
099 962.718000 1165.401645 8
100 972.147000 1175.401645 0
101 982.147000 1185.401645 0
102 991.915000 1195.401645 0
103 1002.124000 1205.401645 0
104 1012.593000 1215.401645 0
105 1022.696000 1225.401645 0
106 1032.179000 1235.401645 0
107 1041.271000 1245.401645 0
108 1051.090000 1275.635308 10
109 1061.324000 1285.635308 0
110 1071.092000 1295.635308 0
111 1081.067000 1305.635308 0
112 1090.341000 1277.756194 9
113 1100.264000 1339.072566 8
114 1110.601000 1349.072566 0
115 1120.188000 1344.429287 10
116 1129.695000 1350.854663 8
117 1139.543000 1360.854663 0
118 1148.939000 1339.897785 9
119 1159.306000 1349.897785 0
120 1168.955000 1359.897785 0
121 1178.580000 1369.897785 0
122 1188.580000 1379.897785 0
123 1198.222000 1389.897785 0
124 1208.379000 1399.897785 0
125 1218.491000 1409.897785 0
126 1228.491000 1419.897785 0
127 1237.938000 1429.897785 0
128 1248.097000 1439.897785 0
129 1257.411000 1449.897785 0
130 1267.338000 1459.897785 0
131 1277.474000 1469.897785 0
132 1287.371000 1479.897785 0
133 1295.957000 1489.897785 0
134 1306.140000 1499.897785 0
135 1316.557000 1509.897785 0
136 1325.905000 1519.897785 0
137 1336.205000 1529.897785 0
138 1346.205000 1539.897785 0
139 1355.472000 1549.897785 0
140 1365.786000 1559.897785 0
141 1375.106000 1569.897785 0
142 1384.732000 1579.897785 0
143 1394.373000 1589.897785 0
144 1403.969000 1599.897785 0
145 1413.772000 1609.897785 0
146 1423.807000 1633.887794 8
147 1432.759000 1643.887794 0
148 1442.185000 1653.887794 0
149 1452.185000 1663.887794 0
150 1461.552000 1673.887794 0
151 1469.403000 1683.887794 0
152 1481.218000 1722.147495 10
153 1491.130000 1732.147495 0
154 1501.296000 1742.147495 0
155 1511.430000 1830.263666 8
156 1521.754000 1812.181435 9
157 1531.842000 1822.181435 0
158 1540.884000 1832.181435 0
159 1551.794000 1842.181435 0
160 1561.076000 1898.535874 9
161 1570.996000 1908.535874 0
162 1580.996000 1948.152538 10
163 1590.875000 1958.152538 0
164 1600.220000 2019.926575 8
165 1609.660000 2029.926575 0
166 1616.952000 2039.926575 0
167 1627.628000 2049.926575 0
168 1638.073000 2059.926575 0
169 1647.976000 2069.926575 0
170 1659.699000 2079.926575 0
171 1669.718000 2089.926575 0
172 1680.298000 2099.926575 0
173 1690.007000 2109.926575 0
174 1700.007000 2119.926575 0
175 1710.047000 2129.926575 0
176 1719.833000 2139.926575 0
177 1729.931000 2169.982180 8
178 1740.105000 2179.982180 0
179 1750.008000 2189.982180 0
180 1759.659000 2244.605068 8
181 1768.983000 2254.605068 0
182 1778.325000 2264.605068 0
183 1786.836000 2274.605068 0
184 1796.991000 2284.605068 0
185 1806.991000 2294.605068 0
186 1817.339000 2304.605068 0
187 1826.856000 2302.894723 10
188 1836.740000 2297.529363 13
189 1847.455000 2307.529363 0
190 1858.635000 2317.939420 10
191 1868.326000 2361.553764 8
192 1878.248000 2375.604267 11
193 1887.920000 2385.604267 0
194 1897.340000 2345.770220 8
195 1905.560000 2355.770220 0
196 1915.773000 2365.770220 0
197 1925.308000 2375.770220 0
198 1935.308000 2385.770220 0
199 1945.308000 2395.770220 0
200 1955.077000 2405.770220 0
201 1964.709000 2415.770220 0
202 1974.265000 2425.770220 0
203 1984.091000 2411.094515 8
204 1994.419000 2499.025896 8
205 2003.917000 2412.707338 8
206 2014.342000 2422.707338 0
207 2024.342000 2432.707338 0
208 2034.748000 2442.707338 0
209 2044.497000 2452.707338 0
210 2052.930000 2491.743100 8
211 2063.510000 2501.743100 0
212 2073.510000 2498.855768 9
213 2083.181000 2508.855768 0
214 2092.775000 2559.517222 12
215 2102.699000 2569.517222 0
216 2113.085000 2579.517222 0
217 2122.582000 2589.517222 0
218 2132.582000 2599.517222 0
219 2142.621000 2609.517222 0
220 2152.621000 2619.517222 0
221 2162.408000 2662.069880 10
222 2171.964000 2672.069880 0
223 2181.132000 2682.069880 0
224 2192.079000 2692.069880 0
225 2201.906000 2702.069880 0
226 2212.564000 2712.069880 0
227 2222.486000 2722.069880 0
228 2231.635000 2732.069880 0
229 2240.552000 2742.069880 0
230 2248.869000 2752.069880 0
231 2259.720000 2762.069880 0
232 2269.584000 2772.069880 0
233 2279.663000 2782.069880 0
234 2289.295000 2837.549526 10
235 2299.140000 2788.675071 8
236 2308.309000 2798.675071 0
237 2318.309000 2808.675071 0
238 2328.433000 2818.675071 0
239 2338.700000 2780.342881 13
240 2348.841000 2790.342881 0
241 2357.638000 2800.342881 0
242 2367.556000 2810.342881 0
243 2377.556000 2820.342881 0
244 2387.492000 2836.782341 8
245 2397.492000 2846.782341 0
246 2407.245000 2856.782341 0
247 2416.888000 2866.782341 0
248 2426.625000 2876.782341 0
249 2436.625000 2927.907283 8
250 2446.625000 2937.907283 0
251 2455.791000 2947.907283 0
252 2465.563000 2957.907283 0
253 2475.219000 2967.907283 0
254 2484.752000 2977.907283 0
255 2494.345000 2987.907283 0
256 2503.590000 2997.907283 0
257 2513.327000 3007.907283 0
258 2522.425000 3080.300643 9
259 2532.425000 3089.797894 8
260 2542.010000 3099.797894 0
261 2551.132000 3096.245061 13
262 2560.594000 3080.143685 9
263 2569.813000 3090.143685 0
264 2579.056000 3100.143685 0
265 2588.033000 3110.143685 0
266 2597.181000 3120.143685 0
267 2607.181000 3130.143685 0
268 2616.802000 3140.143685 0
269 2625.949000 3150.143685 0
270 2635.336000 3160.143685 0
271 2645.336000 3170.143685 0
272 2654.752000 3180.143685 0
273 2664.938000 3271.748336 8
274 2673.879000 3281.748336 0
275 2684.329000 3291.748336 0
276 2693.608000 3272.823990 10
277 2703.396000 3282.823990 0
278 2712.325000 3292.823990 0
279 2723.233000 3302.823990 0
280 2733.586000 3312.823990 0
281 2743.313000 3322.823990 0
282 2753.123000 3332.823990 0
283 2760.110000 3342.823990 0
284 2770.319000 3352.823990 0
285 2780.069000 3336.492456 9
286 2790.069000 3299.924516 8
287 2800.298000 3309.924516 0
288 2810.104000 3319.924516 0
289 2819.480000 3329.924516 0
290 2829.025000 3339.924516 0
291 2839.102000 3349.924516 0
292 2849.021000 3359.924516 0
293 2858.916000 3369.924516 0
294 2869.329000 3397.093100 9
295 2877.668000 3407.093100 0
296 2887.442000 3417.093100 0
297 2897.795000 3427.093100 0
298 2907.293000 3437.093100 0
299 2917.175000 3447.093100 0
300 2926.998000 3457.093100 0
301 2935.746000 3467.093100 0
302 2945.436000 3477.093100 0
303 2955.356000 3487.093100 0
304 2964.522000 3497.093100 0
305 2974.983000 3554.623322 10
306 2985.603000 3564.623322 0
307 2995.729000 3574.623322 0
308 3006.629000 3584.623322 0
309 3014.953000 3576.618849 9
310 3024.823000 3586.618849 0
311 3034.477000 3596.618849 0
312 3043.168000 3606.618849 0
313 3051.342000 3685.437117 10
314 3061.468000 3695.437117 0
315 3071.381000 3705.437117 0
316 3080.242000 3715.437117 0
317 3090.518000 3725.437117 0
318 3099.379000 3757.538363 8
319 3109.614000 3767.538363 0
320 3119.010000 3777.538363 0
321 3128.279000 3749.655473 8
322 3137.870000 3800.380723 9
323 3146.021000 3810.380723 0
324 3155.866000 3784.463082 13
325 3165.193000 3794.463082 0
326 3174.701000 3804.463082 0
327 3184.357000 3814.463082 0
328 3194.357000 3824.463082 0
329 3204.267000 3834.463082 0
330 3213.801000 3844.463082 0
331 3224.560000 3854.463082 0
332 3234.264000 3864.463082 0
333 3244.615000 3874.463082 0
334 3253.814000 3884.463082 0
335 3263.814000 3894.463082 0
336 3273.940000 3923.705495 8
337 3283.138000 3933.705495 0
338 3294.383000 3943.705495 0
339 3302.959000 3925.480017 8
340 3312.556000 3935.480017 0
341 3323.005000 3945.480017 0
342 3334.161000 3955.480017 0
343 3344.480000 3971.728050 12
344 3354.582000 3981.728050 0
345 3364.582000 3991.728050 0
346 3374.424000 4001.728050 0
347 3384.424000 4011.728050 0
348 3394.511000 4021.728050 0
349 3404.275000 4031.728050 0
350 3414.420000 4041.728050 0
351 3423.839000 4045.963007 10
352 3434.227000 4055.963007 0
353 3443.973000 4065.963007 0
354 3454.135000 4129.685871 10
355 3463.796000 4139.685871 0
356 3473.317000 4101.185948 8
357 3483.002000 4111.185948 0
358 3491.710000 4165.490285 9
359 3501.231000 4175.490285 0
360 3511.079000 4185.490285 0
361 3520.698000 4195.490285 0
362 3530.154000 4205.490285 0
363 3539.741000 4215.490285 0
364 3549.838000 4225.490285 0
365 3559.823000 4235.490285 0
366 3571.457000 4245.490285 0
367 3581.369000 4222.864436 9
368 3590.500000 4232.864436 0
369 3600.241000 4242.864436 0
370 3610.648000 4252.864436 0
371 3620.496000 4262.864436 0
372 3631.869000 4272.864436 0
373 3640.968000 4282.864436 0
374 3651.042000 4292.864436 0
375 3660.726000 4302.864436 0
376 3667.063000 4312.864436 0
377 3675.057000 4322.864436 0
378 3686.171000 4332.864436 0
379 3694.652000 4342.864436 0
380 3705.060000 4352.864436 0
381 3715.001000 4362.864436 0
382 3725.044000 4372.864436 0
383 3733.674000 4382.864436 0
384 3743.809000 4386.975524 12
385 3753.461000 4396.975524 0
386 3763.193000 4406.975524 0
387 3772.288000 4416.975524 0
388 3781.697000 4409.995373 8
389 3791.239000 4392.725519 10
390 3799.153000 4402.725519 0
391 3809.153000 4412.725519 0
392 3818.946000 4422.725519 0
393 3828.946000 4432.725519 0
394 3839.290000 4459.746171 9
395 3849.127000 4469.746171 0
396 3859.366000 4479.746171 0
397 3869.880000 4489.746171 0
398 3879.793000 4499.746171 0
399 3889.165000 4540.962671 10
400 3898.538000 4550.962671 0
401 3908.473000 4560.962671 0
402 3918.296000 4588.628409 10
403 3928.034000 4598.628409 0
404 3937.025000 4608.628409 0
405 3945.670000 4618.628409 0
406 3954.797000 4628.628409 0
407 3963.756000 4638.628409 0
408 3975.048000 4648.628409 0
409 3981.645000 4658.628409 0
410 3992.690000 4668.628409 0
411 4002.457000 4678.628409 0
412 4011.982000 4688.628409 0
413 4021.430000 4698.628409 0
414 4030.624000 4708.628409 0
415 4040.513000 4718.628409 0
416 4049.727000 4728.628409 0
417 4058.371000 4738.628409 0
418 4068.258000 4748.628409 0
419 4076.974000 4758.628409 0
420 4085.661000 4768.628409 0
421 4096.585000 4778.628409 0
422 4105.894000 4788.628409 0
423 4115.448000 4798.628409 0
424 4123.311000 4583.907084 9
425 4132.804000 4593.907084 0
426 4142.148000 4603.907084 0
427 4151.574000 4613.907084 0
428 4160.897000 4623.907084 0
429 4170.041000 4633.907084 0
430 4180.202000 4583.644862 8
431 4189.466000 4591.432918 9
432 4198.878000 4601.432918 0
433 4208.352000 4589.027034 13
434 4218.124000 4559.116503 8
435 4228.124000 4584.428382 10
436 4237.399000 4594.428382 0
437 4245.914000 4586.895888 9
438 4255.326000 4588.314577 8
439 4264.948000 4598.314577 0
440 4274.331000 4586.203588 9
441 4284.331000 4596.203588 0
442 4294.866000 4606.203588 0
443 4304.488000 4616.203588 0
444 4314.081000 4626.203588 0
445 4323.524000 4636.203588 0
446 4333.314000 4646.203588 0
447 4342.679000 4637.611395 10
448 4351.252000 4647.611395 0
449 4361.175000 4587.609754 8
450 4371.247000 4597.609754 0
451 4380.061000 4585.284683 9
452 4388.724000 4595.284683 0
453 4397.957000 4586.959333 8
454 4408.286000 4596.959333 0
455 4418.401000 4606.959333 0
456 4427.665000 4584.235541 8
457 4437.586000 4594.235541 0
458 4447.586000 4588.169421 9
459 4457.586000 4598.169421 0
460 4466.965000 4608.169421 0
461 4476.557000 4618.169421 0
462 4485.941000 4628.169421 0
463 4495.941000 4638.169421 0
464 4504.556000 4648.169421 0
465 4514.556000 4658.169421 0
466 4524.310000 4668.169421 0
467 4532.555000 4678.169421 0
468 4542.555000 4638.132924 11
469 4551.201000 4648.132924 0
470 4561.332000 4658.132924 0
471 4572.125000 4668.132924 0
472 4581.268000 4583.858201 9
473 4590.771000 4591.880628 9
474 4600.003000 4601.880628 0
475 4610.003000 4610.393579 11
476 4619.399000 4620.393579 0
477 4627.343000 4628.222124 10
478 4636.335000 4634.794441 29
479 4646.109000 4645.011558 17
480 4655.421000 4655.011558 0
481 4665.421000 4665.493933 26
