001 0.000000 0.123512 57
002 10.000000 9.970166 24
003 20.000000 17.833727 27
004 28.072000 27.570116 13
005 38.058000 38.081990 19
006 48.059000 48.257556 26
007 58.056000 58.082023 19
008 68.056000 68.171401 27
009 78.056000 78.052784 36
010 88.056000 88.076710 38
011 98.056000 97.825607 48
012 108.056000 108.120514 50
013 118.056000 118.081664 37
014 128.056000 128.093205 46
015 138.056000 138.028092 49
016 148.056000 148.084661 47
017 158.056000 158.363630 60
018 168.056000 168.079153 36
019 178.056000 178.416105 50
020 188.056000 188.207568 62
021 198.056000 198.060808 62
022 208.056000 208.038830 49
023 218.056000 217.805913 53
024 228.056000 227.794041 20
025 238.056000 239.481725 31
026 248.056000 249.316434 23
027 258.311000 303.877023 11
028 268.392000 269.589887 9
029 278.457000 277.970359 16
030 288.680000 276.135576 12
031 299.265000 299.892133 13
032 309.265000 309.525599 17
033 319.460000 319.525599 0
034 329.886000 329.525599 0
035 331.489000 339.525599 0
036 341.050000 349.525599 0
037 352.269000 359.525599 0
038 362.269000 312.529507 10
039 372.483000 368.054798 8
040 382.483000 383.015126 21
041 392.844000 393.969640 15
042 403.556000 403.083588 22
043 414.326000 413.083588 0
044 424.449000 424.293279 21
045 434.768000 510.472901 11
046 444.768000 520.472901 0
047 452.651000 530.472901 0
048 462.775000 568.762982 8
049 472.194000 578.762982 0
050 482.194000 588.762982 0
051 491.877000 598.762982 0
052 501.624000 608.762982 0
053 511.427000 618.762982 0
054 520.978000 628.762982 0
055 530.978000 638.762982 0
056 541.619000 616.280557 9
057 550.842000 626.280557 0
058 560.228000 636.280557 0
059 569.286000 673.541870 9
060 578.659000 683.541870 0
061 588.915000 677.432507 9
062 598.555000 687.432507 0
063 608.681000 697.432507 0
064 619.259000 707.432507 0
065 628.721000 681.248424 11
066 638.369000 691.248424 0
067 647.991000 701.248424 0
068 657.851000 711.248424 0
069 666.916000 721.248424 0
070 675.899000 731.248424 0
071 685.573000 799.713893 9
072 695.248000 809.713893 0
073 705.586000 819.713893 0
074 715.395000 829.713893 0
075 725.261000 869.092794 9
076 734.717000 822.283727 11
077 745.217000 832.283727 0
078 755.217000 815.754288 9
079 764.858000 825.754288 0
080 774.506000 835.754288 0
081 785.429000 845.754288 0
082 796.513000 855.754288 0
083 806.746000 865.754288 0
084 816.819000 875.754288 0
085 826.819000 885.754288 0
086 836.249000 895.754288 0
087 846.163000 848.190648 13
088 856.163000 858.190648 0
089 864.873000 868.190648 0
090 873.220000 873.745973 16
091 883.027000 882.897751 10
092 892.860000 892.897751 0
093 902.860000 902.897751 0
094 912.210000 912.208043 8
095 921.433000 990.595793 9
096 931.433000 995.693811 10
097 940.742000 1005.693811 0
098 949.547000 1015.693811 0
099 958.617000 1025.693811 0
100 968.324000 1035.693811 0
101 977.329000 1045.693811 0
102 987.329000 1055.693811 0
103 997.595000 1065.693811 0
104 1007.336000 1075.693811 0
105 1017.463000 1085.693811 0
106 1028.014000 1095.693811 0
107 1037.881000 1110.190030 9
108 1046.619000 1120.190030 0
109 1056.878000 1130.190030 0
110 1066.607000 1140.190030 0
111 1076.607000 1150.190030 0
112 1085.691000 1160.190030 0
113 1095.691000 1170.190030 0
114 1104.986000 1149.178428 8
115 1115.086000 1237.904140 11
116 1124.734000 1247.904140 0
117 1133.904000 1257.904140 0
118 1143.738000 1267.904140 0
119 1153.068000 1277.904140 0
120 1162.582000 1292.498254 8
121 1172.470000 1302.498254 0
122 1181.693000 1312.498254 0
123 1191.553000 1322.498254 0
124 1201.148000 1332.498254 0
125 1211.148000 1335.549000 8
126 1220.338000 1345.549000 0
127 1229.986000 1355.549000 0
128 1239.076000 1365.549000 0
129 1249.076000 1375.549000 0
130 1257.800000 1385.549000 0
131 1267.668000 1395.549000 0
132 1278.014000 1405.549000 0
133 1288.014000 1415.549000 0
134 1297.789000 1425.549000 0
135 1307.517000 1393.354541 12
136 1317.517000 1403.354541 0
137 1327.250000 1413.354541 0
138 1336.985000 1423.354541 0
139 1346.985000 1433.354541 0
140 1356.581000 1443.354541 0
141 1365.299000 1453.354541 0
142 1375.105000 1463.354541 0
143 1385.579000 1473.354541 0
144 1395.579000 1483.354541 0
145 1405.579000 1451.257681 8
146 1415.931000 1461.257681 0
147 1425.340000 1471.257681 0
148 1434.351000 1481.257681 0
149 1443.813000 1445.934292 10
150 1453.703000 1454.394323 15
151 1463.450000 1464.394323 0
152 1471.333000 1474.394323 0
153 1481.566000 1484.394323 0
154 1491.044000 1489.947914 18
155 1500.579000 1456.686072 8
156 1510.173000 1466.686072 0
157 1520.607000 1476.686072 0
158 1530.868000 1486.686072 0
159 1540.607000 1496.686072 0
160 1549.968000 1506.686072 0
161 1560.345000 1548.054585 8
162 1570.539000 1558.054585 0
163 1579.858000 1580.221514 14
164 1589.858000 1590.221514 0
165 1599.858000 1600.221514 0
166 1610.086000 1610.221514 0
167 1620.615000 1620.936971 12
168 1631.827000 1630.936971 0
169 1641.168000 1639.807897 17
170 1651.300000 1635.208400 10
171 1663.636000 1645.208400 0
172 1672.749000 1671.993466 20
173 1683.172000 1665.470211 8
174 1693.095000 1675.470211 0
175 1702.956000 1702.610729 15
176 1713.607000 1710.711699 12
177 1724.031000 1720.711699 0
178 1734.031000 1730.711699 0
179 1742.838000 1743.675691 14
180 1752.449000 1750.234109 13
181 1760.542000 1760.234109 0
182 1770.715000 1771.726629 11
183 1780.992000 1781.726629 0
184 1790.832000 1791.726629 0
185 1800.832000 1801.537835 9
186 1810.721000 1810.774395 18
187 1820.617000 1820.508046 11
188 1830.360000 1829.692526 21
189 1840.013000 1840.306162 11
190 1849.209000 1850.306162 0
191 1860.090000 1861.195288 13
192 1869.680000 1869.750755 10
193 1879.478000 1880.198157 12
194 1889.402000 1889.161168 24
195 1899.097000 1896.577871 12
196 1908.417000 1903.645993 12
197 1917.757000 1921.726251 18
198 1926.911000 1927.621969 22
199 1937.293000 1937.621969 0
200 1946.883000 1947.224047 13
201 1954.809000 1957.224047 0
202 1964.620000 1950.771329 9
203 1974.782000 1960.771329 0
204 1985.579000 1986.180350 9
205 1995.308000 1995.460037 15
206 2005.308000 2005.460037 0
207 2015.204000 2016.753496 8
208 2024.919000 2023.429828 13
209 2034.823000 2022.403587 10
210 2044.823000 2045.847226 24
211 2053.733000 2055.847226 0
212 2065.736000 2066.691275 18
213 2075.432000 2076.288960 14
214 2085.432000 2143.819751 15
215 2095.640000 2153.819751 0
216 2105.535000 2170.426137 8
217 2116.249000 2180.426137 0
218 2125.944000 2190.426137 0
219 2135.944000 2162.083246 8
220 2146.477000 2198.637712 10
221 2156.339000 2157.744972 11
222 2166.172000 2167.581992 11
223 2176.248000 2177.581992 0
224 2185.589000 2184.513706 10
225 2195.326000 2195.205548 12
226 2205.520000 2201.661150 13
227 2217.024000 2217.432773 15
228 2227.821000 2227.518218 11
229 2237.286000 2236.700658 15
230 2246.071000 2245.974987 8
231 2256.071000 2255.857492 10
232 2265.092000 2263.714916 12
233 2275.092000 2273.714916 0
234 2284.908000 2285.082642 15
235 2294.908000 2295.668699 21
236 2304.609000 2304.295691 17
237 2314.609000 2314.295691 0
238 2324.304000 2323.699835 15
239 2334.304000 2333.699835 0
240 2344.486000 2343.699835 0
241 2353.057000 2353.699835 0
242 2362.985000 2363.699835 0
243 2372.520000 2373.651023 14
244 2381.683000 2383.651023 0
245 2392.797000 2390.119731 15
246 2402.524000 2400.119731 0
247 2412.524000 2412.825060 14
248 2422.603000 2422.653224 24
249 2432.623000 2432.234280 16
250 2442.623000 2441.593551 11
251 2451.774000 2482.255574 9
252 2461.676000 2492.255574 0
253 2470.754000 2473.046208 8
254 2481.214000 2480.430796 19
255 2491.098000 2560.672922 10
256 2500.447000 2560.339633 8
257 2509.765000 2570.339633 0
258 2518.890000 2580.339633 0
259 2529.280000 2590.339633 0
260 2538.944000 2600.339633 0
261 2548.529000 2610.339633 0
262 2558.036000 2620.339633 0
263 2567.093000 2630.339633 0
264 2575.836000 2640.339633 0
265 2585.931000 2650.339633 0
266 2595.244000 2660.339633 0
267 2605.244000 2657.529425 10
268 2615.042000 2659.916594 8
269 2624.843000 2669.916594 0
270 2635.057000 2679.916594 0
271 2645.270000 2648.279689 12
272 2654.752000 2658.279689 0
273 2664.938000 2662.241509 12
274 2674.439000 2673.355740 12
275 2684.201000 2684.127628 8
276 2693.355000 2699.011888 10
277 2703.021000 2709.011888 0
278 2712.409000 2714.695024 8
279 2722.955000 2723.850860 14
280 2733.351000 2733.047276 22
281 2743.508000 2743.047276 0
282 2753.438000 2753.047276 0
283 2763.906000 2763.047276 0
284 2774.276000 2774.631206 10
285 2783.156000 2783.117678 15
286 2792.350000 2790.956642 10
287 2802.543000 2800.956642 0
288 2812.446000 2810.956642 0
289 2821.794000 2821.654075 8
290 2830.771000 2831.654075 0
291 2841.083000 2841.654075 0
292 2851.257000 2851.654075 0
293 2861.257000 2861.654075 0
294 2871.591000 2871.654075 0
295 2880.480000 2882.453901 9
296 2890.480000 2892.453901 0
297 2900.383000 2899.519509 13
298 2910.232000 2909.519509 0
299 2920.525000 2919.519509 0
300 2930.148000 2929.559364 11
301 2939.843000 2939.258589 11
302 2949.985000 2949.258589 0
303 2959.411000 2960.670912 11
304 2969.411000 2968.729045 11
305 2979.660000 2978.729045 0
306 2989.373000 2988.729045 0
307 2999.373000 2998.729045 0
308 3009.156000 3008.729045 0
309 3018.995000 3021.726637 13
310 3028.707000 3028.749954 13
311 3038.277000 3084.798407 8
312 3046.041000 3094.798407 0
313 3054.913000 3140.800030 8
314 3064.767000 3127.748412 8
315 3074.767000 3137.748412 0
316 3084.516000 3147.748412 0
317 3092.780000 3227.059265 8
318 3102.278000 3237.059265 0
319 3113.010000 3247.059265 0
320 3122.474000 3257.059265 0
321 3132.329000 3267.059265 0
322 3140.879000 3277.059265 0
323 3150.790000 3287.059265 0
324 3160.555000 3297.059265 0
325 3169.624000 3307.059265 0
326 3177.834000 3398.715924 9
327 3187.548000 3408.715924 0
328 3198.656000 3397.438109 11
329 3208.441000 3395.097817 8
330 3217.491000 3395.003703 9
331 3228.026000 3394.524188 11
332 3238.294000 3404.524188 0
333 3248.222000 3414.524188 0
334 3258.222000 3450.457525 9
335 3267.432000 3450.618661 8
336 3277.002000 3460.618661 0
337 3287.002000 3470.618661 0
338 3297.002000 3480.618661 0
339 3307.002000 3490.618661 0
340 3316.855000 3500.618661 0
341 3326.855000 3523.057268 11
342 3335.816000 3533.057268 0
343 3346.780000 3543.057268 0
344 3357.496000 3553.057268 0
345 3367.780000 3563.057268 0
346 3377.690000 3573.057268 0
347 3387.331000 3583.057268 0
348 3397.331000 3593.057268 0
349 3403.895000 3603.057268 0
350 3413.895000 3613.057268 0
351 3423.625000 3623.057268 0
352 3434.501000 3633.057268 0
353 3444.227000 3643.057268 0
354 3454.999000 3653.057268 0
355 3464.135000 3686.492955 9
356 3474.135000 3688.158726 8
357 3484.135000 3686.958979 9
358 3493.815000 3696.958979 0
359 3503.474000 3682.991157 8
360 3513.133000 3692.991157 0
361 3522.614000 3758.859965 9
362 3532.614000 3768.859965 0
363 3540.698000 3778.859965 0
364 3549.319000 3799.032291 8
365 3560.035000 3809.032291 0
366 3570.427000 3819.032291 0
367 3579.853000 3829.032291 0
368 3588.868000 3839.032291 0
369 3597.758000 3784.941928 10
370 3608.598000 3794.941928 0
371 3619.205000 3804.941928 0
372 3630.495000 3789.570183 8
373 3639.841000 3799.570183 0
374 3650.150000 3809.570183 0
375 3658.773000 3819.570183 0
376 3669.988000 3829.570183 0
377 3675.443000 3799.654763 10
378 3686.082000 3809.654763 0
379 3696.082000 3819.654763 0
380 3707.480000 3829.654763 0
381 3717.480000 3839.654763 0
382 3727.480000 3849.654763 0
383 3737.086000 3859.654763 0
384 3746.943000 3869.654763 0
385 3756.241000 3879.654763 0
386 3766.400000 3839.795647 8
387 3776.400000 3849.795647 0
388 3786.400000 3854.195090 11
389 3795.665000 3864.195090 0
390 3803.874000 3874.195090 0
391 3813.588000 3853.859043 9
392 3823.819000 3863.859043 0
393 3833.460000 3873.859043 0
394 3842.278000 3843.584261 12
395 3852.672000 3851.829459 14
396 3863.100000 3863.353642 9
397 3873.868000 3873.353642 0
398 3883.688000 3883.353642 0
399 3892.560000 3893.353642 0
400 3903.079000 3903.927836 9
401 3913.113000 3913.716805 10
402 3922.683000 3922.115136 13
403 3932.467000 3932.583224 11
404 3942.324000 3942.583224 0
405 3950.945000 3952.583224 0
406 3960.478000 3962.583224 0
407 3970.818000 3972.583224 0
408 3980.709000 3982.583224 0
409 3987.524000 3987.974077 10
410 3997.721000 3998.143651 14
411 4007.827000 4005.232919 14
412 4017.827000 4015.232919 0
413 4027.055000 4027.971289 14
414 4036.481000 4035.178637 14
415 4046.481000 4045.989064 13
416 4055.175000 4112.299679 8
417 4064.458000 4122.299679 0
418 4073.867000 4132.299679 0
419 4082.614000 4142.299679 0
420 4093.775000 4152.299679 0
421 4102.647000 4242.139626 14
422 4111.877000 4252.139626 0
423 4121.715000 4262.139626 0
424 4130.747000 4272.139626 0
425 4140.193000 4282.139626 0
426 4150.031000 4264.544442 11
427 4159.457000 4274.544442 0
428 4170.041000 4284.544442 0
429 4179.827000 4292.648649 14
430 4189.240000 4302.648649 0
431 4198.753000 4312.648649 0
432 4208.351000 4347.536876 10
433 4217.789000 4357.536876 0
434 4227.286000 4343.523364 9
435 4236.999000 4348.532022 8
436 4244.888000 4358.532022 0
437 4254.888000 4368.532022 0
438 4264.439000 4378.532022 0
439 4274.258000 4388.532022 0
440 4284.043000 4398.532022 0
441 4294.402000 4452.962609 11
442 4303.916000 4440.508031 9
443 4313.916000 4450.508031 0
444 4323.916000 4535.035290 9
445 4333.452000 4545.035290 0
446 4343.452000 4587.266511 10
447 4353.696000 4589.193107 12
448 4363.535000 4604.267352 10
449 4373.659000 4614.267352 0
450 4384.141000 4624.267352 0
451 4393.800000 4630.963012 10
452 4403.011000 4640.963012 0
453 4412.922000 4650.963012 0
454 4421.741000 4635.572096 8
455 4431.202000 4645.572096 0
456 4440.558000 4586.148537 11
457 4450.718000 4633.837859 15
458 4460.914000 4643.837859 0
459 4468.980000 4653.837859 0
460 4477.834000 4663.837859 0
461 4487.834000 4673.837859 0
462 4496.760000 4683.837859 0
463 4505.714000 4693.837859 0
464 4514.669000 4636.317880 8
465 4522.896000 4646.317880 0
466 4532.554000 4656.317880 0
467 4540.771000 4666.317880 0
468 4549.692000 4676.317880 0
469 4558.663000 4567.765196 10
470 4568.567000 4575.253052 14
471 4579.446000 4577.694709 11
472 4586.385000 4587.690771 28
473 4596.676000 4596.967043 12
474 4606.008000 4605.192127 18
475 4615.820000 4615.192127 0
476 4624.232000 4645.885206 8
477 4633.843000 4633.823208 15
478 4643.506000 4643.420109 22
479 4652.917000 4648.045481 9
480 4662.917000 4662.680504 22
481 4672.917000 4672.742512 29
