001 0.000000 -0.371715 67
002 10.000000 9.886929 30
003 20.000000 16.340121 22
004 28.072000 28.357684 18
005 38.058000 38.081034 19
006 48.059000 48.176070 28
007 58.056000 58.226401 16
008 68.056000 68.062450 32
009 78.056000 78.078225 32
010 88.056000 88.065362 31
011 98.056000 97.765463 40
012 108.056000 108.221408 53
013 118.056000 118.128434 43
014 128.056000 128.086916 53
015 138.056000 138.079511 48
016 148.056000 148.078640 53
017 158.056000 158.295902 59
018 168.056000 167.977189 43
019 178.056000 178.189288 49
020 188.056000 188.088384 53
021 198.056000 198.085744 63
022 208.056000 208.016103 53
023 218.056000 218.119484 56
024 228.056000 227.932054 20
025 238.056000 238.958549 24
026 248.056000 229.041429 14
027 258.311000 263.846709 17
028 268.392000 272.183557 8
029 278.457000 278.979662 24
030 288.680000 303.331685 11
031 299.265000 299.149376 21
032 309.265000 309.152377 17
033 319.460000 319.152377 0
034 329.886000 329.152377 0
035 331.489000 339.152377 0
036 341.050000 349.152377 0
037 352.269000 345.358928 16
038 362.269000 312.361406 10
039 372.483000 368.113875 9
040 382.483000 386.315355 13
041 392.844000 392.879808 21
042 403.556000 404.445058 22
043 414.326000 414.445058 0
044 424.449000 385.102875 8
045 434.768000 437.819870 12
046 444.768000 447.819870 0
047 452.651000 451.194869 8
048 462.775000 461.194869 0
049 472.194000 471.194869 0
050 482.194000 482.054519 16
051 491.877000 493.113882 19
052 501.624000 502.886802 20
053 511.427000 510.564071 17
054 520.978000 520.781962 16
055 530.978000 530.781962 0
056 541.619000 540.781962 0
057 550.842000 550.781962 0
058 560.228000 563.935198 13
059 569.286000 570.178641 10
060 578.659000 574.428781 13
061 588.915000 584.428781 0
062 598.555000 594.428781 0
063 608.681000 604.428781 0
064 619.259000 618.797135 18
065 628.721000 628.511740 14
066 638.369000 638.511740 0
067 647.991000 648.511740 0
068 657.851000 658.511740 0
069 666.916000 668.511740 0
070 675.899000 676.794410 9
071 685.573000 685.381091 18
072 695.248000 694.890670 14
073 705.586000 706.081481 18
074 715.395000 716.081481 0
075 725.261000 725.509144 25
076 734.717000 819.957629 10
077 745.217000 745.331748 11
078 755.217000 753.832890 14
079 764.858000 762.243354 13
080 774.506000 772.243354 0
081 785.429000 782.243354 0
082 796.513000 796.236380 14
083 806.746000 806.960424 12
084 816.819000 817.020236 12
085 826.819000 824.580332 15
086 836.249000 834.580332 0
087 846.163000 848.060856 14
088 856.163000 858.060856 0
089 864.873000 868.060856 0
090 873.220000 873.443577 14
091 883.027000 883.960443 13
092 892.860000 893.960443 0
093 902.860000 904.578222 13
094 912.210000 911.441596 10
095 921.433000 921.441596 0
096 931.433000 931.441596 0
097 940.742000 941.441596 0
098 949.547000 951.441596 0
099 958.617000 961.441596 0
100 968.324000 971.441596 0
101 977.329000 977.615320 10
102 987.329000 987.648340 10
103 997.595000 994.766409 11
104 1007.336000 1004.766409 0
105 1017.463000 1014.766409 0
106 1028.014000 1034.027602 9
107 1037.881000 1037.181392 11
108 1046.619000 1046.970986 15
109 1056.878000 1057.425963 10
110 1066.607000 1066.652968 11
111 1076.607000 1076.652968 0
112 1085.691000 1086.652968 0
113 1095.691000 1094.493793 11
114 1104.986000 1106.725981 15
115 1115.086000 1111.447841 10
116 1124.734000 1124.738896 14
117 1133.904000 1106.972973 8
118 1143.738000 1143.416802 26
119 1153.068000 1153.080147 12
120 1162.582000 1162.856351 13
121 1172.470000 1172.168185 18
122 1181.693000 1180.893949 13
123 1191.553000 1190.893949 0
124 1201.148000 1201.341813 11
125 1211.148000 1211.341813 0
126 1220.338000 1287.221437 8
127 1229.986000 1297.221437 0
128 1239.076000 1307.221437 0
129 1249.076000 1278.233166 8
130 1257.800000 1288.233166 0
131 1267.668000 1298.233166 0
132 1278.014000 1278.274175 15
133 1288.014000 1287.240731 10
134 1297.789000 1297.373499 14
135 1307.517000 1307.373499 0
136 1317.517000 1342.357782 8
137 1327.250000 1328.021541 16
138 1336.985000 1337.137228 26
139 1346.985000 1347.137228 0
140 1356.581000 1356.942129 8
141 1365.299000 1366.942129 0
142 1375.105000 1343.203689 8
143 1385.579000 1353.203689 0
144 1395.579000 1395.445546 16
145 1405.579000 1405.221718 17
146 1415.931000 1415.540227 11
147 1425.340000 1425.540227 0
148 1434.351000 1435.540227 0
149 1443.813000 1445.540227 0
150 1453.703000 1453.933648 15
151 1463.450000 1454.288017 8
152 1471.333000 1448.975189 8
153 1481.566000 1458.975189 0
154 1491.044000 1468.975189 0
155 1500.579000 1478.975189 0
156 1510.173000 1488.975189 0
157 1520.607000 1498.975189 0
158 1530.868000 1508.975189 0
159 1540.607000 1518.975189 0
160 1549.968000 1565.553886 9
161 1560.345000 1575.553886 0
162 1570.539000 1585.553886 0
163 1579.858000 1580.647513 13
164 1589.858000 1590.647513 0
165 1599.858000 1600.647513 0
166 1610.086000 1610.647513 0
167 1620.615000 1621.628677 12
168 1631.827000 1633.616522 9
169 1641.168000 1638.001392 11
170 1651.300000 1634.708924 10
171 1663.636000 1644.708924 0
172 1672.749000 1672.712346 19
173 1683.172000 1682.712346 0
174 1693.095000 1755.958353 12
175 1702.956000 1702.801313 19
176 1713.607000 1710.868703 13
177 1724.031000 1723.862404 16
178 1734.031000 1733.236889 14
179 1742.838000 1743.236889 0
180 1752.449000 1749.431788 13
181 1760.542000 1759.431788 0
182 1770.715000 1769.431788 0
183 1780.992000 1779.431788 0
184 1790.832000 1787.456969 14
185 1800.832000 1797.456969 0
186 1810.721000 1810.329179 12
187 1820.617000 1820.984240 16
188 1830.360000 1830.257826 24
189 1840.013000 1839.512047 14
190 1849.209000 1849.512047 0
191 1860.090000 1859.512047 0
192 1869.680000 1868.337196 11
193 1879.478000 1878.053035 10
194 1889.402000 1889.725388 17
195 1899.097000 1898.378011 13
196 1908.417000 1908.378011 0
197 1917.757000 1920.620172 10
198 1926.911000 1926.996279 21
199 1937.293000 1936.996279 0
200 1946.883000 1946.996279 0
201 1954.809000 1956.996279 0
202 1964.620000 1966.996279 0
203 1974.782000 1976.996279 0
204 1985.579000 1986.996279 0
205 1995.308000 1995.940580 8
206 2005.308000 1995.483245 8
207 2015.204000 2005.483245 0
208 2024.919000 2022.940459 12
209 2034.823000 2048.938394 8
210 2044.823000 2046.092904 18
211 2053.733000 2056.092904 0
212 2065.736000 2067.031721 14
213 2075.432000 2074.427552 16
214 2085.432000 2085.081825 16
215 2095.640000 2095.081825 0
216 2105.535000 2105.081825 0
217 2116.249000 2115.081825 0
218 2125.944000 2126.030615 21
219 2135.944000 2136.743066 10
220 2146.477000 2145.183527 12
221 2156.339000 2156.690978 13
222 2166.172000 2166.774952 14
223 2176.248000 2176.056657 10
224 2185.589000 2186.056657 0
225 2195.326000 2195.331284 18
226 2205.520000 2203.482061 14
227 2217.024000 2219.439876 10
228 2227.821000 2227.494835 9
229 2237.286000 2237.491105 17
230 2246.071000 2247.491105 0
231 2256.071000 2252.695083 10
232 2265.092000 2261.979185 9
233 2275.092000 2271.979185 0
234 2284.908000 2286.377260 15
235 2294.908000 2296.754499 20
236 2304.609000 2304.101303 19
237 2314.609000 2314.101303 0
238 2324.304000 2322.830612 9
239 2334.304000 2332.830612 0
240 2344.486000 2342.830612 0
241 2353.057000 2352.830612 0
242 2362.985000 2362.207985 11
243 2372.520000 2372.579112 15
244 2381.683000 2382.579112 0
245 2392.797000 2392.579112 0
246 2402.524000 2403.367794 15
247 2412.524000 2412.432714 25
248 2422.603000 2422.971394 24
249 2432.623000 2431.819218 10
250 2442.623000 2441.368568 17
251 2451.774000 2451.368568 0
252 2461.676000 2461.368568 0
253 2470.754000 2471.661515 12
254 2481.214000 2479.799359 17
255 2491.098000 2489.799359 0
256 2500.447000 2559.050220 8
257 2509.765000 2569.050220 0
258 2518.890000 2579.050220 0
259 2529.280000 2589.050220 0
260 2538.944000 2599.050220 0
261 2548.529000 2609.050220 0
262 2558.036000 2619.050220 0
263 2567.093000 2629.050220 0
264 2575.836000 2664.630851 9
265 2585.931000 2674.630851 0
266 2595.244000 2684.630851 0
267 2605.244000 2694.630851 0
268 2615.042000 2662.160010 8
269 2624.843000 2672.160010 0
270 2635.057000 2682.160010 0
271 2645.270000 2647.800976 15
272 2654.752000 2657.800976 0
273 2664.938000 2666.181945 11
274 2674.439000 2676.181945 0
275 2684.201000 2686.181945 0
276 2693.355000 2697.420856 11
277 2703.021000 2707.420856 0
278 2712.409000 2713.165722 11
279 2722.955000 2725.433181 20
280 2733.351000 2732.883650 21
281 2743.508000 2743.345678 9
282 2753.438000 2753.345678 0
283 2763.906000 2763.345678 0
284 2774.276000 2773.716952 13
285 2783.156000 2782.964271 17
286 2792.350000 2786.676484 9
287 2802.543000 2796.676484 0
288 2812.446000 2806.676484 0
289 2821.794000 2816.676484 0
290 2830.771000 2826.676484 0
291 2841.083000 2845.170704 9
292 2851.257000 2853.228669 9
293 2861.257000 2863.228669 0
294 2871.591000 2873.228669 0
295 2880.480000 2883.228669 0
296 2890.480000 2890.048287 8
297 2900.383000 2900.373190 10
298 2910.232000 2910.373190 0
299 2920.525000 2920.373190 0
300 2930.148000 2929.474202 12
301 2939.843000 2941.059877 9
302 2949.985000 3004.650438 12
303 2959.411000 2959.851692 11
304 2969.411000 2967.163507 12
305 2979.660000 2980.117675 8
306 2989.373000 2990.117675 0
307 2999.373000 3000.233300 10
308 3009.156000 3094.418580 9
309 3018.995000 3020.520529 22
310 3028.707000 3027.204799 12
311 3038.277000 3037.204799 0
312 3046.041000 3044.236389 15
313 3054.913000 3054.236389 0
314 3064.767000 3067.247788 9
315 3074.767000 3075.139929 9
316 3084.516000 3084.324980 11
317 3092.780000 3091.714309 12
318 3102.278000 3101.680394 14
319 3113.010000 3110.540472 15
320 3122.474000 3127.348522 10
321 3132.329000 3131.348203 18
322 3140.879000 3140.273215 14
323 3150.790000 3150.273215 0
324 3160.555000 3158.488742 10
325 3169.624000 3168.488742 0
326 3177.834000 3178.488742 0
327 3187.548000 3187.297969 14
328 3198.656000 3197.297969 0
329 3208.441000 3207.297969 0
330 3217.491000 3214.297826 10
331 3228.026000 3269.084119 10
332 3238.294000 3279.084119 0
333 3248.222000 3289.084119 0
334 3258.222000 3257.363166 16
335 3267.432000 3267.215561 14
336 3277.002000 3276.058714 23
337 3287.002000 3286.058714 0
338 3297.002000 3296.058714 0
339 3307.002000 3309.750405 12
340 3316.855000 3319.750405 0
341 3326.855000 3328.556060 13
342 3335.816000 3336.058087 9
343 3346.780000 3346.058087 0
344 3357.496000 3358.339177 11
345 3367.780000 3369.152483 11
346 3377.690000 3379.152483 0
347 3387.331000 3387.158464 9
348 3397.331000 3396.775267 16
349 3403.895000 3405.425672 8
350 3413.895000 3415.425672 0
351 3423.625000 3425.902471 8
352 3434.501000 3435.902471 0
353 3444.227000 3445.936807 12
354 3454.999000 3452.359550 8
355 3464.135000 3465.446064 11
356 3474.135000 3475.446064 0
357 3484.135000 3484.187954 10
358 3493.815000 3494.131327 9
359 3503.474000 3502.586530 11
360 3513.133000 3512.807513 17
361 3522.614000 3504.657318 8
362 3532.614000 3514.657318 0
363 3540.698000 3524.657318 0
364 3549.319000 3551.129679 10
365 3560.035000 3561.129679 0
366 3570.427000 3571.129679 0
367 3579.853000 3578.885232 18
368 3588.868000 3583.911040 8
369 3597.758000 3593.911040 0
370 3608.598000 3603.911040 0
371 3619.205000 3618.411832 8
372 3630.495000 3629.411242 14
373 3639.841000 3639.804109 16
374 3650.150000 3649.804109 0
375 3658.773000 3659.804109 0
376 3669.988000 3669.804109 0
377 3675.443000 3676.217306 9
378 3686.082000 3686.004879 20
379 3696.082000 3696.004879 0
380 3707.480000 3718.393292 18
381 3717.480000 3710.416575 27
382 3727.480000 3712.672938 16
383 3737.086000 3722.672938 0
384 3746.943000 3732.672938 0
385 3756.241000 3742.672938 0
386 3766.400000 3752.672938 0
387 3776.400000 3786.114826 12
388 3786.400000 3759.631113 8
389 3795.665000 3769.631113 0
390 3803.874000 3802.713466 14
391 3813.588000 3813.956503 16
392 3823.819000 3819.729839 8
393 3833.460000 3829.729839 0
394 3842.278000 3839.729839 0
395 3852.672000 3850.789915 14
396 3863.100000 3860.789915 0
397 3873.868000 3872.549095 10
398 3883.688000 3882.549095 0
399 3892.560000 3922.177628 8
400 3903.079000 3902.905436 18
401 3913.113000 3913.228958 11
402 3922.683000 3922.650990 14
403 3932.467000 3932.370851 14
404 3942.324000 3942.370851 0
405 3950.945000 3952.370851 0
406 3960.478000 3962.370851 0
407 3970.818000 3972.370851 0
408 3980.709000 3982.370851 0
409 3987.524000 3989.159608 10
410 3997.721000 3997.484491 16
411 4007.827000 4005.842165 12
412 4017.827000 4015.842165 0
413 4027.055000 4025.842165 0
414 4036.481000 4037.880072 11
415 4046.481000 4047.880072 0
416 4055.175000 4052.701938 13
417 4064.458000 4062.701938 0
418 4073.867000 4072.701938 0
419 4082.614000 4082.701938 0
420 4093.775000 4092.701938 0
421 4102.647000 4103.546766 18
422 4111.877000 4110.013865 13
423 4121.715000 4121.696622 17
424 4130.747000 4131.696622 0
425 4140.193000 4141.696622 0
426 4150.031000 4149.760964 14
427 4159.457000 4160.922570 12
428 4170.041000 4170.340812 14
429 4179.827000 4180.259556 22
430 4189.240000 4188.286820 9
431 4198.753000 4198.286820 0
432 4208.351000 4208.286820 0
433 4217.789000 4218.573537 13
434 4227.286000 4228.573537 0
435 4236.999000 4238.573537 0
436 4244.888000 4248.573537 0
437 4254.888000 4258.573537 0
438 4264.439000 4268.573537 0
439 4274.258000 4275.307333 15
440 4284.043000 4284.251430 11
441 4294.402000 4294.799832 14
442 4303.916000 4303.405942 20
443 4313.916000 4313.405942 0
444 4323.916000 4325.789763 9
445 4333.452000 4414.307384 12
446 4343.452000 4343.197266 17
447 4353.696000 4353.197266 0
448 4363.535000 4363.197266 0
449 4373.659000 4373.197266 0
450 4384.141000 4383.197266 0
451 4393.800000 4453.991084 8
452 4403.011000 4403.101577 12
453 4412.922000 4412.033277 13
454 4421.741000 4422.033277 0
455 4431.202000 4432.033277 0
456 4440.558000 4442.033277 0
457 4450.718000 4451.614901 9
458 4460.914000 4461.643140 9
459 4468.980000 4468.276958 12
460 4477.834000 4477.565348 10
461 4487.834000 4486.943141 14
462 4496.760000 4530.357045 9
463 4505.714000 4540.357045 0
464 4514.669000 4588.199287 8
465 4522.896000 4598.199287 0
466 4532.554000 4608.199287 0
467 4540.771000 4583.212956 15
468 4549.692000 4593.212956 0
469 4558.663000 4603.212956 0
470 4568.567000 4575.322250 19
471 4579.446000 4577.432583 9
472 4586.385000 4588.307656 12
473 4596.676000 4597.522895 10
474 4606.008000 4604.899408 12
475 4615.820000 4614.899408 0
476 4624.232000 4577.806477 8
477 4633.843000 4634.311239 16
478 4643.506000 4643.747445 21
479 4652.917000 4650.093786 9
480 4662.917000 4662.270143 21
481 4672.917000 4672.873081 22
