001 0.000000 -0.116641 66
002 10.000000 9.915794 25
003 20.000000 16.735304 24
004 28.072000 27.984554 18
005 38.058000 37.869896 23
006 48.059000 47.968438 28
007 58.056000 58.213095 16
008 68.056000 68.094435 29
009 78.056000 78.049822 36
010 88.056000 88.092243 31
011 98.056000 98.540077 37
012 108.056000 108.091545 41
013 118.056000 118.077611 41
014 128.056000 127.989568 46
015 138.056000 138.121608 52
016 148.056000 147.892642 51
017 158.056000 158.361231 63
018 168.056000 168.078464 48
019 178.056000 178.136129 46
020 188.056000 188.112148 50
021 198.056000 198.110211 57
022 208.056000 208.092780 47
023 218.056000 218.549607 56
024 228.056000 227.090084 23
025 238.056000 238.926827 29
026 248.056000 248.542134 19
027 258.311000 261.092345 8
028 268.392000 299.981422 10
029 278.457000 277.726846 14
030 288.680000 302.602502 9
031 299.265000 304.868347 9
032 309.265000 309.154517 11
033 319.460000 374.639609 9
034 329.886000 384.639609 0
035 331.489000 394.639609 0
036 341.050000 404.639609 0
037 352.269000 375.453382 13
038 362.269000 452.906809 10
039 372.483000 462.906809 0
040 382.483000 472.906809 0
041 392.844000 510.909644 8
042 403.556000 446.001580 8
043 414.326000 452.360209 8
044 424.449000 423.862223 11
045 434.768000 433.813794 14
046 444.768000 443.813794 0
047 452.651000 453.813794 0
048 462.775000 463.813794 0
049 472.194000 472.010758 10
050 482.194000 483.452313 14
051 491.877000 492.682618 18
052 501.624000 501.838273 11
053 511.427000 510.260333 14
054 520.978000 520.725036 12
055 530.978000 530.725036 0
056 541.619000 540.725036 0
057 550.842000 550.725036 0
058 560.228000 561.700807 9
059 569.286000 569.568078 13
060 578.659000 575.574485 14
061 588.915000 585.574485 0
062 598.555000 595.574485 0
063 608.681000 612.261472 10
064 619.259000 619.730645 27
065 628.721000 627.524264 16
066 638.369000 638.082226 9
067 647.991000 648.082226 0
068 657.851000 615.038559 9
069 666.916000 665.737567 8
070 675.899000 620.339094 8
071 685.573000 686.088989 18
072 695.248000 694.693150 13
073 705.586000 705.455879 16
074 715.395000 715.455879 0
075 725.261000 726.010993 17
076 734.717000 738.793105 9
077 745.217000 745.889693 11
078 755.217000 755.178779 22
079 764.858000 765.178779 0
080 774.506000 775.178779 0
081 785.429000 785.178779 0
082 796.513000 796.282094 11
083 806.746000 806.282094 0
084 816.819000 816.282094 0
085 826.819000 825.752726 11
086 836.249000 835.752726 0
087 846.163000 845.752726 0
088 856.163000 855.752726 0
089 864.873000 865.752726 0
090 873.220000 874.602159 10
091 883.027000 883.908875 9
092 892.860000 893.908875 0
093 902.860000 905.225889 11
094 912.210000 913.535413 11
095 921.433000 923.535413 0
096 931.433000 931.299598 19
097 940.742000 940.651249 9
098 949.547000 948.717694 15
099 958.617000 958.717694 0
100 968.324000 969.046603 13
101 977.329000 977.579881 14
102 987.329000 987.754163 10
103 997.595000 995.231122 11
104 1007.336000 1005.231122 0
105 1017.463000 1015.231122 0
106 1028.014000 1032.244922 10
107 1037.881000 1108.804261 9
108 1046.619000 1046.240673 12
109 1056.878000 1056.240673 0
110 1066.607000 1064.725722 8
111 1076.607000 1074.725722 0
112 1085.691000 1084.725722 0
113 1095.691000 1096.646672 13
114 1104.986000 1108.531777 17
115 1115.086000 1114.713623 20
116 1124.734000 1125.053514 16
117 1133.904000 1135.053514 0
118 1143.738000 1143.159644 16
119 1153.068000 1152.978827 8
120 1162.582000 1163.051007 9
121 1172.470000 1172.285828 10
122 1181.693000 1182.285828 0
123 1191.553000 1192.285828 0
124 1201.148000 1200.770942 13
125 1211.148000 1210.770942 0
126 1220.338000 1221.611941 11
127 1229.986000 1231.611941 0
128 1239.076000 1236.849139 13
129 1249.076000 1246.849139 0
130 1257.800000 1259.794380 12
131 1267.668000 1269.794380 0
132 1278.014000 1279.728046 9
133 1288.014000 1289.728046 0
134 1297.789000 1298.230593 11
135 1307.517000 1332.340301 8
136 1317.517000 1342.340301 0
137 1327.250000 1328.846320 14
138 1336.985000 1337.080527 21
139 1346.985000 1345.348040 8
140 1356.581000 1355.348040 0
141 1365.299000 1396.692188 11
142 1375.105000 1377.302198 10
143 1385.579000 1387.302198 0
144 1395.579000 1395.054907 20
145 1405.579000 1405.361246 18
146 1415.931000 1415.361246 0
147 1425.340000 1425.361246 0
148 1434.351000 1435.361246 0
149 1443.813000 1444.899740 12
150 1453.703000 1454.158906 15
151 1463.450000 1464.158906 0
152 1471.333000 1474.158906 0
153 1481.566000 1484.158906 0
154 1491.044000 1490.168306 17
155 1500.579000 1500.168306 0
156 1510.173000 1510.168306 0
157 1520.607000 1520.168306 0
158 1530.868000 1530.168306 0
159 1540.607000 1540.168306 0
160 1549.968000 1550.168306 0
161 1560.345000 1560.168306 0
162 1570.539000 1567.793469 8
163 1579.858000 1581.198790 13
164 1589.858000 1591.198790 0
165 1599.858000 1601.198790 0
166 1610.086000 1611.198790 0
167 1620.615000 1622.268576 15
168 1631.827000 1637.383549 9
169 1641.168000 1640.888577 13
170 1651.300000 1635.312876 9
171 1663.636000 1645.312876 0
172 1672.749000 1671.697937 16
173 1683.172000 1669.043930 8
174 1693.095000 1693.370700 11
175 1702.956000 1702.687138 16
176 1713.607000 1710.872046 10
177 1724.031000 1720.872046 0
178 1734.031000 1732.046037 11
179 1742.838000 1742.046037 0
180 1752.449000 1752.609192 11
181 1760.542000 1762.609192 0
182 1770.715000 1772.609192 0
183 1780.992000 1782.609192 0
184 1790.832000 1825.191056 11
185 1800.832000 1802.672145 11
186 1810.721000 1810.755795 19
187 1820.617000 1820.544388 16
188 1830.360000 1830.004044 15
189 1840.013000 1839.613854 23
190 1849.209000 1849.613854 0
191 1860.090000 1859.613854 0
192 1869.680000 1868.709873 12
193 1879.478000 1879.627100 10
194 1889.402000 1889.071925 13
195 1899.097000 1897.513095 17
196 1908.417000 1904.582469 11
197 1917.757000 1914.582469 0
198 1926.911000 1927.448701 20
199 1937.293000 1937.448701 0
200 1946.883000 1947.448701 0
201 1954.809000 1957.448701 0
202 1964.620000 1967.448701 0
203 1974.782000 1977.448701 0
204 1985.579000 1985.975919 12
205 1995.308000 1995.612694 20
206 2005.308000 2005.612694 0
207 2015.204000 2015.612694 0
208 2024.919000 2025.612694 0
209 2034.823000 2035.612694 0
210 2044.823000 2045.159443 15
211 2053.733000 2055.159443 0
212 2065.736000 2063.951635 10
213 2075.432000 2074.452744 18
214 2085.432000 2085.695635 19
215 2095.640000 2095.695635 0
216 2105.535000 2075.006035 10
217 2116.249000 2117.141324 8
218 2125.944000 2125.845057 18
219 2135.944000 2136.265050 11
220 2146.477000 2146.265050 0
221 2156.339000 2156.771624 11
222 2166.172000 2166.296053 14
223 2176.248000 2176.296053 0
224 2185.589000 2186.296053 0
225 2195.326000 2195.101267 10
226 2205.520000 2201.812638 11
227 2217.024000 2218.332983 10
228 2227.821000 2227.242893 9
229 2237.286000 2237.097277 18
230 2246.071000 2247.097277 0
231 2256.071000 2257.097277 0
232 2265.092000 2262.298529 10
233 2275.092000 2272.298529 0
234 2284.908000 2284.634272 9
235 2294.908000 2294.634272 0
236 2304.609000 2304.245866 15
237 2314.609000 2314.245866 0
238 2324.304000 2324.865888 10
239 2334.304000 2334.865888 0
240 2344.486000 2344.865888 0
241 2353.057000 2354.865888 0
242 2362.985000 2364.865888 0
243 2372.520000 2372.432987 21
244 2381.683000 2382.432987 0
245 2392.797000 2392.432987 0
246 2402.524000 2403.656820 15
247 2412.524000 2412.585415 23
248 2422.603000 2423.190914 21
249 2432.623000 2431.844857 16
250 2442.623000 2441.248533 18
251 2451.774000 2481.176462 9
252 2461.676000 2480.396669 8
253 2470.754000 2473.153451 10
254 2481.214000 2481.565997 11
255 2491.098000 2491.565997 0
256 2500.447000 2501.565997 0
257 2509.765000 2508.425679 9
258 2518.890000 2518.425679 0
259 2529.280000 2528.425679 0
260 2538.944000 2539.035440 17
261 2548.529000 2549.417899 14
262 2558.036000 2559.417899 0
263 2567.093000 2569.417899 0
264 2575.836000 2579.417899 0
265 2585.931000 2585.256274 15
266 2595.244000 2596.079604 11
267 2605.244000 2605.647902 15
268 2615.042000 2614.170760 16
269 2624.843000 2623.952643 10
270 2635.057000 2633.952643 0
271 2645.270000 2648.269443 12
272 2654.752000 2658.269443 0
273 2664.938000 2668.269443 0
274 2674.439000 2673.715277 8
275 2684.201000 2684.113672 10
276 2693.355000 2694.113672 0
277 2703.021000 2704.113672 0
278 2712.409000 2712.543938 11
279 2722.955000 2723.575031 18
280 2733.351000 2733.193147 10
281 2743.508000 2743.193147 0
282 2753.438000 2753.193147 0
283 2763.906000 2763.193147 0
284 2774.276000 2773.744903 11
285 2783.156000 2783.627884 11
286 2792.350000 2790.609802 9
287 2802.543000 2800.609802 0
288 2812.446000 2810.609802 0
289 2821.794000 2820.609802 0
290 2830.771000 2830.609802 0
291 2841.083000 2840.609802 0
292 2851.257000 2850.609802 0
293 2861.257000 2860.609802 0
294 2871.591000 2870.609802 0
295 2880.480000 2880.609802 0
296 2890.480000 2890.609802 0
297 2900.383000 2899.694977 11
298 2910.232000 2903.911120 8
299 2920.525000 2913.911120 0
300 2930.148000 2930.143849 23
301 2939.843000 2940.143849 0
302 2949.985000 2952.397528 8
303 2959.411000 2959.929050 14
304 2969.411000 2967.497431 13
305 2979.660000 2977.497431 0
306 2989.373000 2987.497431 0
307 2999.373000 2999.249109 8
308 3009.156000 3009.249109 0
309 3018.995000 3020.689918 24
310 3028.707000 3028.744224 11
311 3038.277000 3084.801020 9
312 3046.041000 3094.801020 0
313 3054.913000 3130.720164 11
314 3064.767000 3127.480099 12
315 3074.767000 3137.480099 0
316 3084.516000 3147.480099 0
317 3092.780000 3135.682989 9
318 3102.278000 3145.682989 0
319 3113.010000 3155.682989 0
320 3122.474000 3165.682989 0
321 3132.329000 3132.089037 18
322 3140.879000 3140.427747 20
323 3150.790000 3150.946041 11
324 3160.555000 3157.706409 11
325 3169.624000 3167.706409 0
326 3177.834000 3177.706409 0
327 3187.548000 3125.276743 13
328 3198.656000 3199.060230 14
329 3208.441000 3208.708874 12
330 3217.491000 3216.295144 10
331 3228.026000 3265.004829 9
332 3238.294000 3275.004829 0
333 3248.222000 3285.004829 0
334 3258.222000 3258.063342 18
335 3267.432000 3266.668974 15
336 3277.002000 3276.387565 21
337 3287.002000 3286.387565 0
338 3297.002000 3296.387565 0
339 3307.002000 3306.387565 0
340 3316.855000 3316.387565 0
341 3326.855000 3327.094422 16
342 3335.816000 3337.094422 0
343 3346.780000 3393.470359 8
344 3357.496000 3359.295797 9
345 3367.780000 3369.527512 10
346 3377.690000 3379.527512 0
347 3387.331000 3389.527512 0
348 3397.331000 3397.484333 12
349 3403.895000 3407.484333 0
350 3413.895000 3417.484333 0
351 3423.625000 3427.484333 0
352 3434.501000 3437.484333 0
353 3444.227000 3444.378006 16
354 3454.999000 3454.852453 10
355 3464.135000 3464.222260 15
356 3474.135000 3474.222260 0
357 3484.135000 3485.087650 11
358 3493.815000 3495.087650 0
359 3503.474000 3502.399503 11
360 3513.133000 3513.013512 15
361 3522.614000 3521.872802 13
362 3532.614000 3531.872802 0
363 3540.698000 3541.872802 0
364 3549.319000 3551.872802 0
365 3560.035000 3561.872802 0
366 3570.427000 3571.872802 0
367 3579.853000 3579.172204 19
368 3588.868000 3619.709610 9
369 3597.758000 3597.458246 11
370 3608.598000 3607.458246 0
371 3619.205000 3620.549006 9
372 3630.495000 3629.173381 11
373 3639.841000 3637.742420 9
374 3650.150000 3647.742420 0
375 3658.773000 3657.742420 0
376 3669.988000 3667.742420 0
377 3675.443000 3677.742420 0
378 3686.082000 3686.436015 23
379 3696.082000 3696.436015 0
380 3707.480000 3709.477176 16
381 3717.480000 3721.660367 22
382 3727.480000 3720.923521 11
383 3737.086000 3738.498545 9
384 3746.943000 3813.559445 13
385 3756.241000 3756.491597 13
386 3766.400000 3766.491597 0
387 3776.400000 3785.547449 9
388 3786.400000 3795.547449 0
389 3795.665000 3805.547449 0
390 3803.874000 3815.547449 0
391 3813.588000 3813.968607 15
392 3823.819000 3823.968607 0
393 3833.460000 3833.968607 0
394 3842.278000 3788.156920 9
395 3852.672000 3852.223781 12
396 3863.100000 3863.648693 16
397 3873.868000 3875.850309 8
398 3883.688000 3881.929082 10
399 3892.560000 3891.929082 0
400 3903.079000 3902.711311 19
401 3913.113000 3912.711311 0
402 3922.683000 3922.372674 15
403 3932.467000 3932.066308 12
404 3942.324000 3942.066308 0
405 3950.945000 3949.575201 9
406 3960.478000 3966.462940 12
407 3970.818000 3976.462940 0
408 3980.709000 3986.462940 0
409 3987.524000 3987.764239 10
410 3997.721000 3997.819294 22
411 4007.827000 4000.057949 11
412 4017.827000 4010.057949 0
413 4027.055000 4027.905924 15
414 4036.481000 4036.403978 9
415 4046.481000 4046.403978 0
416 4055.175000 4056.403978 0
417 4064.458000 4066.403978 0
418 4073.867000 4076.403978 0
419 4082.614000 4086.403978 0
420 4093.775000 4096.403978 0
421 4102.647000 4102.550900 15
422 4111.877000 4110.484083 13
423 4121.715000 4120.484083 0
424 4130.747000 4130.484083 0
425 4140.193000 4140.484083 0
426 4150.031000 4150.078730 11
427 4159.457000 4160.078730 0
428 4170.041000 4169.254637 9
429 4179.827000 4178.977369 10
430 4189.240000 4188.977369 0
431 4198.753000 4198.391518 11
432 4208.351000 4208.391518 0
433 4217.789000 4219.686599 9
434 4227.286000 4225.498871 8
435 4236.999000 4283.834808 8
436 4244.888000 4244.886556 9
437 4254.888000 4250.338653 12
438 4264.439000 4260.338653 0
439 4274.258000 4274.859815 16
440 4284.043000 4284.713728 13
441 4294.402000 4294.664978 14
442 4303.916000 4303.654179 28
443 4313.916000 4313.654179 0
444 4323.916000 4323.654179 0
445 4333.452000 4333.654179 0
446 4343.452000 4344.163787 11
447 4353.696000 4352.971963 17
448 4363.535000 4362.862342 10
449 4373.659000 4372.862342 0
450 4384.141000 4382.862342 0
451 4393.800000 4463.546958 8
452 4403.011000 4399.962338 9
453 4412.922000 4409.962338 0
454 4421.741000 4419.962338 0
455 4431.202000 4429.962338 0
456 4440.558000 4440.800220 14
457 4450.718000 4451.455154 14
458 4460.914000 4525.364494 8
459 4468.980000 4469.374434 13
460 4477.834000 4479.374434 0
461 4487.834000 4520.824482 10
462 4496.760000 4530.756884 8
463 4505.714000 4533.517173 9
464 4514.669000 4543.517173 0
465 4522.896000 4525.668313 8
466 4532.554000 4535.668313 0
467 4540.771000 4583.569734 9
468 4549.692000 4544.261107 8
469 4558.663000 4546.437923 9
470 4568.567000 4574.165038 16
471 4579.446000 4584.165038 0
472 4586.385000 4588.716227 16
473 4596.676000 4597.420771 8
474 4606.008000 4635.260420 8
475 4615.820000 4645.260420 0
476 4624.232000 4627.567172 9
477 4633.843000 4632.971489 11
478 4643.506000 4643.694813 15
479 4652.917000 4653.694813 0
480 4662.917000 4662.760544 21
481 4672.917000 4672.023844 21
