001 0.000000 -0.089075 89
002 10.000000 9.979444 31
003 20.000000 22.008601 23
004 30.000000 29.703553 30
005 39.500000 39.475856 22
006 49.500000 49.456151 43
007 59.500000 59.391877 29
008 69.500000 69.467935 57
009 79.500000 79.462870 35
010 89.500000 89.442264 61
011 99.500000 99.516376 64
012 109.500000 109.470782 65
013 119.495000 119.525191 59
014 129.495000 129.385928 77
015 139.495000 139.472387 73
016 149.495000 149.505292 57
017 159.495000 159.504272 91
018 169.495000 169.458791 59
019 179.496000 179.618961 71
020 189.496000 189.454601 76
021 199.496000 199.457615 81
022 209.496000 209.464511 57
023 219.496000 219.512398 63
024 229.496000 229.292267 38
025 239.496000 240.601015 30
026 249.496000 250.230569 25
027 257.833000 260.028974 18
028 268.070000 270.601130 26
029 278.273000 277.631806 33
030 288.681000 284.322343 12
031 299.870000 300.717878 34
032 309.155000 308.918118 19
033 319.459000 318.918118 0
034 327.623000 328.918118 0
035 333.710000 391.600348 9
036 343.710000 401.600348 0
037 353.913000 367.657126 8
038 362.483000 371.940646 11
039 374.999000 381.940646 0
040 385.304000 385.368908 19
041 395.507000 396.172246 15
042 405.814000 406.198456 51
043 416.151000 393.734058 17
044 426.151000 384.760623 10
045 436.526000 436.978372 32
046 446.591000 444.222727 13
047 454.821000 454.781698 21
048 464.821000 464.781698 0
049 473.425000 474.781698 0
050 483.288000 483.759853 15
051 493.185000 493.944467 34
052 502.674000 503.267614 32
053 512.129000 510.143127 12
054 521.822000 521.858371 20
055 532.195000 531.858371 0
056 540.665000 541.858371 0
057 550.665000 555.319302 9
058 560.936000 561.781477 15
059 570.219000 569.540988 26
060 580.219000 579.815274 21
061 590.965000 625.398820 15
062 600.454000 600.584684 25
063 610.340000 611.517248 27
064 620.425000 620.775020 50
065 630.553000 630.853614 22
066 641.140000 640.853614 0
067 650.220000 650.853614 0
068 660.064000 660.094910 33
069 670.064000 670.094910 0
070 679.938000 679.310311 25
071 689.580000 689.673929 51
072 699.835000 699.598003 13
073 709.835000 709.351304 21
074 719.292000 719.351304 0
075 729.031000 729.540824 14
076 738.875000 738.815498 18
077 748.746000 749.134018 18
078 758.152000 757.968964 35
079 767.529000 804.346185 13
080 777.609000 780.661140 10
081 787.844000 788.192826 26
082 798.130000 798.364922 31
083 808.001000 807.781525 22
084 818.288000 818.560105 41
085 828.471000 827.391800 25
086 837.900000 805.571523 8
087 848.134000 848.454285 18
088 857.721000 857.500928 19
089 866.734000 867.095806 15
090 875.852000 876.173044 29
091 885.852000 885.793408 21
092 894.867000 869.726651 8
093 904.998000 904.919109 20
094 914.582000 914.360774 22
095 924.168000 924.685896 20
096 934.168000 933.910492 22
097 943.521000 941.813448 13
098 952.743000 952.173646 24
099 962.718000 962.276027 18
100 972.147000 972.411153 22
101 982.147000 982.377256 35
102 991.915000 991.698137 29
103 1002.124000 1000.702592 17
104 1012.593000 1010.702592 0
105 1022.696000 1022.814555 13
106 1032.179000 1032.776097 22
107 1041.271000 1041.707339 30
108 1051.090000 1051.435363 31
109 1061.324000 1061.643251 20
110 1071.092000 1070.843057 29
111 1081.067000 1080.843057 0
112 1090.341000 1163.329093 11
113 1100.264000 1101.555009 18
114 1110.601000 1110.499745 32
115 1120.188000 1118.284565 17
116 1129.695000 1129.402525 19
117 1139.543000 1140.171555 26
118 1148.939000 1148.732715 26
119 1159.306000 1159.199677 18
120 1168.955000 1168.994528 23
121 1178.580000 1178.994528 0
122 1188.580000 1188.994528 0
123 1198.222000 1199.205570 16
124 1208.379000 1208.494885 17
125 1218.491000 1219.573473 16
126 1228.491000 1278.222368 12
127 1237.938000 1238.217035 19
128 1248.097000 1248.217035 0
129 1257.411000 1261.006545 9
130 1267.338000 1267.247549 16
131 1277.474000 1276.981072 22
132 1287.371000 1286.744031 17
133 1295.957000 1295.076691 13
134 1306.140000 1306.221790 25
135 1316.557000 1339.501803 8
136 1325.905000 1325.835900 18
137 1336.205000 1336.043144 34
138 1346.205000 1345.577073 23
139 1355.472000 1355.216441 24
140 1365.786000 1408.973810 8
141 1375.106000 1418.973810 0
142 1384.732000 1389.181905 8
143 1394.373000 1394.284027 22
144 1403.969000 1404.169146 31
145 1413.772000 1412.326942 15
146 1423.807000 1421.941919 14
147 1432.759000 1432.828956 15
148 1442.185000 1443.828830 20
149 1452.185000 1452.303890 37
150 1461.552000 1461.205769 16
151 1469.403000 1468.362841 11
152 1481.218000 1481.830761 21
153 1491.130000 1490.439704 14
154 1501.296000 1502.029345 12
155 1511.430000 1511.990166 13
156 1521.754000 1568.703865 9
157 1531.842000 1531.409750 10
158 1540.884000 1541.409750 0
159 1551.794000 1551.232810 16
160 1561.076000 1561.476059 30
161 1570.996000 1571.295188 21
162 1580.996000 1581.323398 27
163 1590.875000 1591.323398 0
164 1600.220000 1662.217310 13
165 1609.660000 1672.217310 0
166 1616.952000 1617.109319 22
167 1627.628000 1629.942174 17
168 1638.073000 1638.166952 36
169 1647.976000 1648.150294 16
170 1659.699000 1658.150294 0
171 1669.718000 1669.314469 28
172 1680.298000 1680.004008 19
173 1690.007000 1689.792389 23
174 1700.007000 1699.646928 36
175 1710.047000 1710.349974 22
176 1719.833000 1720.045621 27
177 1729.931000 1729.603006 22
178 1740.105000 1740.086446 23
179 1750.008000 1749.977799 32
180 1759.659000 1759.597969 19
181 1768.983000 1769.477240 15
182 1778.325000 1776.891676 12
183 1786.836000 1819.141501 11
184 1796.991000 1829.141501 0
185 1806.991000 1807.541726 24
186 1817.339000 1817.906947 17
187 1826.856000 1826.935972 49
188 1836.740000 1837.785490 18
189 1847.455000 1847.785490 0
190 1858.635000 1830.541673 8
191 1868.326000 1869.788157 19
192 1878.248000 1878.545946 28
193 1887.920000 1887.256234 34
194 1897.340000 1896.052112 21
195 1905.560000 1904.204215 11
196 1915.773000 1914.204215 0
197 1925.308000 1925.549407 32
198 1935.308000 1937.014296 9
199 1945.308000 1944.591009 21
200 1955.077000 1952.195624 14
201 1964.709000 1962.195624 0
202 1974.265000 1972.195624 0
203 1984.091000 1984.654865 37
204 1994.419000 2073.358821 14
205 2003.917000 2002.941922 20
206 2014.342000 2013.494655 9
207 2024.342000 2024.326304 25
208 2034.748000 2020.610190 8
209 2044.497000 2044.870428 18
210 2052.930000 2055.781415 15
211 2063.510000 2063.186565 20
212 2073.510000 2073.173935 30
213 2083.181000 2083.253061 24
214 2092.775000 2123.471814 8
215 2102.699000 2103.027857 19
216 2113.085000 2113.259720 14
217 2122.582000 2122.898021 31
218 2132.582000 2207.708617 12
219 2142.621000 2142.860012 21
220 2152.621000 2144.149193 12
221 2162.408000 2162.517232 21
222 2171.964000 2171.886860 26
223 2181.132000 2180.627830 19
224 2192.079000 2192.694702 18
225 2201.906000 2201.659914 37
226 2212.564000 2211.149615 20
227 2222.486000 2222.192908 33
228 2231.635000 2231.447241 18
229 2240.552000 2239.770699 16
230 2248.869000 2248.837583 11
231 2259.720000 2260.226879 17
232 2269.584000 2267.204381 11
233 2279.663000 2279.669131 11
234 2289.295000 2289.654154 31
235 2299.140000 2298.725607 28
236 2308.309000 2308.116845 38
237 2318.309000 2317.007848 8
238 2328.433000 2327.945596 20
239 2338.700000 2338.613102 33
240 2348.841000 2348.613102 0
241 2357.638000 2357.012632 23
242 2367.556000 2368.564250 22
243 2377.556000 2375.512124 11
244 2387.492000 2387.275371 31
245 2397.492000 2397.275371 0
246 2407.245000 2407.248297 46
247 2416.888000 2416.906204 25
248 2426.625000 2426.319155 39
249 2436.625000 2436.693474 30
250 2446.625000 2445.290831 13
251 2455.791000 2476.596252 10
252 2465.563000 2465.520155 10
253 2475.219000 2475.652385 46
254 2484.752000 2484.248007 27
255 2494.345000 2494.130334 14
256 2503.590000 2502.823377 20
257 2513.327000 2523.859911 11
258 2522.425000 2532.548504 9
259 2532.425000 2534.442773 21
260 2542.010000 2542.707697 23
261 2551.132000 2551.213411 27
262 2560.594000 2558.665567 30
263 2569.813000 2568.206219 13
264 2579.056000 2534.683147 15
265 2588.033000 2587.485869 26
266 2597.181000 2597.383691 14
267 2607.181000 2606.939402 20
268 2616.802000 2616.458168 28
269 2625.949000 2624.764329 21
270 2635.336000 2634.764329 0
271 2645.336000 2645.868995 17
272 2654.752000 2655.952536 10
273 2664.938000 2664.232702 22
274 2673.879000 2671.896455 10
275 2684.329000 2681.562658 11
276 2693.608000 2691.847807 21
277 2703.396000 2703.340959 21
278 2712.325000 2712.783441 15
279 2723.233000 2724.458987 33
280 2733.586000 2733.457514 19
281 2743.313000 2742.618973 23
282 2753.123000 2752.618973 0
283 2760.110000 2760.329887 20
284 2770.319000 2771.454341 15
285 2780.069000 2780.018882 28
286 2790.069000 2789.752950 19
287 2800.298000 2798.734262 13
288 2810.104000 2810.017761 32
289 2819.480000 2819.771927 25
290 2829.025000 2826.956827 22
291 2839.102000 2841.476730 8
292 2849.021000 2849.172368 24
293 2858.916000 2859.042461 19
294 2869.329000 2869.042461 0
295 2877.668000 2879.042461 0
296 2887.442000 2887.928805 22
297 2897.795000 2897.608652 35
298 2907.293000 2907.243473 22
299 2917.175000 2916.814404 36
300 2926.998000 2924.413595 15
301 2935.746000 2932.587515 13
302 2945.436000 2944.682638 9
303 2955.356000 2956.725364 17
304 2964.522000 2963.650699 18
305 2974.983000 2974.894585 14
306 2985.603000 2984.292323 20
307 2995.729000 2994.292323 0
308 3006.629000 3006.449100 14
309 3014.953000 3014.983637 24
310 3024.823000 3025.339289 20
311 3034.477000 3033.918103 16
312 3043.168000 3043.244417 15
313 3051.342000 3051.377319 23
314 3061.468000 3061.127420 18
315 3071.381000 3071.157637 29
316 3080.242000 3079.912598 21
317 3090.518000 3088.895874 15
318 3099.379000 3099.584101 32
319 3109.614000 3108.729183 22
320 3119.010000 3118.729183 0
321 3128.279000 3128.742769 27
322 3137.870000 3136.461749 27
323 3146.021000 3146.415107 25
324 3155.866000 3155.180103 36
325 3165.193000 3162.480259 11
326 3174.701000 3172.480259 0
327 3184.357000 3184.349577 18
328 3194.357000 3196.038805 18
329 3204.267000 3204.548280 17
330 3213.801000 3213.896876 25
331 3224.560000 3224.377761 19
332 3234.264000 3234.377761 0
333 3244.615000 3244.164917 19
334 3253.814000 3255.245554 20
335 3263.814000 3263.824316 21
336 3273.940000 3273.912979 42
337 3283.138000 3282.622326 11
338 3294.383000 3292.622326 0
339 3302.959000 3303.103251 13
340 3312.556000 3313.103251 0
341 3323.005000 3325.748579 21
342 3334.161000 3333.724229 17
343 3344.480000 3343.835197 19
344 3354.582000 3337.372565 9
345 3364.582000 3365.224949 25
346 3374.424000 3374.510579 21
347 3384.424000 3385.089720 20
348 3394.511000 3394.584803 28
349 3404.275000 3403.636596 21
350 3414.420000 3413.636596 0
351 3423.839000 3423.636596 0
352 3434.227000 3433.615198 12
353 3443.973000 3444.098708 30
354 3454.135000 3454.226084 26
355 3463.796000 3463.503581 38
356 3473.317000 3473.503581 0
357 3483.002000 3482.857244 19
358 3491.710000 3492.258941 24
359 3501.231000 3501.178674 22
360 3511.079000 3510.757760 39
361 3520.698000 3520.624285 42
362 3530.154000 3529.969122 13
363 3539.741000 3539.763642 27
364 3549.838000 3549.763642 0
365 3559.823000 3559.111555 9
366 3571.457000 3571.560273 13
367 3581.369000 3578.708095 26
368 3590.500000 3590.845078 15
369 3600.241000 3600.845078 0
370 3610.648000 3609.905022 13
371 3620.496000 3619.621722 13
372 3631.869000 3631.554923 38
373 3640.968000 3640.882666 27
374 3651.042000 3649.926475 15
375 3660.726000 3659.926475 0
376 3667.063000 3664.842964 13
377 3675.057000 3674.842964 0
378 3686.171000 3687.213093 19
379 3694.652000 3697.213093 0
380 3705.060000 3718.575400 10
381 3715.001000 3712.423674 28
382 3725.044000 3719.310267 27
383 3733.674000 3729.310267 0
384 3743.809000 3744.499272 19
385 3753.461000 3754.104191 28
386 3763.193000 3763.433327 21
387 3772.288000 3757.189176 8
388 3781.697000 3782.741049 32
389 3791.239000 3791.096799 40
390 3799.153000 3801.438900 15
391 3809.153000 3809.758821 17
392 3818.946000 3819.758821 0
393 3828.946000 3829.758821 0
394 3839.290000 3839.116785 29
395 3849.127000 3849.240471 20
396 3859.366000 3858.914507 16
397 3869.880000 3869.625709 17
398 3879.793000 3880.173496 21
399 3889.165000 3888.712016 19
400 3898.538000 3900.477192 24
401 3908.473000 3994.066443 14
402 3918.296000 3918.166251 33
403 3928.034000 3927.811091 9
404 3937.025000 3936.215569 13
405 3945.670000 3945.344648 25
406 3954.797000 3955.344648 0
407 3963.756000 3965.758641 20
408 3975.048000 3974.884190 28
409 3981.645000 3984.884190 0
410 3992.690000 3992.642748 29
411 4002.457000 4002.670352 28
412 4011.982000 4010.665620 27
413 4021.430000 4021.432661 15
414 4030.624000 4031.260317 20
415 4040.513000 4040.576800 20
416 4049.727000 4048.620925 26
417 4058.371000 4101.362714 11
418 4068.258000 4066.791326 9
419 4076.974000 4118.713322 10
420 4085.661000 4085.677859 11
421 4096.585000 4097.004545 19
422 4105.894000 4106.222573 45
423 4115.448000 4114.247368 21
424 4123.311000 4122.710263 26
425 4132.804000 4132.022789 16
426 4142.148000 4142.297402 36
427 4151.574000 4151.144809 18
428 4160.897000 4160.341152 20
429 4170.041000 4170.352966 23
430 4180.202000 4179.355266 29
431 4189.466000 4188.133675 26
432 4198.878000 4198.606925 16
433 4208.352000 4207.875404 26
434 4218.124000 4218.541022 32
435 4228.124000 4227.571624 22
436 4237.399000 4292.738951 9
437 4245.914000 4245.782497 26
438 4255.326000 4258.386423 14
439 4264.948000 4264.671484 23
440 4274.331000 4274.697846 38
441 4284.331000 4284.738732 31
442 4294.866000 4294.548234 30
443 4304.488000 4303.916561 41
444 4314.081000 4298.662650 12
445 4323.524000 4324.659984 12
446 4333.314000 4333.206803 36
447 4342.679000 4342.936656 23
448 4351.252000 4352.049208 20
449 4361.175000 4360.785788 28
450 4371.247000 4363.943105 10
451 4380.061000 4373.943105 0
452 4388.724000 4388.575701 23
453 4397.957000 4398.280709 21
454 4408.286000 4408.865640 18
455 4418.401000 4417.649465 34
456 4427.665000 4427.649465 0
457 4437.586000 4438.279472 28
458 4447.586000 4447.305580 35
459 4457.586000 4457.042885 29
460 4466.965000 4466.922741 37
461 4476.557000 4476.131013 12
462 4485.941000 4522.995824 9
463 4495.941000 4525.825166 13
464 4504.556000 4535.825166 0
465 4514.556000 4545.825166 0
466 4524.310000 4521.693451 9
467 4532.555000 4531.573432 12
468 4542.555000 4538.803386 16
469 4551.201000 4550.473579 31
470 4561.332000 4561.195965 16
471 4572.125000 4574.787712 9
472 4581.268000 4584.699100 14
473 4590.771000 4590.942908 18
474 4600.003000 4641.804539 14
475 4610.003000 4610.096369 34
476 4619.399000 4576.378155 18
477 4627.343000 4628.874171 15
478 4636.335000 4636.675945 36
479 4646.109000 4644.870892 32
480 4655.421000 4654.706838 25
481 4665.421000 4664.984159 40
