001 0.000000 -0.194538 91
002 10.000000 9.832050 32
003 20.000000 20.190521 24
004 30.000000 29.595309 26
005 39.500000 39.486873 23
006 49.500000 49.604556 46
007 59.500000 59.385278 27
008 69.500000 69.466990 53
009 79.500000 79.463598 34
010 89.500000 89.444354 61
011 99.500000 99.517532 61
012 109.500000 109.480762 63
013 119.495000 119.524205 62
014 129.495000 129.389152 80
015 139.495000 139.555657 78
016 149.495000 149.502152 61
017 159.495000 159.525650 91
018 169.495000 169.461552 62
019 179.496000 179.554841 74
020 189.496000 189.551978 74
021 199.496000 199.458157 87
022 209.496000 209.590498 63
023 219.496000 219.335911 60
024 229.496000 229.377612 41
025 239.496000 240.402623 30
026 249.496000 250.403351 22
027 257.833000 259.442067 24
028 268.070000 268.862036 23
029 278.273000 277.756437 31
030 288.681000 286.853654 21
031 299.870000 300.940507 31
032 309.155000 308.726642 20
033 319.459000 318.726642 0
034 327.623000 328.726642 0
035 333.710000 392.017280 10
036 343.710000 329.069310 9
037 353.913000 367.729858 8
038 362.483000 372.262644 12
039 374.999000 376.517258 8
040 385.304000 385.099479 18
041 395.507000 395.329261 20
042 405.814000 406.347468 49
043 416.151000 394.399757 13
044 426.151000 404.399757 0
045 436.526000 436.732361 29
046 446.591000 444.384819 15
047 454.821000 454.643079 22
048 464.821000 464.643079 0
049 473.425000 442.622809 8
050 483.288000 483.308891 18
051 493.185000 493.955712 34
052 502.674000 503.317609 30
053 512.129000 512.083047 15
054 521.822000 521.872931 21
055 532.195000 530.929920 8
056 540.665000 540.929920 0
057 550.665000 553.970383 12
058 560.936000 562.065772 16
059 570.219000 569.329239 22
060 580.219000 579.735236 19
061 590.965000 625.326982 13
062 600.454000 600.534879 26
063 610.340000 611.767788 27
064 620.425000 620.772138 52
065 630.553000 630.874261 21
066 641.140000 640.874261 0
067 650.220000 650.115722 10
068 660.064000 660.111246 35
069 670.064000 670.111246 0
070 679.938000 679.336707 26
071 689.580000 689.536136 55
072 699.835000 699.287204 15
073 709.835000 709.611325 18
074 719.292000 719.611325 0
075 729.031000 729.142234 19
076 738.875000 738.857020 18
077 748.746000 748.714221 15
078 758.152000 758.026684 37
079 767.529000 804.408264 15
080 777.609000 778.133762 9
081 787.844000 788.054761 26
082 798.130000 798.481396 34
083 808.001000 807.783765 23
084 818.288000 818.607540 40
085 828.471000 827.634722 27
086 837.900000 841.506645 9
087 848.134000 849.553910 14
088 857.721000 857.500537 17
089 866.734000 867.960862 12
090 875.852000 876.189520 26
091 885.852000 885.748339 16
092 894.867000 870.921487 9
093 904.998000 905.161459 21
094 914.582000 914.462388 11
095 924.168000 925.163744 20
096 934.168000 934.193579 24
097 943.521000 944.193579 0
098 952.743000 951.522449 24
099 962.718000 962.509814 21
100 972.147000 972.583538 27
101 982.147000 982.185918 37
102 991.915000 991.819306 30
103 1002.124000 1001.170931 22
104 1012.593000 1011.170931 0
105 1022.696000 1021.170931 0
106 1032.179000 1032.771820 25
107 1041.271000 1041.405077 31
108 1051.090000 1051.302565 30
109 1061.324000 1061.671633 19
110 1071.092000 1071.419984 26
111 1081.067000 1081.419984 0
112 1090.341000 1164.225546 13
113 1100.264000 1101.270444 19
114 1110.601000 1110.396149 31
115 1120.188000 1120.034573 23
116 1129.695000 1129.439224 24
117 1139.543000 1140.250699 24
118 1148.939000 1148.865186 27
119 1159.306000 1159.313318 20
120 1168.955000 1169.013588 27
121 1178.580000 1179.013588 0
122 1188.580000 1189.013588 0
123 1198.222000 1198.946728 24
124 1208.379000 1208.469570 19
125 1218.491000 1220.383843 16
126 1228.491000 1228.270473 15
127 1237.938000 1238.760763 23
128 1248.097000 1277.423291 9
129 1257.411000 1260.225168 8
130 1267.338000 1267.292794 9
131 1277.474000 1276.637458 23
132 1287.371000 1286.722219 17
133 1295.957000 1296.722219 0
134 1306.140000 1305.782168 18
135 1316.557000 1315.782168 0
136 1325.905000 1325.825045 19
137 1336.205000 1336.509912 34
138 1346.205000 1345.596469 30
139 1355.472000 1355.205262 24
140 1365.786000 1409.534620 8
141 1375.106000 1419.534620 0
142 1384.732000 1385.033918 9
143 1394.373000 1394.292396 23
144 1403.969000 1403.946761 34
145 1413.772000 1412.125137 14
146 1423.807000 1422.007650 14
147 1432.759000 1432.608297 16
148 1442.185000 1443.969128 16
149 1452.185000 1452.128020 37
150 1461.552000 1461.409739 13
151 1469.403000 1469.211837 11
152 1481.218000 1481.985087 20
153 1491.130000 1490.971999 18
154 1501.296000 1505.821103 8
155 1511.430000 1511.827663 10
156 1521.754000 1521.682224 9
157 1531.842000 1531.682224 0
158 1540.884000 1541.682224 0
159 1551.794000 1551.227737 15
160 1561.076000 1561.536226 24
161 1570.996000 1571.067157 15
162 1580.996000 1581.776606 25
163 1590.875000 1591.776606 0
164 1600.220000 1601.776606 0
165 1609.660000 1611.776606 0
166 1616.952000 1618.274660 22
167 1627.628000 1630.209219 18
168 1638.073000 1638.156796 30
169 1647.976000 1647.327871 15
170 1659.699000 1657.327871 0
171 1669.718000 1669.392502 24
172 1680.298000 1680.091862 31
173 1690.007000 1689.784839 26
174 1700.007000 1699.739340 35
175 1710.047000 1710.672847 26
176 1719.833000 1720.124928 28
177 1729.931000 1730.015226 23
178 1740.105000 1740.077321 24
179 1750.008000 1750.010284 36
180 1759.659000 1759.562296 20
181 1768.983000 1769.355096 14
182 1778.325000 1776.595269 15
183 1786.836000 1785.490290 11
184 1796.991000 1800.258929 9
185 1806.991000 1807.427503 28
186 1817.339000 1817.668016 17
187 1826.856000 1826.876800 55
188 1836.740000 1837.466516 20
189 1847.455000 1834.502592 8
190 1858.635000 1857.109649 14
191 1868.326000 1869.702915 20
192 1878.248000 1878.904372 26
193 1887.920000 1887.615209 30
194 1897.340000 1896.176584 26
195 1905.560000 1906.176584 0
196 1915.773000 1916.176584 0
197 1925.308000 1925.757419 27
198 1935.308000 1938.288181 13
199 1945.308000 1946.446352 14
200 1955.077000 1953.834702 16
201 1964.709000 1963.834702 0
202 1974.265000 1973.834702 0
203 1984.091000 1985.070311 33
204 1994.419000 1994.817871 15
205 2003.917000 2002.910781 19
206 2014.342000 2013.575435 10
207 2024.342000 2024.476919 22
208 2034.748000 2020.610190 8
209 2044.497000 2044.151624 18
210 2052.930000 2055.165653 13
211 2063.510000 2063.512228 20
212 2073.510000 2073.180749 34
213 2083.181000 2083.253351 29
214 2092.775000 2090.213927 17
215 2102.699000 2102.898536 26
216 2113.085000 2113.858587 13
217 2122.582000 2122.794977 29
218 2132.582000 2207.351500 11
219 2142.621000 2142.927470 20
220 2152.621000 2145.744542 13
221 2162.408000 2162.377386 22
222 2171.964000 2172.105303 21
223 2181.132000 2180.614787 17
224 2192.079000 2192.590834 18
225 2201.906000 2201.613506 34
226 2212.564000 2211.134419 21
227 2222.486000 2222.389473 30
228 2231.635000 2231.586258 23
229 2240.552000 2239.609045 16
230 2248.869000 2248.950461 8
231 2259.720000 2260.607005 19
232 2269.584000 2267.455473 11
233 2279.663000 2279.628373 11
234 2289.295000 2289.585977 28
235 2299.140000 2298.386375 30
236 2308.309000 2308.116366 38
237 2318.309000 2316.694617 13
238 2328.433000 2328.063406 20
239 2338.700000 2338.519050 30
240 2348.841000 2348.519050 0
241 2357.638000 2357.989351 20
242 2367.556000 2367.708053 21
243 2377.556000 2375.981346 14
244 2387.492000 2387.158522 24
245 2397.492000 2397.158522 0
246 2407.245000 2407.254169 45
247 2416.888000 2417.054134 21
248 2426.625000 2426.200023 40
249 2436.625000 2436.931798 32
250 2446.625000 2445.083348 12
251 2455.791000 2476.815181 13
252 2465.563000 2465.233257 11
253 2475.219000 2475.533619 45
254 2484.752000 2484.207538 25
255 2494.345000 2493.845008 14
256 2503.590000 2503.287090 16
257 2513.327000 2500.421485 8
258 2522.425000 2526.516542 13
259 2532.425000 2533.354793 25
260 2542.010000 2543.147272 18
261 2551.132000 2551.397340 23
262 2560.594000 2558.944485 26
263 2569.813000 2568.629212 12
264 2579.056000 2535.563811 11
265 2588.033000 2587.529534 29
266 2597.181000 2597.220095 14
267 2607.181000 2606.939402 20
268 2616.802000 2616.076163 30
269 2625.949000 2625.323606 27
270 2635.336000 2635.323606 0
271 2645.336000 2645.838576 18
272 2654.752000 2655.495783 11
273 2664.938000 2663.979300 21
274 2673.879000 2672.667691 13
275 2684.329000 2682.490142 21
276 2693.608000 2696.516153 19
277 2703.396000 2703.189239 13
278 2712.325000 2712.353184 15
279 2723.233000 2723.855791 36
280 2733.586000 2733.478985 17
281 2743.313000 2742.780770 19
282 2753.123000 2752.780770 0
283 2760.110000 2760.264192 12
284 2770.319000 2770.792132 12
285 2780.069000 2780.396863 26
286 2790.069000 2789.511708 17
287 2800.298000 2798.295417 12
288 2810.104000 2809.912724 33
289 2819.480000 2819.955842 19
290 2829.025000 2826.429703 18
291 2839.102000 2841.504406 10
292 2849.021000 2849.225852 18
293 2858.916000 2858.750934 20
294 2869.329000 2868.750934 0
295 2877.668000 2878.750934 0
296 2887.442000 2887.966230 22
297 2897.795000 2897.619452 30
298 2907.293000 2907.232087 22
299 2917.175000 2917.109292 32
300 2926.998000 2951.198724 9
301 2935.746000 2947.090735 8
302 2945.436000 3002.924258 17
303 2955.356000 2955.654131 20
304 2964.522000 2963.040258 16
305 2974.983000 2974.896993 16
306 2985.603000 2984.809901 24
307 2995.729000 2994.809901 0
308 3006.629000 3005.493196 22
309 3014.953000 3015.235520 25
310 3024.823000 3023.786816 22
311 3034.477000 3034.487037 10
312 3043.168000 3043.218552 14
313 3051.342000 3051.722690 27
314 3061.468000 3061.127238 18
315 3071.381000 3071.231736 27
316 3080.242000 3079.889724 19
317 3090.518000 3089.220023 14
318 3099.379000 3099.565497 31
319 3109.614000 3108.780926 24
320 3119.010000 3118.780926 0
321 3128.279000 3128.698822 30
322 3137.870000 3136.437880 26
323 3146.021000 3146.426663 30
324 3155.866000 3155.325677 40
325 3165.193000 3162.879943 13
326 3174.701000 3172.879943 0
327 3184.357000 3184.346169 19
328 3194.357000 3195.139371 19
329 3204.267000 3204.504744 20
330 3213.801000 3213.887193 25
331 3224.560000 3224.378428 20
332 3234.264000 3233.681230 22
333 3244.615000 3245.144118 16
334 3253.814000 3254.916159 18
335 3263.814000 3263.841670 23
336 3273.940000 3273.946751 40
337 3283.138000 3281.797541 13
338 3294.383000 3291.797541 0
339 3302.959000 3303.424770 16
340 3312.556000 3313.564219 11
341 3323.005000 3326.578610 17
342 3334.161000 3334.288209 15
343 3344.480000 3343.787127 22
344 3354.582000 3353.787127 0
345 3364.582000 3365.309649 22
346 3374.424000 3374.563164 17
347 3384.424000 3384.748720 16
348 3394.511000 3394.584109 26
349 3404.275000 3404.249534 17
350 3414.420000 3414.249534 0
351 3423.839000 3424.249534 0
352 3434.227000 3433.437872 15
353 3443.973000 3443.996722 32
354 3454.135000 3454.326938 27
355 3463.796000 3463.535184 44
356 3473.317000 3469.926191 9
357 3483.002000 3482.874587 19
358 3491.710000 3492.292331 23
359 3501.231000 3501.177933 21
360 3511.079000 3510.760302 39
361 3520.698000 3520.628870 40
362 3530.154000 3528.723162 14
363 3539.741000 3539.962988 25
364 3549.838000 3549.962988 0
365 3559.823000 3560.083722 11
366 3571.457000 3571.553908 13
367 3581.369000 3578.074938 20
368 3590.500000 3590.948216 13
369 3600.241000 3600.948216 0
370 3610.648000 3609.864833 12
371 3620.496000 3619.871400 13
372 3631.869000 3631.546196 37
373 3640.968000 3640.756670 28
374 3651.042000 3649.991268 15
375 3660.726000 3660.781572 9
376 3667.063000 3665.602320 14
377 3675.057000 3677.680079 8
378 3686.171000 3685.756783 18
379 3694.652000 3695.756783 0
380 3705.060000 3708.222384 13
381 3715.001000 3712.528414 31
382 3725.044000 3711.701597 28
383 3733.674000 3721.701597 0
384 3743.809000 3743.267585 24
385 3753.461000 3753.703460 27
386 3763.193000 3763.346991 19
387 3772.288000 3757.237609 9
388 3781.697000 3783.137018 30
389 3791.239000 3791.270867 31
390 3799.153000 3801.177274 17
391 3809.153000 3810.086672 19
392 3818.946000 3857.498161 10
393 3828.946000 3874.630387 14
394 3839.290000 3839.061607 31
395 3849.127000 3849.245566 22
396 3859.366000 3858.372099 24
397 3869.880000 3869.939417 22
398 3879.793000 3879.627908 20
399 3889.165000 3888.980241 22
400 3898.538000 3900.485976 23
401 3908.473000 3908.951203 18
402 3918.296000 3918.451759 29
403 3928.034000 3927.847808 12
404 3937.025000 3936.340927 19
405 3945.670000 3945.354950 28
406 3954.797000 3951.777360 19
407 3963.756000 3964.240425 17
408 3975.048000 3974.890247 24
409 3981.645000 3984.890247 0
410 3992.690000 3992.868346 24
411 4002.457000 4002.188338 26
412 4011.982000 4010.879369 26
413 4021.430000 4021.242472 13
414 4030.624000 4033.691448 10
415 4040.513000 4040.606441 17
416 4049.727000 4048.401850 21
417 4058.371000 4054.229939 8
418 4068.258000 4066.958116 11
419 4076.974000 4046.755695 8
420 4085.661000 4085.390128 11
421 4096.585000 4097.015670 19
422 4105.894000 4105.970603 37
423 4115.448000 4114.556936 19
424 4123.311000 4122.367258 23
425 4132.804000 4132.178140 14
426 4142.148000 4143.643160 24
427 4151.574000 4150.972975 15
428 4160.897000 4160.489036 18
429 4170.041000 4170.601823 24
430 4180.202000 4179.381895 30
431 4189.466000 4188.502604 27
432 4198.878000 4199.951307 17
433 4208.352000 4208.004916 26
434 4218.124000 4218.450083 44
435 4228.124000 4227.701982 30
436 4237.399000 4236.790559 12
437 4245.914000 4245.794283 27
438 4255.326000 4256.886987 23
439 4264.948000 4264.570294 28
440 4274.331000 4274.776709 41
441 4284.331000 4284.610893 26
442 4294.866000 4294.775924 28
443 4304.488000 4304.064431 41
444 4314.081000 4298.864643 14
445 4323.524000 4325.094606 13
446 4333.314000 4333.327295 33
447 4342.679000 4343.106043 29
448 4351.252000 4352.686805 19
449 4361.175000 4360.692293 31
450 4371.247000 4367.547401 12
451 4380.061000 4377.547401 0
452 4388.724000 4388.160547 27
453 4397.957000 4398.206430 23
454 4408.286000 4408.139834 15
455 4418.401000 4417.063053 32
456 4427.665000 4427.063053 0
457 4437.586000 4438.237364 30
458 4447.586000 4447.239769 37
459 4457.586000 4457.060527 30
460 4466.965000 4467.194261 39
461 4476.557000 4476.280949 15
462 4485.941000 4485.835608 18
463 4495.941000 4526.489518 13
464 4504.556000 4536.489518 0
465 4514.556000 4517.849422 8
466 4524.310000 4522.290172 12
467 4532.555000 4531.368156 10
468 4542.555000 4583.912038 13
469 4551.201000 4550.305218 32
470 4561.332000 4565.236042 9
471 4572.125000 4575.236042 0
472 4581.268000 4584.633703 15
473 4590.771000 4590.795874 23
474 4600.003000 4641.766973 15
475 4610.003000 4610.181037 28
476 4619.399000 4576.211922 17
477 4627.343000 4628.591811 14
478 4636.335000 4636.729290 38
479 4646.109000 4645.006275 30
480 4655.421000 4654.807837 23
481 4665.421000 4664.965892 38
