001 0.000000 -0.152930 94
002 10.000000 9.981369 32
003 20.000000 20.591200 21
004 30.000000 29.665541 32
005 39.500000 39.484177 24
006 49.500000 49.445993 46
007 59.500000 59.385862 27
008 69.500000 69.516243 48
009 79.500000 79.470318 29
010 89.500000 89.509944 61
011 99.500000 99.474747 57
012 109.500000 109.480380 63
013 119.495000 119.737340 52
014 129.495000 129.448002 76
015 139.495000 139.621486 73
016 149.495000 149.503889 54
017 159.495000 159.521600 84
018 169.495000 169.462893 54
019 179.496000 179.609753 76
020 189.496000 189.559247 71
021 199.496000 199.405179 84
022 209.496000 209.625340 65
023 219.496000 219.452615 62
024 229.496000 229.223364 36
025 239.496000 240.408316 31
026 249.496000 250.323537 22
027 257.833000 260.056207 15
028 268.070000 270.785371 21
029 278.273000 277.145249 31
030 288.681000 282.235730 12
031 299.870000 301.052298 34
032 309.155000 308.817791 20
033 319.459000 318.817791 0
034 327.623000 328.817791 0
035 333.710000 395.368428 10
036 343.710000 328.997740 9
037 353.913000 338.997740 0
038 362.483000 372.262644 12
039 374.999000 376.517258 8
040 385.304000 384.781049 23
041 395.507000 395.589538 18
042 405.814000 406.431388 46
043 416.151000 397.115460 16
044 426.151000 426.631386 12
045 436.526000 436.755362 29
046 446.591000 444.078179 11
047 454.821000 454.726005 24
048 464.821000 485.361310 10
049 473.425000 495.361310 0
050 483.288000 484.752709 12
051 493.185000 493.289344 30
052 502.674000 502.984238 29
053 512.129000 512.218409 15
054 521.822000 521.889101 22
055 532.195000 559.364720 8
056 540.665000 569.364720 0
057 550.665000 554.921382 11
058 560.936000 561.694155 17
059 570.219000 569.937850 28
060 580.219000 579.355863 20
061 590.965000 627.477513 9
062 600.454000 600.893128 20
063 610.340000 612.188370 27
064 620.425000 620.789325 47
065 630.553000 630.654045 16
066 641.140000 640.654045 0
067 650.220000 650.654045 0
068 660.064000 660.260624 25
069 670.064000 670.260624 0
070 679.938000 679.222246 26
071 689.580000 689.488848 42
072 699.835000 699.832993 9
073 709.835000 709.401606 23
074 719.292000 719.401606 0
075 729.031000 729.118887 19
076 738.875000 738.669688 19
077 748.746000 749.171871 16
078 758.152000 758.022009 32
079 767.529000 804.691395 13
080 777.609000 814.691395 0
081 787.844000 787.959122 24
082 798.130000 798.609307 34
083 808.001000 807.762208 21
084 818.288000 818.607145 40
085 828.471000 827.698946 26
086 837.900000 840.149678 11
087 848.134000 848.793645 18
088 857.721000 857.527728 18
089 866.734000 867.466782 12
090 875.852000 876.556561 23
091 885.852000 885.808230 15
092 894.867000 895.808230 0
093 904.998000 905.133188 23
094 914.582000 914.483755 20
095 924.168000 925.195626 18
096 934.168000 934.104264 26
097 943.521000 944.104264 0
098 952.743000 951.789732 25
099 962.718000 962.593224 23
100 972.147000 972.604182 26
101 982.147000 982.171595 40
102 991.915000 991.824446 31
103 1002.124000 1001.095461 26
104 1012.593000 1011.095461 0
105 1022.696000 1022.745283 8
106 1032.179000 1032.661096 24
107 1041.271000 1041.578777 30
108 1051.090000 1051.532806 28
109 1061.324000 1061.110448 17
110 1071.092000 1071.538183 30
111 1081.067000 1081.538183 0
112 1090.341000 1163.452809 10
113 1100.264000 1102.040605 14
114 1110.601000 1110.463055 33
115 1120.188000 1120.040776 20
116 1129.695000 1129.407606 21
117 1139.543000 1140.301884 22
118 1148.939000 1148.887921 23
119 1159.306000 1159.584222 22
120 1168.955000 1169.019300 26
121 1178.580000 1179.019300 0
122 1188.580000 1189.019300 0
123 1198.222000 1198.989803 23
124 1208.379000 1208.478247 24
125 1218.491000 1219.965588 15
126 1228.491000 1228.273770 16
127 1237.938000 1237.188185 19
128 1248.097000 1275.619843 8
129 1257.411000 1285.619843 0
130 1267.338000 1267.219686 11
131 1277.474000 1277.663760 11
132 1287.371000 1287.663760 0
133 1295.957000 1297.663760 0
134 1306.140000 1306.213416 21
135 1316.557000 1316.213416 0
136 1325.905000 1325.832783 19
137 1336.205000 1336.268838 35
138 1346.205000 1345.767286 32
139 1355.472000 1355.225730 25
140 1365.786000 1409.904725 9
141 1375.106000 1338.331649 8
142 1384.732000 1341.016401 11
143 1394.373000 1394.425401 24
144 1403.969000 1404.278434 30
145 1413.772000 1413.328459 13
146 1423.807000 1421.767234 14
147 1432.759000 1431.767234 0
148 1442.185000 1443.012402 19
149 1452.185000 1452.257380 38
150 1461.552000 1461.293043 15
151 1469.403000 1468.362841 11
152 1481.218000 1481.687688 19
153 1491.130000 1490.889097 17
154 1501.296000 1502.382262 13
155 1511.430000 1512.011765 12
156 1521.754000 1521.678443 10
157 1531.842000 1531.409750 10
158 1540.884000 1541.409750 0
159 1551.794000 1551.081889 15
160 1561.076000 1561.558345 26
161 1570.996000 1571.628136 18
162 1580.996000 1581.611418 26
163 1590.875000 1590.890986 8
164 1600.220000 1567.041382 8
165 1609.660000 1577.041382 0
166 1616.952000 1617.096835 19
167 1627.628000 1631.600033 18
168 1638.073000 1637.838972 30
169 1647.976000 1647.754705 16
170 1659.699000 1637.303281 9
171 1669.718000 1669.640638 28
172 1680.298000 1679.953528 32
173 1690.007000 1689.777508 27
174 1700.007000 1699.745520 34
175 1710.047000 1710.352216 22
176 1719.833000 1720.123008 27
177 1729.931000 1730.049733 25
178 1740.105000 1740.523864 24
179 1750.008000 1749.990924 31
180 1759.659000 1759.616101 16
181 1768.983000 1769.382525 13
182 1778.325000 1777.139229 10
183 1786.836000 1819.249432 11
184 1796.991000 1829.249432 0
185 1806.991000 1807.612807 22
186 1817.339000 1817.233795 13
187 1826.856000 1826.995668 57
188 1836.740000 1837.475594 19
189 1847.455000 1899.249580 10
190 1858.635000 1860.561744 8
191 1868.326000 1869.882397 16
192 1878.248000 1878.823056 29
193 1887.920000 1887.313137 35
194 1897.340000 1896.291091 21
195 1905.560000 1904.793924 13
196 1915.773000 1914.793924 0
197 1925.308000 1925.738544 28
198 1935.308000 1936.145480 10
199 1945.308000 1946.106102 24
200 1955.077000 1954.643766 17
201 1964.709000 1964.643766 0
202 1974.265000 1995.266687 8
203 1984.091000 1984.260537 33
204 1994.419000 1994.855049 14
205 2003.917000 2002.958254 16
206 2014.342000 2012.958254 0
207 2024.342000 2024.341110 25
208 2034.748000 2034.341110 0
209 2044.497000 2043.966403 17
210 2052.930000 2053.097448 12
211 2063.510000 2063.642663 20
212 2073.510000 2073.089041 28
213 2083.181000 2083.259286 28
214 2092.775000 2091.996077 20
215 2102.699000 2102.722141 28
216 2113.085000 2113.800894 13
217 2122.582000 2122.825750 24
218 2132.582000 2132.825750 0
219 2142.621000 2142.932053 20
220 2152.621000 2144.429089 13
221 2162.408000 2162.700286 23
222 2171.964000 2170.849884 26
223 2181.132000 2180.687379 18
224 2192.079000 2192.430256 18
225 2201.906000 2200.977224 29
226 2212.564000 2209.803001 10
227 2222.486000 2222.103246 30
228 2231.635000 2231.527176 24
229 2240.552000 2240.112664 16
230 2248.869000 2250.112664 0
231 2259.720000 2260.144230 17
232 2269.584000 2301.347582 9
233 2279.663000 2279.666142 16
234 2289.295000 2289.455144 28
235 2299.140000 2298.391839 29
236 2308.309000 2308.696191 35
237 2318.309000 2317.148023 12
238 2328.433000 2327.555522 17
239 2338.700000 2338.792982 31
240 2348.841000 2348.792982 0
241 2357.638000 2358.769363 17
242 2367.556000 2366.222612 20
243 2377.556000 2375.381030 13
244 2387.492000 2387.529068 23
245 2397.492000 2409.742014 9
246 2407.245000 2407.236364 39
247 2416.888000 2416.882818 23
248 2426.625000 2426.327685 39
249 2436.625000 2436.711721 30
250 2446.625000 2445.381313 14
251 2455.791000 2451.421685 10
252 2465.563000 2465.169269 8
253 2475.219000 2475.661151 42
254 2484.752000 2484.528919 24
255 2494.345000 2494.182489 12
256 2503.590000 2502.926272 14
257 2513.327000 2522.715399 10
258 2522.425000 2533.705738 10
259 2532.425000 2533.639114 23
260 2542.010000 2542.431495 18
261 2551.132000 2551.175041 24
262 2560.594000 2558.808210 28
263 2569.813000 2568.711044 13
264 2579.056000 2535.598054 11
265 2588.033000 2587.769738 25
266 2597.181000 2597.156934 14
267 2607.181000 2606.615989 19
268 2616.802000 2615.754283 30
269 2625.949000 2625.050845 21
270 2635.336000 2635.050845 0
271 2645.336000 2646.455785 13
272 2654.752000 2710.264362 10
273 2664.938000 2666.454653 13
274 2673.879000 2672.251810 19
275 2684.329000 2681.756808 12
276 2693.608000 2692.034028 12
277 2703.396000 2703.303401 21
278 2712.325000 2713.159622 12
279 2723.233000 2724.264246 32
280 2733.586000 2733.457514 19
281 2743.313000 2743.129927 22
282 2753.123000 2753.129927 0
283 2760.110000 2760.269455 16
284 2770.319000 2770.402396 10
285 2780.069000 2779.995398 27
286 2790.069000 2789.743558 17
287 2800.298000 2799.743558 0
288 2810.104000 2810.002643 36
289 2819.480000 2819.756818 26
290 2829.025000 2826.952505 23
291 2839.102000 2840.292468 9
292 2849.021000 2849.233426 17
293 2858.916000 2858.886387 19
294 2869.329000 2868.886387 0
295 2877.668000 2878.886387 0
296 2887.442000 2887.717744 22
297 2897.795000 2897.514984 33
298 2907.293000 2907.278401 26
299 2917.175000 2916.962404 33
300 2926.998000 2924.642249 14
301 2935.746000 2931.873299 10
302 2945.436000 2941.873299 0
303 2955.356000 2956.935536 18
304 2964.522000 2963.934484 20
305 2974.983000 2974.770730 11
306 2985.603000 2984.571608 26
307 2995.729000 2994.571608 0
308 3006.629000 3005.774866 23
309 3014.953000 3015.441238 23
310 3024.823000 3024.371441 27
311 3034.477000 3033.744870 15
312 3043.168000 3043.744106 14
313 3051.342000 3051.384008 27
314 3061.468000 3061.635450 14
315 3071.381000 3070.953997 25
316 3080.242000 3080.358376 23
317 3090.518000 3088.409084 10
318 3099.379000 3099.696637 33
319 3109.614000 3108.642684 15
320 3119.010000 3118.642684 0
321 3128.279000 3128.864741 28
322 3137.870000 3136.412001 24
323 3146.021000 3146.302333 23
324 3155.866000 3155.488368 32
325 3165.193000 3212.630555 9
326 3174.701000 3222.630555 0
327 3184.357000 3184.341145 21
328 3194.357000 3195.073220 18
329 3204.267000 3204.462426 23
330 3213.801000 3213.891363 26
331 3224.560000 3224.341356 16
332 3234.264000 3234.341356 0
333 3244.615000 3244.313882 19
334 3253.814000 3254.585066 14
335 3263.814000 3263.841995 24
336 3273.940000 3273.799347 36
337 3283.138000 3282.700959 13
338 3294.383000 3292.700959 0
339 3302.959000 3303.321357 13
340 3312.556000 3313.321357 0
341 3323.005000 3325.404440 16
342 3334.161000 3333.303270 13
343 3344.480000 3343.295016 18
344 3354.582000 3330.419165 10
345 3364.582000 3365.304406 22
346 3374.424000 3374.544222 21
347 3384.424000 3384.764912 16
348 3394.511000 3394.579524 27
349 3404.275000 3403.417543 18
350 3414.420000 3413.417543 0
351 3423.839000 3423.417543 0
352 3434.227000 3434.199507 10
353 3443.973000 3443.977890 24
354 3454.135000 3454.575342 18
355 3463.796000 3463.443126 39
356 3473.317000 3473.443126 0
357 3483.002000 3482.880813 15
358 3491.710000 3491.685543 21
359 3501.231000 3501.347705 18
360 3511.079000 3510.664518 36
361 3520.698000 3520.639467 38
362 3530.154000 3530.639467 0
363 3539.741000 3539.744685 28
364 3549.838000 3549.744685 0
365 3559.823000 3560.483885 10
366 3571.457000 3572.136171 13
367 3581.369000 3579.240562 24
368 3590.500000 3590.475196 15
369 3600.241000 3600.475196 0
370 3610.648000 3609.916657 13
371 3620.496000 3619.523705 12
372 3631.869000 3631.531891 35
373 3640.968000 3640.746318 27
374 3651.042000 3650.021757 17
375 3660.726000 3660.021757 0
376 3667.063000 3665.099868 11
377 3675.057000 3678.225403 9
378 3686.171000 3686.201436 17
379 3694.652000 3696.201436 0
380 3705.060000 3708.097395 12
381 3715.001000 3712.744581 32
382 3725.044000 3712.033243 28
383 3733.674000 3722.033243 0
384 3743.809000 3743.296124 25
385 3753.461000 3753.685325 28
386 3763.193000 3762.903954 19
387 3772.288000 3755.181265 11
388 3781.697000 3782.859692 29
389 3791.239000 3791.042917 35
390 3799.153000 3801.560277 15
391 3809.153000 3810.165679 15
392 3818.946000 3817.506247 9
393 3828.946000 3874.172317 8
394 3839.290000 3839.202721 33
395 3849.127000 3849.244384 24
396 3859.366000 3858.935822 23
397 3869.880000 3869.927100 28
398 3879.793000 3879.609834 23
399 3889.165000 3889.015512 22
400 3898.538000 3900.046071 23
401 3908.473000 3909.776105 15
402 3918.296000 3918.386266 35
403 3928.034000 3927.814468 11
404 3937.025000 3936.200695 17
405 3945.670000 3945.423457 24
406 3954.797000 3955.423457 0
407 3963.756000 3965.551867 15
408 3975.048000 3975.138164 23
409 3981.645000 3985.138164 0
410 3992.690000 3993.324431 23
411 4002.457000 4001.596123 26
412 4011.982000 4009.722593 14
413 4021.430000 4022.121659 19
414 4030.624000 4031.217286 21
415 4040.513000 4040.497273 23
416 4049.727000 4048.188057 26
417 4058.371000 4055.041053 9
418 4068.258000 4067.112652 17
419 4076.974000 4117.443440 10
420 4085.661000 4127.443440 0
421 4096.585000 4096.724624 19
422 4105.894000 4105.887043 41
423 4115.448000 4114.318360 19
424 4123.311000 4121.865697 19
425 4132.804000 4131.960462 15
426 4142.148000 4143.478305 28
427 4151.574000 4151.114059 17
428 4160.897000 4160.255555 20
429 4170.041000 4170.167299 22
430 4180.202000 4179.281500 28
431 4189.466000 4189.123254 35
432 4198.878000 4165.955480 8
433 4208.352000 4207.789714 26
434 4218.124000 4218.516655 37
435 4228.124000 4227.823280 30
436 4237.399000 4236.793752 18
437 4245.914000 4245.799762 27
438 4255.326000 4260.319268 8
439 4264.948000 4264.442249 25
440 4274.331000 4274.833291 34
441 4284.331000 4284.807519 24
442 4294.866000 4294.561849 30
443 4304.488000 4303.682309 40
444 4314.081000 4302.538551 9
445 4323.524000 4324.699750 12
446 4333.314000 4333.532979 35
447 4342.679000 4344.572847 25
448 4351.252000 4351.743094 23
449 4361.175000 4360.252285 27
450 4371.247000 4370.252285 0
451 4380.061000 4380.252285 0
452 4388.724000 4388.062717 22
453 4397.957000 4398.222632 20
454 4408.286000 4408.521602 15
455 4418.401000 4417.799617 38
456 4427.665000 4427.799617 0
457 4437.586000 4438.260860 29
458 4447.586000 4447.231970 36
459 4457.586000 4456.970711 28
460 4466.965000 4467.382778 35
461 4476.557000 4476.268743 15
462 4485.941000 4485.037593 14
463 4495.941000 4526.787779 15
464 4504.556000 4536.787779 0
465 4514.556000 4516.430529 13
466 4524.310000 4522.028412 13
467 4532.555000 4531.573432 12
468 4542.555000 4539.169138 16
469 4551.201000 4550.549750 35
470 4561.332000 4561.620384 14
471 4572.125000 4571.620384 0
472 4581.268000 4585.396699 14
473 4590.771000 4590.703130 23
474 4600.003000 4639.874806 13
475 4610.003000 4610.489387 32
476 4619.399000 4576.383559 18
477 4627.343000 4628.460529 16
478 4636.335000 4637.165761 25
479 4646.109000 4645.942269 22
480 4655.421000 4654.838557 24
481 4665.421000 4665.029227 37
