001 0.000000 -0.031897 90
002 10.000000 9.970954 34
003 20.000000 18.933828 28
004 28.072000 27.515271 16
005 38.058000 38.118286 28
006 48.059000 48.046114 39
007 58.056000 57.954053 22
008 68.056000 67.967264 38
009 78.056000 78.072980 44
010 88.056000 88.073160 49
011 98.056000 98.053593 61
012 108.056000 108.194851 66
013 118.056000 118.079019 58
014 128.056000 128.092624 70
015 138.056000 138.075887 69
016 148.056000 148.081238 68
017 158.056000 158.308553 85
018 168.056000 168.079731 60
019 178.056000 178.312705 63
020 188.056000 188.088730 78
021 198.056000 198.079923 78
022 208.056000 208.099215 72
023 218.056000 218.149252 73
024 228.056000 227.882266 37
025 238.056000 238.917704 36
026 248.056000 248.407184 27
027 258.311000 301.117144 19
028 268.392000 268.820090 14
029 278.457000 278.696629 37
030 288.680000 285.080317 13
031 299.265000 299.524025 33
032 309.265000 309.183657 24
033 319.460000 316.718044 10
034 329.886000 326.718044 0
035 331.489000 391.065357 8
036 341.050000 308.054523 12
037 352.269000 366.531889 16
038 362.269000 368.985356 14
039 372.483000 453.282786 8
040 382.483000 383.179108 31
041 392.844000 393.347871 22
042 403.556000 404.930476 45
043 414.326000 414.930476 0
044 424.449000 424.173789 31
045 434.768000 434.592334 26
046 444.768000 444.592334 0
047 452.651000 453.176249 18
048 462.775000 460.852919 13
049 472.194000 508.402321 8
050 482.194000 482.333759 17
051 491.877000 493.488079 33
052 501.624000 502.297309 35
053 511.427000 510.769625 25
054 520.978000 520.583096 23
055 530.978000 530.973868 18
056 541.619000 541.380182 11
057 550.842000 562.584252 9
058 560.228000 562.902298 15
059 569.286000 570.100899 15
060 578.659000 577.337414 20
061 588.915000 627.684865 10
062 598.555000 599.017477 10
063 608.681000 608.933219 17
064 619.259000 618.888013 42
065 628.721000 628.304088 30
066 638.369000 635.726016 10
067 647.991000 645.726016 0
068 657.851000 614.548028 8
069 666.916000 666.166536 21
070 675.899000 675.878478 25
071 685.573000 685.740049 35
072 695.248000 695.585961 22
073 705.586000 705.683383 16
074 715.395000 715.683383 0
075 725.261000 725.512070 33
076 734.717000 820.376675 16
077 745.217000 745.220181 26
078 755.217000 755.406122 31
079 764.858000 763.801581 15
080 774.506000 807.163043 8
081 785.429000 786.449500 14
082 796.513000 796.720768 36
083 806.746000 806.552531 17
084 816.819000 816.809576 23
085 826.819000 826.136975 41
086 836.249000 836.136975 0
087 846.163000 847.185509 22
088 856.163000 856.102574 9
089 864.873000 864.929764 10
090 873.220000 872.951282 30
091 883.027000 883.921948 16
092 892.860000 907.890155 11
093 902.860000 904.091293 22
094 912.210000 911.074049 21
095 921.433000 921.754700 11
096 931.433000 931.033697 28
097 940.742000 940.392044 17
098 949.547000 949.166794 20
099 958.617000 959.166794 0
100 968.324000 968.142338 21
101 977.329000 978.414352 34
102 987.329000 987.519873 32
103 997.595000 995.841241 19
104 1007.336000 1007.665069 21
105 1017.463000 1041.834412 8
106 1028.014000 1028.963736 13
107 1037.881000 1037.347922 12
108 1046.619000 1046.661560 31
109 1056.878000 1057.361035 23
110 1066.607000 1065.781087 25
111 1076.607000 1075.781087 0
112 1085.691000 1086.624753 15
113 1095.691000 1095.703011 43
114 1104.986000 1107.267231 24
115 1115.086000 1114.550104 27
116 1124.734000 1123.887831 25
117 1133.904000 1133.887831 0
118 1143.738000 1143.418216 37
119 1153.068000 1153.086273 19
120 1162.582000 1162.973630 19
121 1172.470000 1171.938180 19
122 1181.693000 1181.050166 17
123 1191.553000 1191.050166 0
124 1201.148000 1201.682613 22
125 1211.148000 1210.634003 13
126 1220.338000 1220.192109 14
127 1229.986000 1229.952550 14
128 1239.076000 1238.569976 24
129 1249.076000 1279.093493 9
130 1257.800000 1258.485104 12
131 1267.668000 1269.628118 10
132 1278.014000 1278.095748 25
133 1288.014000 1288.581928 14
134 1297.789000 1297.908713 15
135 1307.517000 1344.724442 9
136 1317.517000 1340.104129 9
137 1327.250000 1328.207041 24
138 1336.985000 1337.010898 39
139 1346.985000 1347.066296 26
140 1356.581000 1356.079268 15
141 1365.299000 1396.874118 12
142 1375.105000 1406.874118 0
143 1385.579000 1416.874118 0
144 1395.579000 1395.656822 26
145 1405.579000 1405.844413 31
146 1415.931000 1415.999728 21
147 1425.340000 1421.691406 11
148 1434.351000 1431.691406 0
149 1443.813000 1445.957769 11
150 1453.703000 1453.672851 29
151 1463.450000 1462.870052 12
152 1471.333000 1472.870052 0
153 1481.566000 1482.870052 0
154 1491.044000 1489.989760 31
155 1500.579000 1501.861513 15
156 1510.173000 1509.346113 12
157 1520.607000 1521.319937 15
158 1530.868000 1530.999494 14
159 1540.607000 1540.587444 11
160 1549.968000 1569.714367 14
161 1560.345000 1560.638121 14
162 1570.539000 1569.206316 13
163 1579.858000 1580.193233 23
164 1589.858000 1590.193233 0
165 1599.858000 1596.695786 8
166 1610.086000 1609.884451 23
167 1620.615000 1623.151324 20
168 1631.827000 1634.480490 13
169 1641.168000 1640.490641 22
170 1651.300000 1651.235499 11
171 1663.636000 1661.235499 0
172 1672.749000 1672.532861 24
173 1683.172000 1686.322980 17
174 1693.095000 1694.533670 24
175 1702.956000 1702.674488 33
176 1713.607000 1711.133209 20
177 1724.031000 1724.392389 19
178 1734.031000 1733.294793 17
179 1742.838000 1743.073240 23
180 1752.449000 1751.415268 13
181 1760.542000 1760.679643 11
182 1770.715000 1771.083078 17
183 1780.992000 1766.978647 11
184 1790.832000 1789.657038 22
185 1800.832000 1800.325067 19
186 1810.721000 1810.954786 33
187 1820.617000 1820.495431 30
188 1830.360000 1830.245850 32
189 1840.013000 1839.530963 33
190 1849.209000 1849.530963 0
191 1860.090000 1820.067311 10
192 1869.680000 1869.513335 10
193 1879.478000 1879.997283 22
194 1889.402000 1889.526537 32
195 1899.097000 1898.423201 25
196 1908.417000 1903.834035 10
197 1917.757000 1921.005554 18
198 1926.911000 1927.227431 33
199 1937.293000 1937.160513 19
200 1946.883000 1946.945352 15
201 1954.809000 1953.435102 20
202 1964.620000 1950.876074 10
203 1974.782000 1937.597321 9
204 1985.579000 1985.946699 26
205 1995.308000 1995.379327 25
206 2005.308000 2005.638280 10
207 2015.204000 2015.248072 8
208 2024.919000 2023.757110 29
209 2034.823000 2033.757110 0
210 2044.823000 2045.058116 39
211 2053.733000 2135.220830 9
212 2065.736000 2067.139037 27
213 2075.432000 2074.856396 26
214 2085.432000 2085.796744 25
215 2095.640000 2095.796744 0
216 2105.535000 2077.771399 10
217 2116.249000 2117.044918 13
218 2125.944000 2126.180711 32
219 2135.944000 2136.386852 23
220 2146.477000 2146.269982 19
221 2156.339000 2156.886211 21
222 2166.172000 2166.475949 27
223 2176.248000 2175.938586 14
224 2185.589000 2183.050421 14
225 2195.326000 2195.202851 22
226 2205.520000 2204.764433 27
227 2217.024000 2217.511049 23
228 2227.821000 2227.941199 17
229 2237.286000 2236.941670 34
230 2246.071000 2245.984861 13
231 2256.071000 2255.645816 13
232 2265.092000 2263.812731 18
233 2275.092000 2275.798875 12
234 2284.908000 2284.889404 26
235 2294.908000 2295.821674 27
236 2304.609000 2304.663215 31
237 2314.609000 2312.039693 12
238 2324.304000 2324.024588 19
239 2334.304000 2334.024588 0
240 2344.486000 2345.156409 18
241 2353.057000 2355.756899 10
242 2362.985000 2362.598164 13
243 2372.520000 2372.486114 30
244 2381.683000 2378.774501 14
245 2392.797000 2388.774501 0
246 2402.524000 2402.760531 32
247 2412.524000 2412.538612 41
248 2422.603000 2422.480961 33
249 2432.623000 2431.779393 29
250 2442.623000 2441.862797 26
251 2451.774000 2450.993285 32
252 2461.676000 2417.812616 9
253 2470.754000 2473.060709 13
254 2481.214000 2480.878804 38
255 2491.098000 2558.310706 10
256 2500.447000 2499.953035 16
257 2509.765000 2509.345597 27
258 2518.890000 2521.421266 10
259 2529.280000 2530.329978 11
260 2538.944000 2539.301760 29
261 2548.529000 2550.608400 22
262 2558.036000 2557.227048 15
263 2567.093000 2567.109400 13
264 2575.836000 2577.109400 0
265 2585.931000 2586.134055 27
266 2595.244000 2595.288919 18
267 2605.244000 2605.733912 24
268 2615.042000 2614.550348 27
269 2624.843000 2624.315179 14
270 2635.057000 2634.315179 0
271 2645.270000 2645.991331 30
272 2654.752000 2655.411549 8
273 2664.938000 2665.967887 17
274 2674.439000 2674.032790 13
275 2684.201000 2684.781978 15
276 2693.355000 2696.088925 21
277 2703.021000 2703.474709 20
278 2712.409000 2712.479503 16
279 2722.955000 2723.451006 37
280 2733.351000 2733.262800 34
281 2743.508000 2743.723907 23
282 2753.438000 2752.819347 13
283 2763.906000 2764.566294 11
284 2774.276000 2774.161079 26
285 2783.156000 2782.969863 28
286 2792.350000 2790.306024 15
287 2802.543000 2800.811445 10
288 2812.446000 2810.811445 0
289 2821.794000 2824.492118 15
290 2830.771000 2830.719035 8
291 2841.083000 2842.739208 9
292 2851.257000 2849.320677 9
293 2861.257000 2859.320677 0
294 2871.591000 2911.097896 10
295 2880.480000 2921.097896 0
296 2890.480000 2891.344944 18
297 2900.383000 2900.789412 27
298 2910.232000 2909.232919 19
299 2920.525000 2920.652442 13
300 2930.148000 2929.630280 27
301 2939.843000 2940.132373 23
302 2949.985000 2949.845554 20
303 2959.411000 2959.946182 19
304 2969.411000 2968.262612 21
305 2979.660000 2979.111616 30
306 2989.373000 2979.514034 9
307 2999.373000 3000.053172 12
308 3009.156000 3009.220054 13
309 3018.995000 3020.805573 27
310 3028.707000 3028.784655 19
311 3038.277000 3037.444760 9
312 3046.041000 3045.536570 17
313 3054.913000 3055.536570 0
314 3064.767000 3065.814284 12
315 3074.767000 3074.974676 26
316 3084.516000 3084.139333 17
317 3092.780000 3092.008083 21
318 3102.278000 3101.964304 21
319 3113.010000 3110.978042 23
320 3122.474000 3082.361184 10
321 3132.329000 3131.685360 28
322 3140.879000 3140.495681 36
323 3150.790000 3150.775139 18
324 3160.555000 3159.337418 19
325 3169.624000 3169.337418 0
326 3177.834000 3179.337418 0
327 3187.548000 3187.618788 23
328 3198.656000 3198.880402 22
329 3208.441000 3208.183062 19
330 3217.491000 3217.696451 20
331 3228.026000 3226.077370 11
332 3238.294000 3236.077370 0
333 3248.222000 3248.023981 15
334 3258.222000 3257.800051 35
335 3267.432000 3266.927092 21
336 3277.002000 3276.437696 31
337 3287.002000 3286.487474 14
338 3297.002000 3296.487474 0
339 3307.002000 3308.658000 25
340 3316.855000 3318.658000 0
341 3326.855000 3328.892004 19
342 3335.816000 3335.171176 9
343 3346.780000 3345.958868 16
344 3357.496000 3357.971360 16
345 3367.780000 3367.819218 32
346 3377.690000 3376.748790 10
347 3387.331000 3387.589995 17
348 3397.331000 3397.531114 23
349 3403.895000 3404.653814 22
350 3413.895000 3414.653814 0
351 3423.625000 3423.907864 18
352 3434.501000 3434.832116 13
353 3444.227000 3444.538968 25
354 3454.999000 3454.858518 20
355 3464.135000 3464.526902 38
356 3474.135000 3462.540483 8
357 3484.135000 3484.148832 21
358 3493.815000 3494.089507 28
359 3503.474000 3503.201462 27
360 3513.133000 3512.821796 27
361 3522.614000 3521.996404 29
362 3532.614000 3552.195082 8
363 3540.698000 3540.982809 21
364 3549.319000 3549.127582 13
365 3560.035000 3563.199252 10
366 3570.427000 3570.322027 19
367 3579.853000 3579.684180 25
368 3588.868000 3583.475203 12
369 3597.758000 3598.095695 22
370 3608.598000 3611.031707 11
371 3619.205000 3688.393792 15
372 3630.495000 3630.229741 27
373 3639.841000 3639.865165 24
374 3650.150000 3649.865165 0
375 3658.773000 3661.926809 9
376 3669.988000 3671.926809 0
377 3675.443000 3676.422746 10
378 3686.082000 3686.604290 34
379 3696.082000 3696.604290 0
380 3707.480000 3709.396249 26
381 3717.480000 3710.397886 33
382 3727.480000 3721.430064 17
383 3737.086000 3738.721733 15
384 3746.943000 3793.113754 12
385 3756.241000 3757.113657 28
386 3766.400000 3766.102919 21
387 3776.400000 3760.591008 13
388 3786.400000 3788.008786 23
389 3795.665000 3795.183471 21
390 3803.874000 3801.484234 19
391 3813.588000 3814.164741 35
392 3823.819000 3823.314839 15
393 3833.460000 3821.305792 8
394 3842.278000 3842.267387 29
395 3852.672000 3852.164335 21
396 3863.100000 3864.505219 13
397 3873.868000 3875.321710 16
398 3883.688000 3883.094921 15
399 3892.560000 3889.638483 15
400 3903.079000 3902.883244 26
401 3913.113000 3914.456981 16
402 3922.683000 3922.487445 24
403 3932.467000 3932.258055 26
404 3942.324000 3938.837347 9
405 3950.945000 3951.017621 14
406 3960.478000 3962.764177 18
407 3970.818000 3971.286561 10
408 3980.709000 3981.286561 0
409 3987.524000 3987.985885 18
410 3997.721000 3998.233622 30
411 4007.827000 4006.924290 20
412 4017.827000 4016.924290 0
413 4027.055000 4027.304998 22
414 4036.481000 4036.398300 25
415 4046.481000 4045.679565 14
416 4055.175000 4055.002804 19
417 4064.458000 4064.482221 12
418 4073.867000 4118.190228 8
419 4082.614000 4128.190228 0
420 4093.775000 4138.190228 0
421 4102.647000 4102.676921 24
422 4111.877000 4110.786489 24
423 4121.715000 4121.722725 33
424 4130.747000 4153.162807 12
425 4140.193000 4140.263749 29
426 4150.031000 4150.201317 16
427 4159.457000 4160.147997 17
428 4170.041000 4169.883642 28
429 4179.827000 4179.560158 39
430 4189.240000 4189.728248 20
431 4198.753000 4199.464263 25
432 4208.351000 4208.727368 27
433 4217.789000 4218.420819 28
434 4227.286000 4227.224207 22
435 4236.999000 4236.823368 23
436 4244.888000 4244.096689 14
437 4254.888000 4256.491660 14
438 4264.439000 4266.491660 0
439 4274.258000 4274.759352 29
440 4284.043000 4284.230212 26
441 4294.402000 4293.970235 29
442 4303.916000 4303.796821 39
443 4313.916000 4310.877983 19
444 4323.916000 4325.681131 14
445 4333.452000 4334.157816 23
446 4343.452000 4343.965745 25
447 4353.696000 4353.024454 20
448 4363.535000 4363.780151 26
449 4373.659000 4388.946294 8
450 4384.141000 4398.946294 0
451 4393.800000 4394.074146 19
452 4403.011000 4403.380618 17
453 4412.922000 4412.037143 21
454 4421.741000 4420.347884 30
455 4431.202000 4430.347884 0
456 4440.558000 4441.241946 35
457 4450.718000 4451.192193 26
458 4460.914000 4460.813530 18
459 4468.980000 4469.012909 23
460 4477.834000 4476.531429 16
461 4487.834000 4524.550322 17
462 4496.760000 4534.550322 0
463 4505.714000 4581.192181 9
464 4514.669000 4590.293235 9
465 4522.896000 4600.293235 0
466 4532.554000 4575.463735 10
467 4540.771000 4584.244556 10
468 4549.692000 4594.244556 0
469 4558.663000 4566.430896 9
470 4568.567000 4574.914722 23
471 4579.446000 4576.051783 19
472 4586.385000 4586.798193 31
473 4596.676000 4596.748324 18
474 4606.008000 4606.067737 30
475 4615.820000 4575.605561 9
476 4624.232000 4623.588886 11
477 4633.843000 4633.808424 30
478 4643.506000 4643.141896 39
479 4652.917000 4652.046102 18
480 4662.917000 4662.859593 33
481 4672.917000 4672.736712 30
