001 0.000000 -0.014799 87
002 10.000000 9.984926 36
003 20.000000 18.803424 30
004 28.072000 28.020157 22
005 38.058000 37.920415 28
006 48.059000 48.045180 39
007 58.056000 57.954053 22
008 68.056000 67.974829 41
009 78.056000 78.074127 49
010 88.056000 88.108980 50
011 98.056000 97.991917 68
012 108.056000 108.187616 70
013 118.056000 118.078833 55
014 128.056000 128.091120 73
015 138.056000 138.075283 64
016 148.056000 148.082720 68
017 158.056000 158.183015 83
018 168.056000 168.079924 58
019 178.056000 178.256694 56
020 188.056000 188.088052 78
021 198.056000 198.161317 76
022 208.056000 208.016216 70
023 218.056000 218.201923 76
024 228.056000 227.765426 36
025 238.056000 239.220446 38
026 248.056000 248.535878 26
027 258.311000 260.102226 18
028 268.392000 268.762119 15
029 278.457000 278.159894 30
030 288.680000 285.826776 12
031 299.265000 300.108865 33
032 309.265000 309.048842 25
033 319.460000 317.386742 10
034 329.886000 327.386742 0
035 331.489000 337.386742 0
036 341.050000 347.386742 0
037 352.269000 366.667676 17
038 362.269000 368.985356 14
039 372.483000 368.462523 12
040 382.483000 383.354333 29
041 392.844000 393.621393 22
042 403.556000 405.246210 46
043 414.326000 402.230435 8
044 424.449000 424.165201 29
045 434.768000 434.887562 31
046 444.768000 445.258725 11
047 452.651000 453.786416 16
048 462.775000 461.391090 13
049 472.194000 454.973979 8
050 482.194000 482.086090 17
051 491.877000 493.323228 36
052 501.624000 502.459645 33
053 511.427000 510.727116 21
054 520.978000 520.606327 22
055 530.978000 530.606327 0
056 541.619000 541.752963 12
057 550.842000 563.885917 8
058 560.228000 562.366970 15
059 569.286000 569.980933 16
060 578.659000 575.126658 21
061 588.915000 627.674513 11
062 598.555000 569.310278 8
063 608.681000 608.694871 17
064 619.259000 618.888699 38
065 628.721000 628.317080 31
066 638.369000 638.767848 16
067 647.991000 648.767848 0
068 657.851000 661.259859 12
069 666.916000 666.448679 27
070 675.899000 675.573591 24
071 685.573000 685.762356 35
072 695.248000 695.601298 20
073 705.586000 705.968912 27
074 715.395000 715.968912 0
075 725.261000 725.163107 34
076 734.717000 736.160104 14
077 745.217000 745.233553 25
078 755.217000 755.317854 29
079 764.858000 763.786283 15
080 774.506000 773.786283 0
081 785.429000 786.691385 14
082 796.513000 796.606793 33
083 806.746000 806.652408 17
084 816.819000 816.818909 22
085 826.819000 826.082614 38
086 836.249000 836.082614 0
087 846.163000 846.936883 24
088 856.163000 856.008799 13
089 864.873000 864.825467 14
090 873.220000 873.122346 32
091 883.027000 883.924105 16
092 892.860000 891.510593 11
093 902.860000 903.357331 28
094 912.210000 911.513413 25
095 921.433000 923.191241 12
096 931.433000 931.247065 29
097 940.742000 940.566116 17
098 949.547000 949.386430 17
099 958.617000 959.386430 0
100 968.324000 968.358660 20
101 977.329000 978.375052 24
102 987.329000 987.840490 27
103 997.595000 995.917375 20
104 1007.336000 1007.195190 13
105 1017.463000 1041.314556 9
106 1028.014000 1030.059047 16
107 1037.881000 1037.529709 13
108 1046.619000 1046.585094 33
109 1056.878000 1057.034533 23
110 1066.607000 1066.247174 17
111 1076.607000 1076.247174 0
112 1085.691000 1087.077837 14
113 1095.691000 1095.554850 38
114 1104.986000 1106.579701 28
115 1115.086000 1112.695892 31
116 1124.734000 1124.045475 25
117 1133.904000 1133.166661 17
118 1143.738000 1143.217196 35
119 1153.068000 1153.134802 18
120 1162.582000 1162.818750 21
121 1172.470000 1171.788632 19
122 1181.693000 1180.808873 15
123 1191.553000 1164.876205 8
124 1201.148000 1201.299178 26
125 1211.148000 1210.597864 11
126 1220.338000 1220.012390 15
127 1229.986000 1229.823957 15
128 1239.076000 1237.908185 21
129 1249.076000 1277.916155 12
130 1257.800000 1232.142789 9
131 1267.668000 1269.754276 9
132 1278.014000 1278.066231 26
133 1288.014000 1288.291974 16
134 1297.789000 1298.013588 23
135 1307.517000 1344.600441 9
136 1317.517000 1354.600441 0
137 1327.250000 1328.153496 23
138 1336.985000 1336.839918 42
139 1346.985000 1346.766546 21
140 1356.581000 1356.070425 19
141 1365.299000 1366.070425 0
142 1375.105000 1377.683626 18
143 1385.579000 1387.043731 9
144 1395.579000 1395.665997 27
145 1405.579000 1405.786987 24
146 1415.931000 1415.817535 19
147 1425.340000 1421.461498 12
148 1434.351000 1431.461498 0
149 1443.813000 1446.147293 15
150 1453.703000 1453.850813 32
151 1463.450000 1462.828593 10
152 1471.333000 1472.937172 8
153 1481.566000 1482.937172 0
154 1491.044000 1489.876552 36
155 1500.579000 1501.173300 11
156 1510.173000 1508.437793 12
157 1520.607000 1521.420739 13
158 1530.868000 1530.725053 13
159 1540.607000 1540.603911 12
160 1549.968000 1566.633118 14
161 1560.345000 1560.694899 25
162 1570.539000 1569.305260 18
163 1579.858000 1580.020533 23
164 1589.858000 1590.020533 0
165 1599.858000 1630.497072 8
166 1610.086000 1610.438637 19
167 1620.615000 1622.305554 29
168 1631.827000 1633.754133 13
169 1641.168000 1640.863543 27
170 1651.300000 1651.256544 10
171 1663.636000 1661.256544 0
172 1672.749000 1672.406726 30
173 1683.172000 1686.960969 17
174 1693.095000 1694.443361 22
175 1702.956000 1702.631702 32
176 1713.607000 1710.457868 22
177 1724.031000 1724.453311 14
178 1734.031000 1733.001404 17
179 1742.838000 1744.779412 10
180 1752.449000 1751.731258 14
181 1760.542000 1760.861765 12
182 1770.715000 1770.581748 16
183 1780.992000 1766.813060 12
184 1790.832000 1789.987157 18
185 1800.832000 1800.309127 17
186 1810.721000 1810.895439 28
187 1820.617000 1820.527736 27
188 1830.360000 1830.061426 32
189 1840.013000 1839.315910 34
190 1849.209000 1849.315910 0
191 1860.090000 1861.726227 14
192 1869.680000 1869.524915 11
193 1879.478000 1879.980441 23
194 1889.402000 1889.420082 31
195 1899.097000 1898.902654 18
196 1908.417000 1906.783112 16
197 1917.757000 1918.255749 19
198 1926.911000 1927.668674 32
199 1937.293000 1937.558015 20
200 1946.883000 1944.114659 16
201 1954.809000 1953.397846 14
202 1964.620000 1951.007865 10
203 1974.782000 1961.007865 0
204 1985.579000 1985.601524 29
205 1995.308000 1995.473802 22
206 2005.308000 2005.083318 11
207 2015.204000 2015.540697 8
208 2024.919000 2023.443692 26
209 2034.823000 2033.443692 0
210 2044.823000 2045.378556 37
211 2053.733000 2135.333540 12
212 2065.736000 2065.145224 25
213 2075.432000 2074.817792 23
214 2085.432000 2085.124175 21
215 2095.640000 2095.124175 0
216 2105.535000 2076.615503 9
217 2116.249000 2117.174593 15
218 2125.944000 2126.025925 30
219 2135.944000 2136.292651 10
220 2146.477000 2146.119655 20
221 2156.339000 2157.139725 23
222 2166.172000 2166.822199 34
223 2176.248000 2176.541363 13
224 2185.589000 2182.431009 13
225 2195.326000 2195.254685 24
226 2205.520000 2205.046190 30
227 2217.024000 2217.766190 26
228 2227.821000 2227.767239 21
229 2237.286000 2237.078091 35
230 2246.071000 2246.220475 13
231 2256.071000 2254.478593 18
232 2265.092000 2264.751254 16
233 2275.092000 2275.990481 13
234 2284.908000 2285.306596 27
235 2294.908000 2295.695341 23
236 2304.609000 2304.680169 29
237 2314.609000 2311.712922 12
238 2324.304000 2323.876554 17
239 2334.304000 2333.876554 0
240 2344.486000 2344.723940 15
241 2353.057000 2354.723940 0
242 2362.985000 2362.464456 12
243 2372.520000 2372.327032 27
244 2381.683000 2379.819701 11
245 2392.797000 2389.819701 0
246 2402.524000 2403.036061 26
247 2412.524000 2412.512314 42
248 2422.603000 2422.476742 30
249 2432.623000 2432.128633 30
250 2442.623000 2442.180734 27
251 2451.774000 2451.006425 36
252 2461.676000 2461.006425 0
253 2470.754000 2473.108525 13
254 2481.214000 2480.792024 37
255 2491.098000 2491.128602 10
256 2500.447000 2499.243302 11
257 2509.765000 2509.379676 29
258 2518.890000 2520.114835 13
259 2529.280000 2529.555053 15
260 2538.944000 2539.589870 31
261 2548.529000 2550.124388 23
262 2558.036000 2556.880296 16
263 2567.093000 2567.008717 11
264 2575.836000 2598.330271 8
265 2585.931000 2585.876806 26
266 2595.244000 2595.261609 17
267 2605.244000 2605.668203 26
268 2615.042000 2614.343400 29
269 2624.843000 2623.535518 15
270 2635.057000 2633.535518 0
271 2645.270000 2646.403963 27
272 2654.752000 2656.403963 0
273 2664.938000 2664.755868 26
274 2674.439000 2674.050109 14
275 2684.201000 2684.819898 14
276 2693.355000 2694.819898 0
277 2703.021000 2703.465820 20
278 2712.409000 2712.497642 15
279 2722.955000 2724.195836 34
280 2733.351000 2733.130108 35
281 2743.508000 2743.443057 25
282 2753.438000 2753.443057 0
283 2763.906000 2764.782037 11
284 2774.276000 2774.124749 26
285 2783.156000 2783.394175 31
286 2792.350000 2790.285943 16
287 2802.543000 2802.143366 11
288 2812.446000 2812.143366 0
289 2821.794000 2823.604714 12
290 2830.771000 2833.604714 0
291 2841.083000 2842.689662 9
292 2851.257000 2851.269066 12
293 2861.257000 2857.475985 14
294 2871.591000 2911.076284 8
295 2880.480000 2881.062771 16
296 2890.480000 2890.318753 19
297 2900.383000 2900.845160 28
298 2910.232000 2909.704355 17
299 2920.525000 2920.788421 14
300 2930.148000 2930.273798 35
301 2939.843000 2941.114820 14
302 2949.985000 2950.520687 19
303 2959.411000 2959.544130 20
304 2969.411000 2968.703543 20
305 2979.660000 2979.100496 28
306 2989.373000 2988.108274 14
307 2999.373000 3000.098281 10
308 3009.156000 3094.735605 11
309 3018.995000 3019.595909 25
310 3028.707000 3028.617441 21
311 3038.277000 3036.899359 11
312 3046.041000 3045.496840 16
313 3054.913000 3055.496840 0
314 3064.767000 3067.103608 12
315 3074.767000 3075.182579 25
316 3084.516000 3084.131126 19
317 3092.780000 3092.305547 22
318 3102.278000 3101.915494 24
319 3113.010000 3111.062720 24
320 3122.474000 3082.210351 10
321 3132.329000 3132.053871 24
322 3140.879000 3139.831861 30
323 3150.790000 3149.674735 13
324 3160.555000 3159.019582 14
325 3169.624000 3169.019582 0
326 3177.834000 3179.019582 0
327 3187.548000 3187.925696 23
328 3198.656000 3198.873426 25
329 3208.441000 3207.942441 18
330 3217.491000 3217.425270 22
331 3228.026000 3224.918162 11
332 3238.294000 3234.918162 0
333 3248.222000 3248.767493 12
334 3258.222000 3257.715766 31
335 3267.432000 3266.917779 21
336 3277.002000 3276.506466 35
337 3287.002000 3287.141380 10
338 3297.002000 3297.141380 0
339 3307.002000 3308.626382 23
340 3316.855000 3318.626382 0
341 3326.855000 3328.741336 22
342 3335.816000 3335.790119 14
343 3346.780000 3346.004082 17
344 3357.496000 3357.955621 19
345 3367.780000 3367.753228 36
346 3377.690000 3377.559404 10
347 3387.331000 3387.616487 18
348 3397.331000 3397.483130 27
349 3403.895000 3404.338307 22
350 3413.895000 3414.338307 0
351 3423.625000 3423.868013 21
352 3434.501000 3434.815046 12
353 3444.227000 3444.567797 22
354 3454.999000 3454.907636 17
355 3464.135000 3464.349573 34
356 3474.135000 3474.349573 0
357 3484.135000 3484.209053 19
358 3493.815000 3494.303792 25
359 3503.474000 3503.201462 27
360 3513.133000 3512.749633 27
361 3522.614000 3521.972194 28
362 3532.614000 3526.296678 10
363 3540.698000 3541.518035 13
364 3549.319000 3549.438764 15
365 3560.035000 3559.438764 0
366 3570.427000 3570.442252 17
367 3579.853000 3579.878713 25
368 3588.868000 3582.632664 14
369 3597.758000 3598.498418 10
370 3608.598000 3610.700585 13
371 3619.205000 3619.168241 12
372 3630.495000 3630.173237 26
373 3639.841000 3639.904368 26
374 3650.150000 3649.904368 0
375 3658.773000 3660.564946 9
376 3669.988000 3670.564946 0
377 3675.443000 3680.564946 0
378 3686.082000 3686.877755 30
379 3696.082000 3668.333716 8
380 3707.480000 3709.883511 25
381 3717.480000 3720.703608 33
382 3727.480000 3721.116833 17
383 3737.086000 3799.583083 12
384 3746.943000 3747.805514 13
385 3756.241000 3757.572421 24
386 3766.400000 3766.061282 21
387 3776.400000 3759.386027 13
388 3786.400000 3787.220668 22
389 3795.665000 3794.858822 25
390 3803.874000 3802.495014 23
391 3813.588000 3814.259067 30
392 3823.819000 3822.915107 15
393 3833.460000 3832.915107 0
394 3842.278000 3842.377251 19
395 3852.672000 3852.719604 20
396 3863.100000 3863.113093 8
397 3873.868000 3873.315520 17
398 3883.688000 3883.446522 14
399 3892.560000 3891.531270 26
400 3903.079000 3902.802433 25
401 3913.113000 3914.517533 12
402 3922.683000 3922.157980 27
403 3932.467000 3932.268907 27
404 3942.324000 3967.304698 9
405 3950.945000 3977.304698 0
406 3960.478000 3962.722920 19
407 3970.818000 3970.637325 12
408 3980.709000 3980.637325 0
409 3987.524000 3988.107237 22
410 3997.721000 3998.113504 32
411 4007.827000 4006.385541 15
412 4017.827000 4016.385541 0
413 4027.055000 4026.241180 21
414 4036.481000 4036.858694 18
415 4046.481000 4045.617062 16
416 4055.175000 4055.399751 23
417 4064.458000 4064.013978 10
418 4073.867000 4117.286263 8
419 4082.614000 4127.286263 0
420 4093.775000 4094.973570 11
421 4102.647000 4102.860340 27
422 4111.877000 4111.410479 22
423 4121.715000 4121.720917 35
424 4130.747000 4153.162807 12
425 4140.193000 4140.254974 25
426 4150.031000 4150.204988 14
427 4159.457000 4160.164175 13
428 4170.041000 4169.703152 27
429 4179.827000 4179.510421 33
430 4189.240000 4188.930130 17
431 4198.753000 4198.618554 17
432 4208.351000 4208.230732 24
433 4217.789000 4218.264949 22
434 4227.286000 4227.319176 20
435 4236.999000 4236.915464 17
436 4244.888000 4244.933041 21
437 4254.888000 4256.263488 16
438 4264.439000 4266.263488 0
439 4274.258000 4275.539161 24
440 4284.043000 4284.409507 25
441 4294.402000 4294.172566 29
442 4303.916000 4303.589466 41
443 4313.916000 4311.325725 20
444 4323.916000 4325.874077 12
445 4333.452000 4333.916964 26
446 4343.452000 4344.462953 18
447 4353.696000 4352.064053 15
448 4363.535000 4363.583591 27
449 4373.659000 4393.503087 9
450 4384.141000 4403.503087 0
451 4393.800000 4397.018046 14
452 4403.011000 4403.081977 19
453 4412.922000 4411.855969 21
454 4421.741000 4420.829992 23
455 4431.202000 4471.381274 11
456 4440.558000 4441.424489 30
457 4450.718000 4451.106274 26
458 4460.914000 4461.176020 18
459 4468.980000 4469.241420 19
460 4477.834000 4476.444040 15
461 4487.834000 4524.190540 15
462 4496.760000 4511.743093 9
463 4505.714000 4521.743093 0
464 4514.669000 4540.535102 10
465 4522.896000 4524.313994 10
466 4532.554000 4531.149631 11
467 4540.771000 4539.868834 23
468 4549.692000 4549.774282 31
469 4558.663000 4566.183921 10
470 4568.567000 4575.055092 24
471 4579.446000 4576.832933 16
472 4586.385000 4586.668973 25
473 4596.676000 4597.097664 21
474 4606.008000 4605.962999 32
475 4615.820000 4575.614851 8
476 4624.232000 4585.614851 0
477 4633.843000 4633.907283 32
478 4643.506000 4643.240160 39
479 4652.917000 4652.601637 18
480 4662.917000 4662.859960 33
481 4672.917000 4672.799407 27
