001 0.000000 -0.105937 87
002 10.000000 9.971463 36
003 20.000000 18.528751 28
004 28.072000 28.148791 23
005 38.058000 38.082875 27
006 48.059000 48.045719 37
007 58.056000 57.947864 21
008 68.056000 68.090801 36
009 78.056000 78.073445 45
010 88.056000 88.073113 51
011 98.056000 98.166737 58
012 108.056000 108.077226 62
013 118.056000 118.077794 52
014 128.056000 128.091687 68
015 138.056000 138.078436 65
016 148.056000 148.081671 66
017 158.056000 158.178408 80
018 168.056000 168.080346 58
019 178.056000 178.172641 61
020 188.056000 188.089258 77
021 198.056000 198.088135 78
022 208.056000 208.076185 74
023 218.056000 218.215223 73
024 228.056000 227.893306 39
025 238.056000 239.211610 38
026 248.056000 248.503353 28
027 258.311000 260.455693 18
028 268.392000 272.992518 10
029 278.457000 277.650341 29
030 288.680000 287.137451 17
031 299.265000 299.849422 30
032 309.265000 309.241598 25
033 319.460000 317.150439 9
034 329.886000 327.150439 0
035 331.489000 337.150439 0
036 341.050000 309.350241 8
037 352.269000 368.227414 19
038 362.269000 368.609876 12
039 372.483000 378.609876 0
040 382.483000 383.575884 29
041 392.844000 393.690045 22
042 403.556000 404.492757 31
043 414.326000 414.492757 0
044 424.449000 424.172894 28
045 434.768000 434.290327 29
046 444.768000 444.694334 10
047 452.651000 453.295344 18
048 462.775000 461.010995 8
049 472.194000 509.038500 8
050 482.194000 482.284139 19
051 491.877000 493.571161 28
052 501.624000 502.528024 31
053 511.427000 510.775245 26
054 520.978000 520.663127 14
055 530.978000 530.663127 0
056 541.619000 541.752963 12
057 550.842000 563.145392 11
058 560.228000 562.429420 17
059 569.286000 569.685526 17
060 578.659000 575.639552 21
061 588.915000 628.184458 14
062 598.555000 638.184458 0
063 608.681000 609.490702 17
064 619.259000 618.912833 44
065 628.721000 628.263800 25
066 638.369000 630.970788 8
067 647.991000 640.970788 0
068 657.851000 650.970788 0
069 666.916000 666.425944 27
070 675.899000 675.963608 22
071 685.573000 685.639799 34
072 695.248000 695.611833 20
073 705.586000 705.908670 25
074 715.395000 715.908670 0
075 725.261000 725.398469 32
076 734.717000 820.093350 17
077 745.217000 745.234331 24
078 755.217000 755.358501 30
079 764.858000 764.340614 15
080 774.506000 774.340614 0
081 785.429000 786.449500 14
082 796.513000 796.730278 34
083 806.746000 806.526491 17
084 816.819000 816.814053 23
085 826.819000 826.516828 38
086 836.249000 804.033779 8
087 846.163000 846.588923 20
088 856.163000 855.488448 12
089 864.873000 864.882369 13
090 873.220000 873.081549 25
091 883.027000 883.484502 17
092 892.860000 890.848680 9
093 902.860000 904.631889 18
094 912.210000 911.334061 22
095 921.433000 923.949075 12
096 931.433000 931.102615 33
097 940.742000 940.737380 20
098 949.547000 949.463159 26
099 958.617000 958.640714 23
100 968.324000 968.166139 21
101 977.329000 978.626534 33
102 987.329000 987.550814 36
103 997.595000 995.897309 20
104 1007.336000 1007.136197 10
105 1017.463000 1042.455540 10
106 1028.014000 1029.858364 14
107 1037.881000 1112.141861 14
108 1046.619000 1046.686469 30
109 1056.878000 1056.838296 20
110 1066.607000 1066.166812 18
111 1076.607000 1101.457517 8
112 1085.691000 1086.740864 13
113 1095.691000 1095.950867 39
114 1104.986000 1106.180891 30
115 1115.086000 1114.579830 29
116 1124.734000 1123.991634 26
117 1133.904000 1154.190000 8
118 1143.738000 1143.398457 35
119 1153.068000 1152.938951 19
120 1162.582000 1162.498810 20
121 1172.470000 1171.957182 19
122 1181.693000 1181.032613 14
123 1191.553000 1163.780890 8
124 1201.148000 1201.812221 23
125 1211.148000 1210.620637 14
126 1220.338000 1220.674582 17
127 1229.986000 1229.686963 13
128 1239.076000 1238.925837 30
129 1249.076000 1243.720418 10
130 1257.800000 1261.550378 9
131 1267.668000 1271.550378 0
132 1278.014000 1278.049172 21
133 1288.014000 1288.586955 14
134 1297.789000 1297.626925 25
135 1307.517000 1345.351718 9
136 1317.517000 1325.308880 8
137 1327.250000 1327.903601 25
138 1336.985000 1336.972721 41
139 1346.985000 1346.713968 29
140 1356.581000 1356.232846 19
141 1365.299000 1366.232846 0
142 1375.105000 1341.859381 13
143 1385.579000 1339.901349 8
144 1395.579000 1395.853575 27
145 1405.579000 1405.491707 26
146 1415.931000 1415.975087 20
147 1425.340000 1422.630642 14
148 1434.351000 1432.630642 0
149 1443.813000 1444.745001 17
150 1453.703000 1453.852594 32
151 1463.450000 1462.759184 9
152 1471.333000 1474.149459 9
153 1481.566000 1484.149459 0
154 1491.044000 1490.121884 32
155 1500.579000 1502.148246 13
156 1510.173000 1508.973773 11
157 1520.607000 1521.362169 14
158 1530.868000 1530.799766 13
159 1540.607000 1540.681762 10
160 1549.968000 1567.217698 10
161 1560.345000 1560.797834 19
162 1570.539000 1569.892818 17
163 1579.858000 1579.732226 23
164 1589.858000 1589.732226 0
165 1599.858000 1599.732226 0
166 1610.086000 1604.197203 10
167 1620.615000 1622.172099 25
168 1631.827000 1633.133075 12
169 1641.168000 1640.807055 24
170 1651.300000 1651.245485 12
171 1663.636000 1661.245485 0
172 1672.749000 1671.593684 27
173 1683.172000 1685.158915 19
174 1693.095000 1693.970195 22
175 1702.956000 1702.684455 34
176 1713.607000 1710.992616 19
177 1724.031000 1723.235350 12
178 1734.031000 1732.953042 15
179 1742.838000 1743.755724 18
180 1752.449000 1752.804257 16
181 1760.542000 1760.692781 13
182 1770.715000 1771.274479 13
183 1780.992000 1768.806115 9
184 1790.832000 1790.794936 19
185 1800.832000 1800.708593 17
186 1810.721000 1811.056156 29
187 1820.617000 1820.466328 24
188 1830.360000 1830.256566 31
189 1840.013000 1839.711832 26
190 1849.209000 1849.711832 0
191 1860.090000 1861.395844 16
192 1869.680000 1869.510351 12
193 1879.478000 1880.006814 24
194 1889.402000 1889.574567 33
195 1899.097000 1898.217296 18
196 1908.417000 1950.964082 12
197 1917.757000 1920.555653 20
198 1926.911000 1927.341561 36
199 1937.293000 1937.468577 21
200 1946.883000 1945.999526 19
201 1954.809000 1954.158558 18
202 1964.620000 1952.452464 13
203 1974.782000 1937.066210 10
204 1985.579000 1986.005294 28
205 1995.308000 1995.377500 26
206 2005.308000 2005.377500 0
207 2015.204000 2015.377500 0
208 2024.919000 2023.757110 29
209 2034.823000 2033.757110 0
210 2044.823000 2045.168321 33
211 2053.733000 2135.136824 10
212 2065.736000 2066.813161 22
213 2075.432000 2074.926172 26
214 2085.432000 2085.484636 26
215 2095.640000 2095.484636 0
216 2105.535000 2077.667178 10
217 2116.249000 2116.417213 13
218 2125.944000 2126.490018 26
219 2135.944000 2160.168671 12
220 2146.477000 2146.276521 10
221 2156.339000 2157.207671 21
222 2166.172000 2166.945722 31
223 2176.248000 2176.224257 12
224 2185.589000 2185.550322 13
225 2195.326000 2195.212676 23
226 2205.520000 2204.822691 28
227 2217.024000 2217.795165 30
228 2227.821000 2229.025509 13
229 2237.286000 2236.869392 33
230 2246.071000 2245.878583 10
231 2256.071000 2252.416247 11
232 2265.092000 2264.138514 16
233 2275.092000 2280.975217 8
234 2284.908000 2284.738236 23
235 2294.908000 2295.509589 31
236 2304.609000 2304.508353 30
237 2314.609000 2311.945589 11
238 2324.304000 2324.042860 17
239 2334.304000 2334.042860 0
240 2344.486000 2344.042860 0
241 2353.057000 2354.042860 0
242 2362.985000 2362.727591 10
243 2372.520000 2372.380163 26
244 2381.683000 2379.712703 12
245 2392.797000 2389.712703 0
246 2402.524000 2402.912132 30
247 2412.524000 2412.555841 35
248 2422.603000 2422.302508 32
249 2432.623000 2432.023493 29
250 2442.623000 2441.839929 25
251 2451.774000 2450.087017 20
252 2461.676000 2460.087017 0
253 2470.754000 2472.476897 16
254 2481.214000 2480.826560 36
255 2491.098000 2558.191820 10
256 2500.447000 2500.037141 15
257 2509.765000 2509.329805 22
258 2518.890000 2520.210942 12
259 2529.280000 2529.680948 18
260 2538.944000 2538.979900 32
261 2548.529000 2549.389858 28
262 2558.036000 2557.297003 18
263 2567.093000 2566.999293 12
264 2575.836000 2576.999293 0
265 2585.931000 2586.194805 24
266 2595.244000 2595.284961 16
267 2605.244000 2605.057786 21
268 2615.042000 2614.456714 24
269 2624.843000 2624.019863 13
270 2635.057000 2634.019863 0
271 2645.270000 2646.516077 26
272 2654.752000 2656.516077 0
273 2664.938000 2665.652788 17
274 2674.439000 2674.347315 16
275 2684.201000 2684.128279 10
276 2693.355000 2696.448041 22
277 2703.021000 2703.424168 22
278 2712.409000 2712.513875 14
279 2722.955000 2723.658316 32
280 2733.351000 2733.252749 35
281 2743.508000 2743.547953 25
282 2753.438000 2753.547953 0
283 2763.906000 2764.835191 10
284 2774.276000 2774.488101 21
285 2783.156000 2783.113399 26
286 2792.350000 2790.750237 14
287 2802.543000 2802.818577 12
288 2812.446000 2812.818577 0
289 2821.794000 2823.306015 13
290 2830.771000 2830.722283 9
291 2841.083000 2842.692359 9
292 2851.257000 2851.504771 13
293 2861.257000 2861.504771 0
294 2871.591000 2871.504771 0
295 2880.480000 2881.062771 16
296 2890.480000 2890.323314 21
297 2900.383000 2900.581832 26
298 2910.232000 2909.820924 17
299 2920.525000 2920.664346 17
300 2930.148000 2930.273798 35
301 2939.843000 2940.130870 24
302 2949.985000 2950.129787 20
303 2959.411000 2959.999848 21
304 2969.411000 2968.474556 19
305 2979.660000 2979.245974 31
306 2989.373000 2985.555482 11
307 2999.373000 2973.502969 9
308 3009.156000 2960.117251 9
309 3018.995000 3020.069463 25
310 3028.707000 3028.571457 21
311 3038.277000 3037.532762 10
312 3046.041000 3045.918223 18
313 3054.913000 3055.918223 0
314 3064.767000 3065.918223 0
315 3074.767000 3074.374345 23
316 3084.516000 3084.171305 17
317 3092.780000 3092.718724 23
318 3102.278000 3101.963196 20
319 3113.010000 3109.589883 17
320 3122.474000 3124.311948 8
321 3132.329000 3131.781477 23
322 3140.879000 3139.088202 24
323 3150.790000 3149.906819 11
324 3160.555000 3159.030103 20
325 3169.624000 3169.030103 0
326 3177.834000 3179.030103 0
327 3187.548000 3188.210576 23
328 3198.656000 3198.867253 26
329 3208.441000 3208.026727 21
330 3217.491000 3217.755009 24
331 3228.026000 3226.264936 12
332 3238.294000 3236.264936 0
333 3248.222000 3248.020812 12
334 3258.222000 3257.794229 33
335 3267.432000 3267.210831 21
336 3277.002000 3276.493891 34
337 3287.002000 3286.493891 0
338 3297.002000 3296.493891 0
339 3307.002000 3308.499324 22
340 3316.855000 3316.074015 9
341 3326.855000 3329.262628 18
342 3335.816000 3335.343758 13
343 3346.780000 3346.324228 16
344 3357.496000 3357.964486 18
345 3367.780000 3367.748773 33
346 3377.690000 3376.748790 10
347 3387.331000 3387.150706 20
348 3397.331000 3397.494612 26
349 3403.895000 3403.962431 19
350 3413.895000 3413.962431 0
351 3423.625000 3423.937439 17
352 3434.501000 3435.066287 13
353 3444.227000 3444.440973 21
354 3454.999000 3453.830737 15
355 3464.135000 3464.458445 32
356 3474.135000 3474.458445 0
357 3484.135000 3484.209228 17
358 3493.815000 3494.250743 20
359 3503.474000 3503.175992 23
360 3513.133000 3512.321601 24
361 3522.614000 3522.028286 24
362 3532.614000 3530.275307 16
363 3540.698000 3540.878583 17
364 3549.319000 3548.997933 16
365 3560.035000 3559.671491 9
366 3570.427000 3570.560230 17
367 3579.853000 3579.408311 21
368 3588.868000 3582.353862 12
369 3597.758000 3598.051703 20
370 3608.598000 3610.847976 12
371 3619.205000 3619.159582 13
372 3630.495000 3630.112064 26
373 3639.841000 3639.903784 26
374 3650.150000 3649.903784 0
375 3658.773000 3661.286862 10
376 3669.988000 3666.364810 8
377 3675.443000 3676.364810 0
378 3686.082000 3686.587087 35
379 3696.082000 3696.587087 0
380 3707.480000 3709.572880 26
381 3717.480000 3720.724693 31
382 3727.480000 3721.576775 17
383 3737.086000 3799.736947 9
384 3746.943000 3753.541026 11
385 3756.241000 3757.388234 26
386 3766.400000 3766.154761 23
387 3776.400000 3761.272030 15
388 3786.400000 3786.599953 19
389 3795.665000 3794.919607 20
390 3803.874000 3803.930550 19
391 3813.588000 3813.790133 33
392 3823.819000 3823.998198 12
393 3833.460000 3868.027643 8
394 3842.278000 3842.595129 25
395 3852.672000 3852.201037 22
396 3863.100000 3864.420673 12
397 3873.868000 3874.173827 19
398 3883.688000 3883.164209 17
399 3892.560000 3891.567362 26
400 3903.079000 3903.005397 28
401 3913.113000 3914.158502 14
402 3922.683000 3922.561414 29
403 3932.467000 3932.200659 22
404 3942.324000 3942.200659 0
405 3950.945000 3950.991198 17
406 3960.478000 3966.338815 14
407 3970.818000 3971.146288 10
408 3980.709000 3980.777614 9
409 3987.524000 3988.263203 21
410 3997.721000 3998.266386 28
411 4007.827000 4006.390908 15
412 4017.827000 4023.140083 11
413 4027.055000 4026.585069 26
414 4036.481000 4036.946444 24
415 4046.481000 4046.296982 15
416 4055.175000 4054.223428 21
417 4064.458000 4064.521182 12
418 4073.867000 4117.918184 8
419 4082.614000 4127.918184 0
420 4093.775000 4144.930847 10
421 4102.647000 4179.496468 11
422 4111.877000 4189.496468 0
423 4121.715000 4171.977319 14
424 4130.747000 4153.734622 10
425 4140.193000 4140.263801 30
426 4150.031000 4150.201317 16
427 4159.457000 4159.835304 20
428 4170.041000 4169.882937 28
429 4179.827000 4179.550194 36
430 4189.240000 4189.926445 22
431 4198.753000 4199.587053 23
432 4208.351000 4208.491237 29
433 4217.789000 4218.063272 27
434 4227.286000 4227.216552 22
435 4236.999000 4236.944170 23
436 4244.888000 4244.759620 21
437 4254.888000 4252.271545 18
438 4264.439000 4262.271545 0
439 4274.258000 4274.767965 25
440 4284.043000 4284.254088 29
441 4294.402000 4294.245225 30
442 4303.916000 4303.633996 41
443 4313.916000 4311.073957 20
444 4323.916000 4325.971389 14
445 4333.452000 4333.994364 22
446 4343.452000 4344.037934 27
447 4353.696000 4352.203186 19
448 4363.535000 4363.780803 19
449 4373.659000 4353.468311 8
450 4384.141000 4363.468311 0
451 4393.800000 4395.263044 14
452 4403.011000 4403.437462 16
453 4412.922000 4412.257266 21
454 4421.741000 4420.081903 33
455 4431.202000 4430.081903 0
456 4440.558000 4441.480144 30
457 4450.718000 4451.419662 28
458 4460.914000 4460.705343 18
459 4468.980000 4469.061386 23
460 4477.834000 4476.531429 16
461 4487.834000 4523.822153 16
462 4496.760000 4533.822153 0
463 4505.714000 4578.255373 8
464 4514.669000 4588.255373 0
465 4522.896000 4598.255373 0
466 4532.554000 4576.277443 11
467 4540.771000 4589.899162 11
468 4549.692000 4599.899162 0
469 4558.663000 4566.267700 9
470 4568.567000 4574.269369 21
471 4579.446000 4576.438372 18
472 4586.385000 4586.425040 28
473 4596.676000 4596.915005 18
474 4606.008000 4606.506982 32
475 4615.820000 4576.534338 12
476 4624.232000 4586.534338 0
477 4633.843000 4633.345154 31
478 4643.506000 4643.145481 33
479 4652.917000 4652.491322 21
480 4662.917000 4662.870439 31
481 4672.917000 4672.639269 28
