001 0.000000 -0.150639 93
002 10.000000 9.911474 32
003 20.000000 20.073143 21
004 30.000000 29.671385 31
005 39.500000 39.488857 22
006 49.500000 49.467736 48
007 59.500000 59.490509 27
008 69.500000 69.510823 57
009 79.500000 79.461826 33
010 89.500000 89.443874 61
011 99.500000 99.642042 64
012 109.500000 109.499123 65
013 119.495000 119.464320 59
014 129.495000 129.449723 81
015 139.495000 139.469312 69
016 149.495000 149.505659 57
017 159.495000 159.519374 81
018 169.495000 169.459664 57
019 179.496000 179.472293 75
020 189.496000 189.552678 76
021 199.496000 199.458802 86
022 209.496000 209.581184 64
023 219.496000 219.453651 59
024 229.496000 229.156014 36
025 239.496000 240.324001 27
026 249.496000 250.040104 20
027 257.833000 260.575920 12
028 268.070000 269.276224 22
029 278.273000 277.241155 31
030 288.681000 283.903947 15
031 299.870000 300.742860 39
032 309.155000 308.754204 21
033 319.459000 318.754204 0
034 327.623000 328.754204 0
035 333.710000 392.017280 10
036 343.710000 328.544849 9
037 353.913000 338.544849 0
038 362.483000 370.361180 9
039 374.999000 376.517258 8
040 385.304000 385.125978 18
041 395.507000 394.583568 18
042 405.814000 406.328403 50
043 416.151000 394.912181 15
044 426.151000 426.353510 8
045 436.526000 436.418453 30
046 446.591000 444.697069 12
047 454.821000 454.781786 19
048 464.821000 464.781786 0
049 473.425000 474.781786 0
050 483.288000 483.301552 19
051 493.185000 494.472014 28
052 502.674000 502.667646 35
053 512.129000 511.595150 16
054 521.822000 521.883828 22
055 532.195000 529.605620 9
056 540.665000 539.605620 0
057 550.665000 499.286847 10
058 560.936000 561.759099 15
059 570.219000 570.274812 22
060 580.219000 580.055211 20
061 590.965000 588.450470 13
062 600.454000 600.879365 26
063 610.340000 611.522017 24
064 620.425000 621.002829 44
065 630.553000 630.666228 21
066 641.140000 640.666228 0
067 650.220000 650.666228 0
068 660.064000 659.975401 33
069 670.064000 669.975401 0
070 679.938000 679.558848 23
071 689.580000 689.575314 44
072 699.835000 699.812129 12
073 709.835000 709.120688 19
074 719.292000 719.120688 0
075 729.031000 729.161027 16
076 738.875000 738.796887 16
077 748.746000 749.110958 19
078 758.152000 757.892395 33
079 767.529000 803.680026 12
080 777.609000 813.680026 0
081 787.844000 788.409827 27
082 798.130000 799.095489 29
083 808.001000 808.318751 16
084 818.288000 818.501850 36
085 828.471000 827.276534 23
086 837.900000 805.819263 8
087 848.134000 849.133006 18
088 857.721000 857.652924 14
089 866.734000 867.408799 13
090 875.852000 876.185757 26
091 885.852000 885.940333 19
092 894.867000 867.566832 9
093 904.998000 905.132454 21
094 914.582000 914.446336 23
095 924.168000 925.034160 22
096 934.168000 934.008117 26
097 943.521000 944.008117 0
098 952.743000 951.814969 27
099 962.718000 962.410879 24
100 972.147000 972.650799 23
101 982.147000 982.139651 37
102 991.915000 991.868030 29
103 1002.124000 1000.246820 19
104 1012.593000 1012.378154 23
105 1022.696000 1022.378154 0
106 1032.179000 1032.861388 20
107 1041.271000 1041.303027 28
108 1051.090000 1051.268235 31
109 1061.324000 1061.900275 19
110 1071.092000 1070.950669 27
111 1081.067000 1080.950669 0
112 1090.341000 1090.487274 14
113 1100.264000 1101.603744 19
114 1110.601000 1110.394691 30
115 1120.188000 1120.213113 21
116 1129.695000 1129.533401 19
117 1139.543000 1139.688911 24
118 1148.939000 1148.759165 23
119 1159.306000 1159.278152 20
120 1168.955000 1168.946198 28
121 1178.580000 1178.655323 10
122 1188.580000 1188.655323 0
123 1198.222000 1199.332247 20
124 1208.379000 1208.463280 19
125 1218.491000 1220.850434 14
126 1228.491000 1228.342496 18
127 1237.938000 1237.237145 20
128 1248.097000 1247.237145 0
129 1257.411000 1257.237145 0
130 1267.338000 1267.184886 11
131 1277.474000 1277.738114 15
132 1287.371000 1286.810119 19
133 1295.957000 1294.809425 8
134 1306.140000 1306.112016 21
135 1316.557000 1316.112016 0
136 1325.905000 1326.443394 21
137 1336.205000 1336.175935 30
138 1346.205000 1345.603585 34
139 1355.472000 1355.025341 25
140 1365.786000 1410.337862 9
141 1375.106000 1338.252230 10
142 1384.732000 1387.342209 8
143 1394.373000 1394.292943 23
144 1403.969000 1404.412231 37
145 1413.772000 1411.702783 13
146 1423.807000 1421.767234 14
147 1432.759000 1431.767234 0
148 1442.185000 1446.933455 11
149 1452.185000 1452.184253 31
150 1461.552000 1461.209188 13
151 1469.403000 1468.661447 9
152 1481.218000 1481.611804 15
153 1491.130000 1491.079537 19
154 1501.296000 1502.451127 13
155 1511.430000 1511.883476 11
156 1521.754000 1521.883476 0
157 1531.842000 1531.883476 0
158 1540.884000 1541.883476 0
159 1551.794000 1551.494652 15
160 1561.076000 1561.246637 30
161 1570.996000 1571.156379 14
162 1580.996000 1581.658051 27
163 1590.875000 1590.646162 10
164 1600.220000 1662.539366 11
165 1609.660000 1672.539366 0
166 1616.952000 1617.232559 22
167 1627.628000 1630.948870 20
168 1638.073000 1637.960458 28
169 1647.976000 1648.025188 9
170 1659.699000 1636.948598 9
171 1669.718000 1669.341490 22
172 1680.298000 1681.273002 15
173 1690.007000 1690.319881 21
174 1700.007000 1700.017197 28
175 1710.047000 1710.316337 21
176 1719.833000 1720.136143 23
177 1729.931000 1729.726910 25
178 1740.105000 1740.077286 17
179 1750.008000 1749.615858 33
180 1759.659000 1759.600703 14
181 1768.983000 1769.272586 12
182 1778.325000 1776.893595 12
183 1786.836000 1785.108491 9
184 1796.991000 1800.744703 9
185 1806.991000 1807.853317 21
186 1817.339000 1818.468341 14
187 1826.856000 1826.811371 55
188 1836.740000 1837.404178 18
189 1847.455000 1847.404178 0
190 1858.635000 1857.404178 0
191 1868.326000 1870.393642 17
192 1878.248000 1878.870666 27
193 1887.920000 1887.612629 32
194 1897.340000 1896.242588 24
195 1905.560000 1904.202760 12
196 1915.773000 1914.202760 0
197 1925.308000 1925.908464 25
198 1935.308000 1936.281715 11
199 1945.308000 1945.638524 18
200 1955.077000 1954.523097 16
201 1964.709000 1964.744206 12
202 1974.265000 1974.744206 0
203 1984.091000 1985.053424 32
204 1994.419000 2074.791981 13
205 2003.917000 2003.473970 20
206 2014.342000 2013.473970 0
207 2024.342000 2024.721363 23
208 2034.748000 2034.721363 0
209 2044.497000 2044.721363 0
210 2052.930000 2056.511854 8
211 2063.510000 2063.544939 17
212 2073.510000 2073.413625 29
213 2083.181000 2083.270760 24
214 2092.775000 2088.687879 16
215 2102.699000 2103.202524 26
216 2113.085000 2113.463444 15
217 2122.582000 2122.918461 29
218 2132.582000 2207.252781 15
219 2142.621000 2142.934629 21
220 2152.621000 2144.381602 16
221 2162.408000 2162.496767 21
222 2171.964000 2172.137188 26
223 2181.132000 2180.998502 17
224 2192.079000 2192.440191 16
225 2201.906000 2201.612907 29
226 2212.564000 2207.378135 11
227 2222.486000 2222.184387 34
228 2231.635000 2231.523539 25
229 2240.552000 2239.664365 15
230 2248.869000 2248.869405 11
231 2259.720000 2260.348827 20
232 2269.584000 2269.064373 10
233 2279.663000 2281.573257 12
234 2289.295000 2289.524942 26
235 2299.140000 2298.220080 27
236 2308.309000 2308.409911 34
237 2318.309000 2317.710350 12
238 2328.433000 2327.937398 16
239 2338.700000 2338.795205 30
240 2348.841000 2348.795205 0
241 2357.638000 2357.111801 23
242 2367.556000 2368.207595 19
243 2377.556000 2375.711424 14
244 2387.492000 2387.105503 29
245 2397.492000 2397.105503 0
246 2407.245000 2407.267532 43
247 2416.888000 2417.000994 24
248 2426.625000 2426.284991 34
249 2436.625000 2436.688785 31
250 2446.625000 2445.098962 11
251 2455.791000 2477.270015 12
252 2465.563000 2466.483652 9
253 2475.219000 2475.587347 47
254 2484.752000 2484.223045 25
255 2494.345000 2494.157013 13
256 2503.590000 2502.958551 19
257 2513.327000 2523.411722 9
258 2522.425000 2533.036470 10
259 2532.425000 2533.367230 27
260 2542.010000 2543.152855 20
261 2551.132000 2551.280549 29
262 2560.594000 2559.001129 29
263 2569.813000 2568.791860 14
264 2579.056000 2536.234727 11
265 2588.033000 2587.761569 22
266 2597.181000 2597.216629 13
267 2607.181000 2607.253644 16
268 2616.802000 2615.841552 30
269 2625.949000 2624.838024 15
270 2635.336000 2613.065146 8
271 2645.336000 2645.730838 15
272 2654.752000 2655.999418 13
273 2664.938000 2665.697018 13
274 2673.879000 2671.809665 8
275 2684.329000 2683.068817 15
276 2693.608000 2692.803924 24
277 2703.396000 2703.321923 18
278 2712.325000 2712.464385 13
279 2723.233000 2724.006173 32
280 2733.586000 2733.471358 21
281 2743.313000 2743.135019 22
282 2753.123000 2753.135019 0
283 2760.110000 2760.295718 17
284 2770.319000 2770.626515 11
285 2780.069000 2780.654842 24
286 2790.069000 2789.499638 15
287 2800.298000 2797.366566 10
288 2810.104000 2809.977695 32
289 2819.480000 2819.594137 25
290 2829.025000 2828.253286 20
291 2839.102000 2841.903984 9
292 2849.021000 2849.225433 25
293 2858.916000 2858.862424 17
294 2869.329000 2868.862424 0
295 2877.668000 2881.762561 10
296 2887.442000 2887.677120 23
297 2897.795000 2897.782185 27
298 2907.293000 2907.258166 20
299 2917.175000 2917.219398 31
300 2926.998000 2916.071110 10
301 2935.746000 2932.554637 13
302 2945.436000 2944.836900 10
303 2955.356000 2955.385304 18
304 2964.522000 2963.698848 12
305 2974.983000 2974.895373 14
306 2985.603000 2984.384330 23
307 2995.729000 2994.384330 0
308 3006.629000 3005.897980 20
309 3014.953000 3017.342902 15
310 3024.823000 3024.552146 24
311 3034.477000 3034.470623 11
312 3043.168000 3043.964982 20
313 3051.342000 3051.214736 28
314 3061.468000 3061.371475 18
315 3071.381000 3071.009564 27
316 3080.242000 3080.692361 22
317 3090.518000 3088.950531 13
318 3099.379000 3099.411379 33
319 3109.614000 3109.034083 27
320 3119.010000 3119.034083 0
321 3128.279000 3128.228864 22
322 3137.870000 3136.632163 22
323 3146.021000 3146.211284 25
324 3155.866000 3155.330208 36
325 3165.193000 3165.056100 10
326 3174.701000 3175.056100 0
327 3184.357000 3184.344026 21
328 3194.357000 3195.053477 19
329 3204.267000 3204.467858 23
330 3213.801000 3213.898663 27
331 3224.560000 3224.425305 18
332 3234.264000 3233.681230 22
333 3244.615000 3244.322782 17
334 3253.814000 3254.916159 18
335 3263.814000 3264.191507 27
336 3273.940000 3273.675517 35
337 3283.138000 3283.675517 0
338 3294.383000 3293.675517 0
339 3302.959000 3303.137306 12
340 3312.556000 3313.770091 12
341 3323.005000 3325.970690 18
342 3334.161000 3334.004919 16
343 3344.480000 3343.454822 13
344 3354.582000 3336.972969 8
345 3364.582000 3365.253389 24
346 3374.424000 3374.548431 20
347 3384.424000 3385.225747 20
348 3394.511000 3394.566007 29
349 3404.275000 3403.376329 20
350 3414.420000 3450.467510 8
351 3423.839000 3460.467510 0
352 3434.227000 3433.646409 13
353 3443.973000 3443.952618 27
354 3454.135000 3454.555479 23
355 3463.796000 3463.720316 43
356 3473.317000 3473.720316 0
357 3483.002000 3483.020994 20
358 3491.710000 3492.086238 24
359 3501.231000 3500.896611 18
360 3511.079000 3511.010344 39
361 3520.698000 3520.684757 40
362 3530.154000 3530.030937 17
363 3539.741000 3539.631518 26
364 3549.838000 3549.631518 0
365 3559.823000 3559.274151 11
366 3571.457000 3572.169030 12
367 3581.369000 3576.408504 14
368 3590.500000 3590.685919 10
369 3600.241000 3600.685919 0
370 3610.648000 3617.387845 8
371 3620.496000 3683.511638 15
372 3631.869000 3631.732943 29
373 3640.968000 3640.427102 22
374 3651.042000 3650.427102 0
375 3660.726000 3660.427102 0
376 3667.063000 3665.417478 17
377 3675.057000 3675.417478 0
378 3686.171000 3685.424302 18
379 3694.652000 3695.424302 0
380 3705.060000 3718.771500 12
381 3715.001000 3721.037174 29
382 3725.044000 3719.698517 29
383 3733.674000 3729.698517 0
384 3743.809000 3745.555764 11
385 3753.461000 3753.635332 25
386 3763.193000 3763.127727 20
387 3772.288000 3758.010019 11
388 3781.697000 3782.777271 30
389 3791.239000 3791.100671 38
390 3799.153000 3801.159261 17
391 3809.153000 3809.537631 16
392 3818.946000 3819.537631 0
393 3828.946000 3877.073747 15
394 3839.290000 3839.684340 29
395 3849.127000 3849.233409 23
396 3859.366000 3859.019607 22
397 3869.880000 3870.131394 28
398 3879.793000 3879.802632 22
399 3889.165000 3888.772155 29
400 3898.538000 3899.955430 19
401 3908.473000 3908.525832 16
402 3918.296000 3918.500244 30
403 3928.034000 3927.861122 11
404 3937.025000 3935.605562 18
405 3945.670000 3945.461568 30
406 3954.797000 3955.461568 0
407 3963.756000 3965.642438 20
408 3975.048000 3974.893875 28
409 3981.645000 3984.893875 0
410 3992.690000 3992.956331 32
411 4002.457000 4001.773767 30
412 4011.982000 4010.943598 30
413 4021.430000 4021.621907 13
414 4030.624000 4031.525204 20
415 4040.513000 4040.488480 23
416 4049.727000 4048.130962 26
417 4058.371000 4056.365463 10
418 4068.258000 4067.778054 9
419 4076.974000 4118.707544 9
420 4085.661000 4128.707544 0
421 4096.585000 4097.199866 19
422 4105.894000 4106.096130 45
423 4115.448000 4114.297124 19
424 4123.311000 4122.892049 22
425 4132.804000 4132.650003 15
426 4142.148000 4143.067229 37
427 4151.574000 4151.114059 17
428 4160.897000 4160.032760 21
429 4170.041000 4170.315693 23
430 4180.202000 4179.328671 29
431 4189.466000 4187.824020 29
432 4198.878000 4198.967967 16
433 4208.352000 4207.943093 23
434 4218.124000 4218.460464 32
435 4228.124000 4227.686795 28
436 4237.399000 4236.645156 12
437 4245.914000 4245.950945 25
438 4255.326000 4260.004032 12
439 4264.948000 4264.432315 25
440 4274.331000 4274.641437 41
441 4284.331000 4284.580851 29
442 4294.866000 4294.529930 28
443 4304.488000 4303.835713 39
444 4314.081000 4301.685676 9
445 4323.524000 4325.093723 13
446 4333.314000 4332.974425 35
447 4342.679000 4343.093317 30
448 4351.252000 4352.088915 23
449 4361.175000 4361.043948 28
450 4371.247000 4387.474318 8
451 4380.061000 4397.474318 0
452 4388.724000 4388.865952 21
453 4397.957000 4398.423133 19
454 4408.286000 4408.235125 18
455 4418.401000 4417.632273 39
456 4427.665000 4427.632273 0
457 4437.586000 4438.240603 26
458 4447.586000 4447.837209 37
459 4457.586000 4457.161236 29
460 4466.965000 4467.211365 37
461 4476.557000 4475.917253 17
462 4485.941000 4483.426275 8
463 4495.941000 4527.650177 14
464 4504.556000 4537.650177 0
465 4514.556000 4515.474230 13
466 4524.310000 4521.878096 12
467 4532.555000 4531.497219 10
468 4542.555000 4539.363922 16
469 4551.201000 4550.536904 34
470 4561.332000 4564.553918 10
471 4572.125000 4574.553918 0
472 4581.268000 4585.371618 17
473 4590.771000 4591.165338 16
474 4600.003000 4643.631294 18
475 4610.003000 4610.337865 26
476 4619.399000 4575.345128 14
477 4627.343000 4628.102721 12
478 4636.335000 4636.804595 29
479 4646.109000 4645.623161 27
480 4655.421000 4654.915812 24
481 4665.421000 4665.144781 36
