001 0.000000 -0.159407 91
002 10.000000 9.981369 32
003 20.000000 20.591200 21
004 30.000000 29.801164 30
005 39.500000 39.482471 26
006 49.500000 49.406193 48
007 59.500000 59.389452 28
008 69.500000 69.466741 55
009 79.500000 79.464527 32
010 89.500000 89.496048 62
011 99.500000 99.515703 63
012 109.500000 109.479607 65
013 119.495000 119.408645 63
014 129.495000 129.389174 80
015 139.495000 139.556224 77
016 149.495000 149.502374 60
017 159.495000 159.460710 92
018 169.495000 169.460724 57
019 179.496000 179.544987 72
020 189.496000 189.552962 74
021 199.496000 199.458208 86
022 209.496000 209.602944 59
023 219.496000 219.488059 63
024 229.496000 229.342350 39
025 239.496000 229.461533 27
026 249.496000 250.280328 22
027 257.833000 259.308365 19
028 268.070000 270.556887 26
029 278.273000 277.413234 30
030 288.681000 283.821822 15
031 299.870000 300.821327 34
032 309.155000 308.902815 20
033 319.459000 318.902815 0
034 327.623000 328.902815 0
035 333.710000 306.281000 8
036 343.710000 316.281000 0
037 353.913000 367.657126 8
038 362.483000 372.262644 12
039 374.999000 454.958199 8
040 385.304000 385.380225 11
041 395.507000 397.190898 19
042 405.814000 406.388461 41
043 416.151000 396.974256 15
044 426.151000 406.974256 0
045 436.526000 436.867628 25
046 446.591000 446.867628 0
047 454.821000 454.708770 22
048 464.821000 464.708770 0
049 473.425000 474.708770 0
050 483.288000 483.343476 13
051 493.185000 493.156787 29
052 502.674000 502.153233 28
053 512.129000 511.603826 18
054 521.822000 522.799335 19
055 532.195000 532.799335 0
056 540.665000 542.799335 0
057 550.665000 555.554841 11
058 560.936000 561.053079 15
059 570.219000 570.205605 33
060 580.219000 580.128116 20
061 590.965000 626.845783 9
062 600.454000 600.534826 25
063 610.340000 611.454842 19
064 620.425000 620.599767 46
065 630.553000 630.575200 16
066 641.140000 640.575200 0
067 650.220000 702.123816 9
068 660.064000 660.333477 33
069 670.064000 670.333477 0
070 679.938000 679.694857 24
071 689.580000 689.758358 43
072 699.835000 699.177457 12
073 709.835000 709.193563 23
074 719.292000 719.193563 0
075 729.031000 729.171555 18
076 738.875000 738.744014 20
077 748.746000 749.308186 16
078 758.152000 757.894074 33
079 767.529000 804.465127 14
080 777.609000 814.465127 0
081 787.844000 788.530367 22
082 798.130000 798.318828 33
083 808.001000 807.781652 20
084 818.288000 818.916842 39
085 828.471000 828.113590 25
086 837.900000 838.113590 0
087 848.134000 848.992036 14
088 857.721000 857.528982 18
089 866.734000 867.017359 14
090 875.852000 876.611763 27
091 885.852000 885.636137 16
092 894.867000 898.609689 11
093 904.998000 905.168577 19
094 914.582000 914.627241 20
095 924.168000 925.035815 22
096 934.168000 933.861203 25
097 943.521000 938.917705 8
098 952.743000 952.644800 23
099 962.718000 962.633955 19
100 972.147000 972.591557 25
101 982.147000 982.180782 38
102 991.915000 991.561436 28
103 1002.124000 1001.042225 19
104 1012.593000 1043.496604 8
105 1022.696000 1053.496604 0
106 1032.179000 1032.749479 21
107 1041.271000 1041.576623 26
108 1051.090000 1051.280907 23
109 1061.324000 1060.631640 8
110 1071.092000 1070.481083 22
111 1081.067000 1080.481083 0
112 1090.341000 1090.481083 0
113 1100.264000 1100.867386 17
114 1110.601000 1110.524494 29
115 1120.188000 1120.343589 20
116 1129.695000 1129.423840 19
117 1139.543000 1139.972551 22
118 1148.939000 1148.983403 29
119 1159.306000 1159.334801 21
120 1168.955000 1168.988217 26
121 1178.580000 1177.834495 12
122 1188.580000 1187.834495 0
123 1198.222000 1199.178072 25
124 1208.379000 1208.510399 24
125 1218.491000 1220.288577 16
126 1228.491000 1228.774409 15
127 1237.938000 1238.947579 28
128 1248.097000 1218.536451 9
129 1257.411000 1228.536451 0
130 1267.338000 1267.232625 9
131 1277.474000 1277.829140 13
132 1287.371000 1286.745860 17
133 1295.957000 1295.613457 12
134 1306.140000 1305.811978 20
135 1316.557000 1315.811978 0
136 1325.905000 1326.080883 19
137 1336.205000 1336.056447 35
138 1346.205000 1345.864452 30
139 1355.472000 1355.419968 23
140 1365.786000 1365.419968 0
141 1375.106000 1337.963990 8
142 1384.732000 1340.762269 10
143 1394.373000 1394.297249 22
144 1403.969000 1404.347472 33
145 1413.772000 1411.999868 15
146 1423.807000 1421.767234 14
147 1432.759000 1431.767234 0
148 1442.185000 1443.192854 16
149 1452.185000 1452.199948 38
150 1461.552000 1460.543216 12
151 1469.403000 1468.144468 9
152 1481.218000 1482.248663 15
153 1491.130000 1490.395364 18
154 1501.296000 1501.794773 12
155 1511.430000 1511.619226 15
156 1521.754000 1521.333160 12
157 1531.842000 1531.333160 0
158 1540.884000 1541.333160 0
159 1551.794000 1551.866140 18
160 1561.076000 1561.143687 30
161 1570.996000 1571.733598 23
162 1580.996000 1581.214465 29
163 1590.875000 1589.212534 9
164 1600.220000 1661.409478 10
165 1609.660000 1671.409478 0
166 1616.952000 1617.748320 18
167 1627.628000 1635.887326 12
168 1638.073000 1637.928219 31
169 1647.976000 1647.561800 17
170 1659.699000 1657.561800 0
171 1669.718000 1669.243632 29
172 1680.298000 1679.866427 13
173 1690.007000 1689.776350 25
174 1700.007000 1699.880243 29
175 1710.047000 1710.379260 21
176 1719.833000 1720.152713 25
177 1729.931000 1730.009398 20
178 1740.105000 1740.113176 20
179 1750.008000 1749.846560 33
180 1759.659000 1759.577106 16
181 1768.983000 1769.456941 19
182 1778.325000 1776.448203 12
183 1786.836000 1819.196772 12
184 1796.991000 1829.196772 0
185 1806.991000 1807.661061 26
186 1817.339000 1817.937353 16
187 1826.856000 1826.978872 50
188 1836.740000 1837.324210 10
189 1847.455000 1847.324210 0
190 1858.635000 1857.324210 0
191 1868.326000 1870.056175 19
192 1878.248000 1878.921553 25
193 1887.920000 1887.448692 39
194 1897.340000 1896.467110 24
195 1905.560000 1904.399663 10
196 1915.773000 1914.399663 0
197 1925.308000 1925.667336 29
198 1935.308000 1938.424753 8
199 1945.308000 1945.436133 24
200 1955.077000 1954.524719 17
201 1964.709000 1964.802563 11
202 1974.265000 1973.704458 15
203 1984.091000 1984.396759 27
204 1994.419000 2073.128414 13
205 2003.917000 2002.481306 16
206 2014.342000 2014.744340 11
207 2024.342000 2024.519063 21
208 2034.748000 2034.519063 0
209 2044.497000 2044.947011 18
210 2052.930000 2053.050373 19
211 2063.510000 2066.648345 18
212 2073.510000 2073.018734 30
213 2083.181000 2083.269162 24
214 2092.775000 2091.322142 15
215 2102.699000 2102.914637 29
216 2113.085000 2113.234902 12
217 2122.582000 2123.047280 27
218 2132.582000 2132.692343 13
219 2142.621000 2142.797434 20
220 2152.621000 2144.899558 14
221 2162.408000 2162.823704 19
222 2171.964000 2171.841521 27
223 2181.132000 2180.356512 16
224 2192.079000 2192.815787 16
225 2201.906000 2201.579496 36
226 2212.564000 2209.394331 13
227 2222.486000 2222.242926 33
228 2231.635000 2231.279178 21
229 2240.552000 2239.993828 18
230 2248.869000 2248.860686 10
231 2259.720000 2259.682871 20
232 2269.584000 2269.682871 0
233 2279.663000 2279.841999 14
234 2289.295000 2289.422594 30
235 2299.140000 2298.537702 31
236 2308.309000 2308.784532 35
237 2318.309000 2317.061267 10
238 2328.433000 2327.100727 13
239 2338.700000 2338.713805 34
240 2348.841000 2348.713805 0
241 2357.638000 2357.172179 31
242 2367.556000 2367.794736 19
243 2377.556000 2376.036828 14
244 2387.492000 2387.548879 34
245 2397.492000 2397.548879 0
246 2407.245000 2407.273388 41
247 2416.888000 2416.874433 25
248 2426.625000 2426.556485 34
249 2436.625000 2436.665142 29
250 2446.625000 2445.252786 13
251 2455.791000 2477.007607 13
252 2465.563000 2465.552688 12
253 2475.219000 2475.518133 47
254 2484.752000 2484.626216 22
255 2494.345000 2494.157125 10
256 2503.590000 2503.065778 15
257 2513.327000 2502.220428 8
258 2522.425000 2533.219892 12
259 2532.425000 2533.854526 19
260 2542.010000 2542.897291 19
261 2551.132000 2551.457489 25
262 2560.594000 2558.670445 29
263 2569.813000 2567.582908 14
264 2579.056000 2534.947700 10
265 2588.033000 2587.516919 24
266 2597.181000 2597.192129 16
267 2607.181000 2607.097546 21
268 2616.802000 2615.858037 28
269 2625.949000 2625.767876 27
270 2635.336000 2635.767876 0
271 2645.336000 2645.669185 19
272 2654.752000 2709.853253 11
273 2664.938000 2663.724277 21
274 2673.879000 2670.581426 10
275 2684.329000 2682.290294 18
276 2693.608000 2692.290294 0
277 2703.396000 2703.319407 19
278 2712.325000 2712.682914 14
279 2723.233000 2724.602610 30
280 2733.586000 2733.446189 17
281 2743.313000 2743.057634 23
282 2753.123000 2753.057634 0
283 2760.110000 2761.345854 11
284 2770.319000 2770.855665 12
285 2780.069000 2779.917028 26
286 2790.069000 2789.575259 17
287 2800.298000 2796.940600 12
288 2810.104000 2810.013684 30
289 2819.480000 2819.819108 22
290 2829.025000 2827.297384 23
291 2839.102000 2839.966720 12
292 2849.021000 2849.195493 20
293 2858.916000 2858.008837 21
294 2869.329000 2868.008837 0
295 2877.668000 2878.008837 0
296 2887.442000 2888.053163 16
297 2897.795000 2897.651327 26
298 2907.293000 2907.415125 17
299 2917.175000 2916.859385 31
300 2926.998000 2926.037167 16
301 2935.746000 2936.037167 0
302 2945.436000 2946.037167 0
303 2955.356000 2957.047870 15
304 2964.522000 2964.042332 19
305 2974.983000 2974.602257 16
306 2985.603000 2984.100116 20
307 2995.729000 2994.100116 0
308 3006.629000 3005.371068 24
309 3014.953000 3015.908389 17
310 3024.823000 3024.735289 22
311 3034.477000 3034.631438 13
312 3043.168000 3042.622593 14
313 3051.342000 3051.333403 27
314 3061.468000 3061.351265 16
315 3071.381000 3070.826039 24
316 3080.242000 3080.314040 22
317 3090.518000 3089.196235 11
318 3099.379000 3099.723864 31
319 3109.614000 3108.676267 13
320 3119.010000 3118.676267 0
321 3128.279000 3129.286732 29
322 3137.870000 3136.512163 22
323 3146.021000 3146.716071 28
324 3155.866000 3155.468106 32
325 3165.193000 3164.337335 12
326 3174.701000 3174.337335 0
327 3184.357000 3184.692006 15
328 3194.357000 3195.327849 18
329 3204.267000 3204.215618 15
330 3213.801000 3213.509753 22
331 3224.560000 3223.890467 13
332 3234.264000 3233.890467 0
333 3244.615000 3244.139073 18
334 3253.814000 3253.945428 17
335 3263.814000 3262.887787 15
336 3273.940000 3273.820218 35
337 3283.138000 3283.820218 0
338 3294.383000 3293.820218 0
339 3302.959000 3303.820218 0
340 3312.556000 3313.163118 16
341 3323.005000 3325.201984 18
342 3334.161000 3333.612785 12
343 3344.480000 3344.228406 23
344 3354.582000 3354.228406 0
345 3364.582000 3365.638790 19
346 3374.424000 3374.617962 12
347 3384.424000 3385.030733 18
348 3394.511000 3394.639598 24
349 3404.275000 3403.387724 16
350 3414.420000 3452.105752 9
351 3423.839000 3462.105752 0
352 3434.227000 3433.086141 16
353 3443.973000 3444.089972 30
354 3454.135000 3454.225203 25
355 3463.796000 3463.472070 45
356 3473.317000 3473.472070 0
357 3483.002000 3482.857244 19
358 3491.710000 3492.075450 23
359 3501.231000 3501.064949 24
360 3511.079000 3510.766943 40
361 3520.698000 3520.639899 40
362 3530.154000 3530.377462 13
363 3539.741000 3539.635823 23
364 3549.838000 3549.635823 0
365 3559.823000 3560.114037 9
366 3571.457000 3571.541815 15
367 3581.369000 3577.987832 15
368 3590.500000 3590.671901 11
369 3600.241000 3600.671901 0
370 3610.648000 3611.345628 16
371 3620.496000 3619.770927 11
372 3631.869000 3631.557781 37
373 3640.968000 3640.493342 26
374 3651.042000 3650.086052 12
375 3660.726000 3660.086052 0
376 3667.063000 3664.975894 13
377 3675.057000 3674.975894 0
378 3686.171000 3684.865711 13
379 3694.652000 3694.865711 0
380 3705.060000 3708.207068 10
381 3715.001000 3712.683760 29
382 3725.044000 3711.821962 29
383 3733.674000 3721.821962 0
384 3743.809000 3743.171365 26
385 3753.461000 3754.161698 29
386 3763.193000 3763.412635 21
387 3772.288000 3757.766873 10
388 3781.697000 3782.779631 28
389 3791.239000 3791.150806 36
390 3799.153000 3800.750316 14
391 3809.153000 3809.794021 17
392 3818.946000 3817.368387 11
393 3828.946000 3875.805776 15
394 3839.290000 3839.261117 26
395 3849.127000 3849.168417 21
396 3859.366000 3858.615827 24
397 3869.880000 3869.853833 22
398 3879.793000 3879.448420 17
399 3889.165000 3889.448420 0
400 3898.538000 3900.771174 23
401 3908.473000 3908.360620 14
402 3918.296000 3918.470005 31
403 3928.034000 3927.827722 11
404 3937.025000 3936.442800 16
405 3945.670000 3945.310090 26
406 3954.797000 3951.590517 16
407 3963.756000 3964.323565 20
408 3975.048000 3974.897490 29
409 3981.645000 3984.897490 0
410 3992.690000 3992.554149 23
411 4002.457000 4002.050685 27
412 4011.982000 4010.831856 26
413 4021.430000 4021.022068 12
414 4030.624000 4030.648814 23
415 4040.513000 4040.592273 18
416 4049.727000 4048.353648 22
417 4058.371000 4101.362714 11
418 4068.258000 4066.630456 8
419 4076.974000 4118.376244 13
420 4085.661000 4085.731447 11
421 4096.585000 4096.956581 20
422 4105.894000 4106.141084 41
423 4115.448000 4114.497133 19
424 4123.311000 4122.713684 21
425 4132.804000 4132.653539 14
426 4142.148000 4143.522963 25
427 4151.574000 4151.403671 18
428 4160.897000 4160.854664 16
429 4170.041000 4170.323107 22
430 4180.202000 4179.342066 26
431 4189.466000 4188.105663 24
432 4198.878000 4199.816634 17
433 4208.352000 4207.841772 28
434 4218.124000 4218.447689 37
435 4228.124000 4227.711376 32
436 4237.399000 4287.616740 13
437 4245.914000 4245.300175 21
438 4255.326000 4251.839329 9
439 4264.948000 4264.639192 20
440 4274.331000 4274.858047 32
441 4284.331000 4284.899280 24
442 4294.866000 4294.706693 22
443 4304.488000 4303.238189 35
444 4314.081000 4313.238189 0
445 4323.524000 4325.485291 12
446 4333.314000 4333.404459 37
447 4342.679000 4343.114827 29
448 4351.252000 4351.940835 20
449 4361.175000 4360.701375 27
450 4371.247000 4370.701375 0
451 4380.061000 4380.701375 0
452 4388.724000 4388.096158 24
453 4397.957000 4397.939714 22
454 4408.286000 4408.414619 20
455 4418.401000 4417.427199 34
456 4427.665000 4427.427199 0
457 4437.586000 4438.268557 28
458 4447.586000 4447.805188 33
459 4457.586000 4457.340237 30
460 4466.965000 4466.941899 38
461 4476.557000 4476.189661 12
462 4485.941000 4486.127682 13
463 4495.941000 4527.360053 11
464 4504.556000 4537.360053 0
465 4514.556000 4514.610410 14
466 4524.310000 4520.613797 13
467 4532.555000 4531.747063 11
468 4542.555000 4539.947550 12
469 4551.201000 4550.448838 30
470 4561.332000 4561.102246 14
471 4572.125000 4576.538370 10
472 4581.268000 4584.522723 14
473 4590.771000 4590.558426 22
474 4600.003000 4643.786585 13
475 4610.003000 4609.956695 36
476 4619.399000 4576.097027 17
477 4627.343000 4628.925522 15
478 4636.335000 4636.507242 31
479 4646.109000 4645.323880 31
480 4655.421000 4654.887772 24
481 4665.421000 4665.172953 37
