001 0.000000 -0.129197 94
002 10.000000 9.971486 33
003 20.000000 20.591200 21
004 30.000000 29.618359 31
005 39.500000 39.480152 25
006 49.500000 49.440203 51
007 59.500000 59.395091 28
008 69.500000 69.468155 54
009 79.500000 79.463010 34
010 89.500000 89.497179 63
011 99.500000 99.587248 60
012 109.500000 109.479220 64
013 119.495000 119.522558 61
014 129.495000 129.449527 80
015 139.495000 139.514281 75
016 149.495000 149.463716 60
017 159.495000 159.424354 92
018 169.495000 169.462785 59
019 179.496000 179.550855 77
020 189.496000 189.553022 75
021 199.496000 199.457997 88
022 209.496000 209.588590 65
023 219.496000 219.451562 64
024 229.496000 229.312327 39
025 239.496000 240.414467 32
026 249.496000 250.153039 21
027 257.833000 259.999563 19
028 268.070000 269.231532 23
029 278.273000 277.763525 32
030 288.681000 283.113741 14
031 299.870000 300.612334 35
032 309.155000 309.164705 18
033 319.459000 319.164705 0
034 327.623000 326.918069 8
035 333.710000 392.381399 9
036 343.710000 329.108935 10
037 353.913000 367.657126 8
038 362.483000 372.262644 12
039 374.999000 376.517258 8
040 385.304000 385.001618 26
041 395.507000 396.241693 20
042 405.814000 405.912101 45
043 416.151000 394.579338 19
044 426.151000 404.579338 0
045 436.526000 436.478567 26
046 446.591000 443.369697 11
047 454.821000 450.998318 10
048 464.821000 453.506767 8
049 473.425000 441.658474 9
050 483.288000 483.870965 18
051 493.185000 493.998549 30
052 502.674000 502.734566 26
053 512.129000 512.012635 12
054 521.822000 521.399809 18
055 532.195000 531.399809 0
056 540.665000 541.399809 0
057 550.665000 554.806581 11
058 560.936000 561.931898 18
059 570.219000 569.639149 28
060 580.219000 579.694359 22
061 590.965000 624.621058 13
062 600.454000 600.531288 26
063 610.340000 612.223419 25
064 620.425000 620.690647 48
065 630.553000 630.635944 20
066 641.140000 640.635944 0
067 650.220000 650.635944 0
068 660.064000 660.272137 28
069 670.064000 670.272137 0
070 679.938000 679.449118 22
071 689.580000 688.779067 41
072 699.835000 699.838852 14
073 709.835000 709.250194 18
074 719.292000 719.250194 0
075 729.031000 730.247588 15
076 738.875000 738.740647 20
077 748.746000 749.035063 12
078 758.152000 757.838607 27
079 767.529000 765.690003 13
080 777.609000 775.690003 0
081 787.844000 788.379828 16
082 798.130000 798.385647 28
083 808.001000 807.743222 18
084 818.288000 818.963277 34
085 828.471000 827.608906 24
086 837.900000 806.481456 8
087 848.134000 848.852161 13
088 857.721000 857.681828 22
089 866.734000 867.086112 16
090 875.852000 876.190509 27
091 885.852000 885.604101 21
092 894.867000 895.604101 0
093 904.998000 905.236890 23
094 914.582000 914.684260 22
095 924.168000 924.943847 21
096 934.168000 934.058343 23
097 943.521000 942.004404 12
098 952.743000 951.389959 20
099 962.718000 962.943033 18
100 972.147000 972.647789 23
101 982.147000 982.238243 37
102 991.915000 991.785895 31
103 1002.124000 1000.869452 17
104 1012.593000 1010.869452 0
105 1022.696000 995.758825 8
106 1032.179000 1032.635388 18
107 1041.271000 1041.037620 27
108 1051.090000 1051.648163 27
109 1061.324000 1061.996509 17
110 1071.092000 1070.455401 21
111 1081.067000 1080.455401 0
112 1090.341000 1090.498328 13
113 1100.264000 1101.324495 18
114 1110.601000 1110.491647 34
115 1120.188000 1120.030552 21
116 1129.695000 1129.532225 22
117 1139.543000 1140.117748 25
118 1148.939000 1148.900280 20
119 1159.306000 1159.277441 20
120 1168.955000 1169.101469 22
121 1178.580000 1179.101469 0
122 1188.580000 1189.101469 0
123 1198.222000 1199.372136 25
124 1208.379000 1208.518006 24
125 1218.491000 1220.344679 14
126 1228.491000 1227.890463 20
127 1237.938000 1237.596743 19
128 1248.097000 1247.596743 0
129 1257.411000 1257.596743 0
130 1267.338000 1267.098278 21
131 1277.474000 1276.564181 22
132 1287.371000 1286.242800 17
133 1295.957000 1294.557107 13
134 1306.140000 1305.999519 23
135 1316.557000 1315.999519 0
136 1325.905000 1325.758459 19
137 1336.205000 1336.196345 37
138 1346.205000 1345.975763 33
139 1355.472000 1355.570375 22
140 1365.786000 1412.107863 8
141 1375.106000 1339.370064 10
142 1384.732000 1340.762269 10
143 1394.373000 1394.204752 24
144 1403.969000 1403.689121 32
145 1413.772000 1413.059408 15
146 1423.807000 1421.924530 13
147 1432.759000 1431.924530 0
148 1442.185000 1405.457013 8
149 1452.185000 1452.186804 33
150 1461.552000 1461.925019 18
151 1469.403000 1468.099655 9
152 1481.218000 1481.505515 18
153 1491.130000 1491.024365 18
154 1501.296000 1501.024365 0
155 1511.430000 1512.076775 14
156 1521.754000 1521.300387 19
157 1531.842000 1531.340037 9
158 1540.884000 1541.340037 0
159 1551.794000 1551.895401 17
160 1561.076000 1561.511284 28
161 1570.996000 1571.595201 19
162 1580.996000 1580.917000 23
163 1590.875000 1591.479440 8
164 1600.220000 1567.062835 10
165 1609.660000 1577.062835 0
166 1616.952000 1617.108759 20
167 1627.628000 1635.145984 14
168 1638.073000 1638.135345 35
169 1647.976000 1648.169536 14
170 1659.699000 1658.169536 0
171 1669.718000 1669.249655 27
172 1680.298000 1680.088143 30
173 1690.007000 1689.867658 19
174 1700.007000 1699.645073 30
175 1710.047000 1710.825885 27
176 1719.833000 1720.148535 24
177 1729.931000 1729.800130 23
178 1740.105000 1740.073399 22
179 1750.008000 1749.893261 34
180 1759.659000 1759.587803 18
181 1768.983000 1769.755461 12
182 1778.325000 1778.008216 12
183 1786.836000 1786.792939 16
184 1796.991000 1796.792939 0
185 1806.991000 1807.317396 21
186 1817.339000 1817.750700 15
187 1826.856000 1826.761300 49
188 1836.740000 1877.831964 11
189 1847.455000 1887.831964 0
190 1858.635000 1952.848142 9
191 1868.326000 1869.837556 22
192 1878.248000 1879.211332 29
193 1887.920000 1887.582187 38
194 1897.340000 1896.177605 23
195 1905.560000 1904.581413 11
196 1915.773000 1914.581413 0
197 1925.308000 1925.799520 36
198 1935.308000 1936.906130 11
199 1945.308000 1945.516190 17
200 1955.077000 1954.629914 14
201 1964.709000 1964.629914 0
202 1974.265000 1972.597165 12
203 1984.091000 1984.670490 31
204 1994.419000 1993.380696 13
205 2003.917000 2003.847746 16
206 2014.342000 2014.436298 14
207 2024.342000 2024.734090 22
208 2034.748000 2034.734090 0
209 2044.497000 2043.979643 16
210 2052.930000 2055.725313 10
211 2063.510000 2063.158822 19
212 2073.510000 2073.200728 27
213 2083.181000 2083.255290 24
214 2092.775000 2086.491640 9
215 2102.699000 2103.131888 17
216 2113.085000 2113.318738 12
217 2122.582000 2123.119625 25
218 2132.582000 2207.588478 14
219 2142.621000 2142.816422 20
220 2152.621000 2144.128676 15
221 2162.408000 2162.464320 23
222 2171.964000 2171.885746 27
223 2181.132000 2180.627830 19
224 2192.079000 2192.675763 19
225 2201.906000 2201.679408 37
226 2212.564000 2210.990305 18
227 2222.486000 2222.172258 31
228 2231.635000 2231.520397 22
229 2240.552000 2239.567344 14
230 2248.869000 2248.909866 9
231 2259.720000 2260.093838 18
232 2269.584000 2270.093838 0
233 2279.663000 2279.762589 13
234 2289.295000 2288.986260 29
235 2299.140000 2297.998547 26
236 2308.309000 2307.551888 33
237 2318.309000 2316.682622 8
238 2328.433000 2326.752413 11
239 2338.700000 2338.415499 35
240 2348.841000 2348.415499 0
241 2357.638000 2357.617146 23
242 2367.556000 2368.146743 19
243 2377.556000 2376.831654 12
244 2387.492000 2387.539600 32
245 2397.492000 2397.539600 0
246 2407.245000 2407.136953 42
247 2416.888000 2417.037372 17
248 2426.625000 2426.357289 38
249 2436.625000 2436.775557 29
250 2446.625000 2446.775557 0
251 2455.791000 2476.043488 12
252 2465.563000 2466.498129 10
253 2475.219000 2475.439219 42
254 2484.752000 2484.033967 21
255 2494.345000 2494.149597 12
256 2503.590000 2503.047220 16
257 2513.327000 2523.144649 11
258 2522.425000 2533.261248 9
259 2532.425000 2533.910139 23
260 2542.010000 2542.755429 19
261 2551.132000 2550.844669 27
262 2560.594000 2558.630506 30
263 2569.813000 2568.750538 14
264 2579.056000 2534.595045 12
265 2588.033000 2587.870574 32
266 2597.181000 2597.106791 11
267 2607.181000 2606.850073 17
268 2616.802000 2615.907943 31
269 2625.949000 2625.352924 30
270 2635.336000 2635.352924 0
271 2645.336000 2646.051613 16
272 2654.752000 2710.284943 11
273 2664.938000 2663.749307 21
274 2673.879000 2672.841242 15
275 2684.329000 2682.840198 13
276 2693.608000 2692.967207 26
277 2703.396000 2703.308165 22
278 2712.325000 2712.460957 15
279 2723.233000 2724.073029 30
280 2733.586000 2733.469833 17
281 2743.313000 2742.912712 24
282 2753.123000 2752.912712 0
283 2760.110000 2760.203188 17
284 2770.319000 2770.368977 11
285 2780.069000 2779.979101 24
286 2790.069000 2789.819744 11
287 2800.298000 2798.203320 14
288 2810.104000 2809.574567 31
289 2819.480000 2819.797657 23
290 2829.025000 2826.172754 19
291 2839.102000 2842.150410 8
292 2849.021000 2849.017170 21
293 2858.916000 2858.886674 20
294 2869.329000 2868.886674 0
295 2877.668000 2881.550452 8
296 2887.442000 2887.943691 27
297 2897.795000 2897.364734 30
298 2907.293000 2906.948793 21
299 2917.175000 2917.103537 30
300 2926.998000 2916.031849 8
301 2935.746000 2926.031849 0
302 2945.436000 2936.031849 0
303 2955.356000 2955.969503 21
304 2964.522000 2964.144929 17
305 2974.983000 2974.896993 16
306 2985.603000 2984.919675 24
307 2995.729000 2994.919675 0
308 3006.629000 3005.507457 21
309 3014.953000 3015.740373 22
310 3024.823000 3023.934612 25
311 3034.477000 3033.372387 15
312 3043.168000 3078.751351 13
313 3051.342000 3051.128596 26
314 3061.468000 3061.032955 15
315 3071.381000 3070.962556 23
316 3080.242000 3079.879055 20
317 3090.518000 3088.742261 12
318 3099.379000 3099.644426 29
319 3109.614000 3108.782176 23
320 3119.010000 3118.782176 0
321 3128.279000 3128.816093 25
322 3137.870000 3136.324620 21
323 3146.021000 3146.347590 23
324 3155.866000 3155.214879 38
325 3165.193000 3212.981461 8
326 3174.701000 3222.981461 0
327 3184.357000 3184.451278 19
328 3194.357000 3195.059237 18
329 3204.267000 3204.274713 23
330 3213.801000 3213.896983 26
331 3224.560000 3223.739313 16
332 3234.264000 3233.548013 22
333 3244.615000 3244.181104 19
334 3253.814000 3254.463656 17
335 3263.814000 3263.819764 21
336 3273.940000 3273.837934 36
337 3283.138000 3282.995398 16
338 3294.383000 3292.995398 0
339 3302.959000 3303.502440 10
340 3312.556000 3313.802023 11
341 3323.005000 3326.947700 18
342 3334.161000 3333.712743 16
343 3344.480000 3343.923761 22
344 3354.582000 3336.658766 10
345 3364.582000 3364.762297 27
346 3374.424000 3374.144749 18
347 3384.424000 3385.251922 15
348 3394.511000 3394.776693 27
349 3404.275000 3403.797270 19
350 3414.420000 3413.797270 0
351 3423.839000 3423.797270 0
352 3434.227000 3434.055764 17
353 3443.973000 3443.932723 24
354 3454.135000 3454.273490 23
355 3463.796000 3463.264874 35
356 3473.317000 3469.925701 9
357 3483.002000 3483.649509 19
358 3491.710000 3492.071797 25
359 3501.231000 3501.334403 17
360 3511.079000 3510.748476 36
361 3520.698000 3520.637853 38
362 3530.154000 3529.944272 13
363 3539.741000 3539.231975 24
364 3549.838000 3549.231975 0
365 3559.823000 3559.231975 0
366 3571.457000 3571.926499 11
367 3581.369000 3577.124798 18
368 3590.500000 3590.398045 10
369 3600.241000 3600.398045 0
370 3610.648000 3612.962487 13
371 3620.496000 3619.572085 10
372 3631.869000 3631.842630 34
373 3640.968000 3640.101457 25
374 3651.042000 3650.006278 12
375 3660.726000 3660.006278 0
376 3667.063000 3667.450487 8
377 3675.057000 3677.416867 9
378 3686.171000 3686.915546 13
379 3694.652000 3696.915546 0
380 3705.060000 3707.934619 11
381 3715.001000 3712.527601 31
382 3725.044000 3720.332242 28
383 3733.674000 3730.332242 0
384 3743.809000 3744.444494 22
385 3753.461000 3754.316463 29
386 3763.193000 3762.535439 21
387 3772.288000 3772.535439 0
388 3781.697000 3782.780161 27
389 3791.239000 3791.087150 36
390 3799.153000 3801.636073 14
391 3809.153000 3809.846079 16
392 3818.946000 3819.846079 0
393 3828.946000 3876.167213 12
394 3839.290000 3839.367681 29
395 3849.127000 3849.256758 20
396 3859.366000 3858.276437 13
397 3869.880000 3869.803299 25
398 3879.793000 3879.214590 17
399 3889.165000 3888.698309 20
400 3898.538000 3900.201508 22
401 3908.473000 3908.408140 20
402 3918.296000 3918.070990 30
403 3928.034000 3927.530904 11
404 3937.025000 3935.877602 19
405 3945.670000 3945.535892 27
406 3954.797000 3955.535892 0
407 3963.756000 3964.501364 19
408 3975.048000 3974.980412 17
409 3981.645000 3984.980412 0
410 3992.690000 3992.622579 27
411 4002.457000 4002.032476 28
412 4011.982000 4010.150272 23
413 4021.430000 4021.172182 14
414 4030.624000 4031.037643 17
415 4040.513000 4040.638173 22
416 4049.727000 4048.570181 25
417 4058.371000 4057.212390 9
418 4068.258000 4067.024970 15
419 4076.974000 4116.551233 11
420 4085.661000 4085.402301 9
421 4096.585000 4096.845384 19
422 4105.894000 4106.150820 39
423 4115.448000 4114.011565 11
424 4123.311000 4122.469028 26
425 4132.804000 4131.978361 15
426 4142.148000 4142.241217 36
427 4151.574000 4151.088831 16
428 4160.897000 4160.555331 18
429 4170.041000 4170.519848 22
430 4180.202000 4179.466182 28
431 4189.466000 4188.153991 29
432 4198.878000 4199.202014 17
433 4208.352000 4207.626208 23
434 4218.124000 4218.049826 25
435 4228.124000 4227.820104 27
436 4237.399000 4236.658899 13
437 4245.914000 4245.040672 21
438 4255.326000 4265.823927 8
439 4264.948000 4264.802732 24
440 4274.331000 4274.783993 37
441 4284.331000 4284.779848 29
442 4294.866000 4294.557973 31
443 4304.488000 4303.634704 35
444 4314.081000 4298.925845 13
445 4323.524000 4325.086518 13
446 4333.314000 4333.400803 34
447 4342.679000 4343.963189 32
448 4351.252000 4352.178621 20
449 4361.175000 4360.798982 30
450 4371.247000 4370.798982 0
451 4380.061000 4380.798982 0
452 4388.724000 4387.849808 27
453 4397.957000 4398.369500 22
454 4408.286000 4408.095579 19
455 4418.401000 4417.168292 32
456 4427.665000 4427.023353 8
457 4437.586000 4438.253640 25
458 4447.586000 4447.317467 35
459 4457.586000 4456.971176 26
460 4466.965000 4467.248784 34
461 4476.557000 4476.271244 12
462 4485.941000 4486.271244 0
463 4495.941000 4528.539060 13
464 4504.556000 4538.539060 0
465 4514.556000 4515.308291 11
466 4524.310000 4521.614483 15
467 4532.555000 4531.477012 11
468 4542.555000 4542.484017 17
469 4551.201000 4550.653173 33
470 4561.332000 4563.174523 13
471 4572.125000 4573.174523 0
472 4581.268000 4584.085969 11
473 4590.771000 4590.865732 19
474 4600.003000 4643.744954 17
475 4610.003000 4609.510486 30
476 4619.399000 4576.656894 13
477 4627.343000 4629.082994 16
478 4636.335000 4636.962847 30
479 4646.109000 4644.980686 29
480 4655.421000 4654.717562 21
481 4665.421000 4664.975298 38
