001 0.000000 -0.073106 88
002 10.000000 9.907382 36
003 20.000000 18.528751 28
004 28.072000 28.148791 23
005 38.058000 38.084266 28
006 48.059000 48.044791 38
007 58.056000 58.083331 21
008 68.056000 68.031895 40
009 78.056000 78.075670 46
010 88.056000 88.072235 49
011 98.056000 97.976226 63
012 108.056000 108.104457 68
013 118.056000 118.117435 56
014 128.056000 128.159357 72
015 138.056000 138.072104 65
016 148.056000 148.083029 62
017 158.056000 158.153512 79
018 168.056000 168.080908 58
019 178.056000 178.233505 60
020 188.056000 188.089972 76
021 198.056000 198.086987 79
022 208.056000 208.078537 74
023 218.056000 218.208264 74
024 228.056000 227.932552 36
025 238.056000 239.238924 38
026 248.056000 248.517418 25
027 258.311000 260.848720 19
028 268.392000 273.498666 8
029 278.457000 278.030120 24
030 288.680000 287.593791 22
031 299.265000 300.167133 35
032 309.265000 309.228385 22
033 319.460000 318.100703 10
034 329.886000 328.100703 0
035 331.489000 338.100703 0
036 341.050000 309.668047 9
037 352.269000 369.583071 19
038 362.269000 368.985356 14
039 372.483000 368.318988 10
040 382.483000 382.805287 29
041 392.844000 393.879657 19
042 403.556000 403.637293 28
043 414.326000 401.703809 8
044 424.449000 424.168035 29
045 434.768000 434.555123 26
046 444.768000 443.533184 8
047 452.651000 453.074340 14
048 462.775000 460.104756 8
049 472.194000 506.965840 8
050 482.194000 482.307052 18
051 491.877000 493.620592 31
052 501.624000 502.241374 32
053 511.427000 510.537828 26
054 520.978000 520.617018 21
055 530.978000 530.617018 0
056 541.619000 542.336153 11
057 550.842000 565.208061 8
058 560.228000 563.002152 15
059 569.286000 569.278317 14
060 578.659000 577.696636 23
061 588.915000 587.696636 0
062 598.555000 597.696636 0
063 608.681000 608.937510 17
064 619.259000 618.905478 44
065 628.721000 628.235992 24
066 638.369000 637.907162 16
067 647.991000 644.182663 8
068 657.851000 614.546979 8
069 666.916000 665.950926 22
070 675.899000 675.776197 21
071 685.573000 685.843701 31
072 695.248000 695.374435 26
073 705.586000 706.184495 25
074 715.395000 716.184495 0
075 725.261000 725.008833 36
076 734.717000 734.891433 13
077 745.217000 745.223846 26
078 755.217000 755.119389 28
079 764.858000 763.757393 14
080 774.506000 773.757393 0
081 785.429000 786.750761 11
082 796.513000 796.411597 26
083 806.746000 806.773344 16
084 816.819000 816.811572 21
085 826.819000 825.922282 39
086 836.249000 835.922282 0
087 846.163000 846.946088 24
088 856.163000 856.149913 8
089 864.873000 865.366655 14
090 873.220000 873.103100 27
091 883.027000 881.000097 11
092 892.860000 891.000097 0
093 902.860000 903.384299 28
094 912.210000 911.122558 28
095 921.433000 923.173372 11
096 931.433000 931.129385 34
097 940.742000 940.728070 15
098 949.547000 949.275358 27
099 958.617000 959.275358 0
100 968.324000 967.963595 20
101 977.329000 978.245955 31
102 987.329000 987.824838 27
103 997.595000 995.982368 21
104 1007.336000 1007.144092 14
105 1017.463000 1017.144092 0
106 1028.014000 1030.360332 14
107 1037.881000 1112.601395 9
108 1046.619000 1046.699637 31
109 1056.878000 1056.598108 23
110 1066.607000 1094.980457 16
111 1076.607000 1104.980457 0
112 1085.691000 1086.689833 15
113 1095.691000 1095.669470 44
114 1104.986000 1107.217406 21
115 1115.086000 1114.560163 28
116 1124.734000 1123.731290 26
117 1133.904000 1133.731290 0
118 1143.738000 1143.415518 35
119 1153.068000 1152.813145 20
120 1162.582000 1162.981517 18
121 1172.470000 1172.301115 16
122 1181.693000 1180.995632 22
123 1191.553000 1190.995632 0
124 1201.148000 1201.091973 29
125 1211.148000 1210.494267 12
126 1220.338000 1220.716488 16
127 1229.986000 1229.826036 16
128 1239.076000 1238.611632 25
129 1249.076000 1277.916155 12
130 1257.800000 1287.916155 0
131 1267.668000 1269.438977 11
132 1278.014000 1279.009006 23
133 1288.014000 1288.040075 12
134 1297.789000 1297.771542 23
135 1307.517000 1306.091097 8
136 1317.517000 1318.104892 15
137 1327.250000 1327.998074 22
138 1336.985000 1337.019200 36
139 1346.985000 1346.676697 25
140 1356.581000 1356.451252 18
141 1365.299000 1397.119204 8
142 1375.105000 1377.395568 19
143 1385.579000 1387.395568 0
144 1395.579000 1395.644253 28
145 1405.579000 1405.780940 27
146 1415.931000 1416.128004 22
147 1425.340000 1421.666137 11
148 1434.351000 1431.666137 0
149 1443.813000 1444.455194 15
150 1453.703000 1453.832723 28
151 1463.450000 1462.280773 9
152 1471.333000 1473.262955 9
153 1481.566000 1483.262955 0
154 1491.044000 1490.147697 31
155 1500.579000 1500.147697 0
156 1510.173000 1509.017047 13
157 1520.607000 1521.633156 10
158 1530.868000 1530.472476 11
159 1540.607000 1540.613124 9
160 1549.968000 1567.158155 14
161 1560.345000 1561.459509 17
162 1570.539000 1570.361692 17
163 1579.858000 1580.195299 27
164 1589.858000 1590.195299 0
165 1599.858000 1600.195299 0
166 1610.086000 1609.593997 13
167 1620.615000 1622.783957 24
168 1631.827000 1633.427087 10
169 1641.168000 1641.729140 24
170 1651.300000 1651.729140 0
171 1663.636000 1661.729140 0
172 1672.749000 1671.493404 26
173 1683.172000 1689.347324 8
174 1693.095000 1694.477826 21
175 1702.956000 1702.733997 24
176 1713.607000 1709.230368 20
177 1724.031000 1724.289101 20
178 1734.031000 1734.289101 0
179 1742.838000 1742.547722 17
180 1752.449000 1751.470790 14
181 1760.542000 1760.666714 13
182 1770.715000 1771.338334 17
183 1780.992000 1767.623585 11
184 1790.832000 1789.963177 18
185 1800.832000 1800.486043 13
186 1810.721000 1810.893262 33
187 1820.617000 1820.436658 28
188 1830.360000 1830.192190 28
189 1840.013000 1839.574908 31
190 1849.209000 1849.574908 0
191 1860.090000 1861.461714 17
192 1869.680000 1870.238908 13
193 1879.478000 1879.946882 24
194 1889.402000 1889.691927 30
195 1899.097000 1898.400665 24
196 1908.417000 1906.897291 17
197 1917.757000 1918.006920 17
198 1926.911000 1927.333460 34
199 1937.293000 1937.396920 17
200 1946.883000 1946.008103 22
201 1954.809000 1953.710639 15
202 1964.620000 1953.865110 10
203 1974.782000 1963.865110 0
204 1985.579000 1985.992751 23
205 1995.308000 1995.543656 24
206 2005.308000 2004.881344 9
207 2015.204000 2060.468549 9
208 2024.919000 2023.524216 27
209 2034.823000 2033.524216 0
210 2044.823000 2045.156117 34
211 2053.733000 2135.061750 8
212 2065.736000 2065.466307 26
213 2075.432000 2074.899272 25
214 2085.432000 2084.997261 24
215 2095.640000 2094.997261 0
216 2105.535000 2105.695460 11
217 2116.249000 2116.403171 14
218 2125.944000 2125.741980 33
219 2135.944000 2136.396579 17
220 2146.477000 2146.080648 21
221 2156.339000 2157.313784 22
222 2166.172000 2165.751049 28
223 2176.248000 2176.634766 15
224 2185.589000 2184.618017 10
225 2195.326000 2195.617008 24
226 2205.520000 2204.686497 21
227 2217.024000 2217.556160 25
228 2227.821000 2228.237300 18
229 2237.286000 2237.055510 35
230 2246.071000 2245.138906 11
231 2256.071000 2255.764488 13
232 2265.092000 2264.394572 17
233 2275.092000 2277.900713 8
234 2284.908000 2285.538404 17
235 2294.908000 2295.772578 25
236 2304.609000 2303.953722 26
237 2314.609000 2313.877967 11
238 2324.304000 2323.713885 16
239 2334.304000 2332.047149 12
240 2344.486000 2342.047149 0
241 2353.057000 2352.047149 0
242 2362.985000 2362.716476 11
243 2372.520000 2372.456378 29
244 2381.683000 2379.665146 13
245 2392.797000 2389.665146 0
246 2402.524000 2402.586675 29
247 2412.524000 2412.620474 32
248 2422.603000 2422.483086 30
249 2432.623000 2431.785990 26
250 2442.623000 2441.873676 28
251 2451.774000 2450.073142 20
252 2461.676000 2460.073142 0
253 2470.754000 2472.937204 14
254 2481.214000 2480.850498 37
255 2491.098000 2490.118564 9
256 2500.447000 2499.955926 16
257 2509.765000 2509.201915 30
258 2518.890000 2520.298990 14
259 2529.280000 2529.531920 19
260 2538.944000 2539.397616 31
261 2548.529000 2549.648015 31
262 2558.036000 2557.246567 15
263 2567.093000 2566.581292 13
264 2575.836000 2576.581292 0
265 2585.931000 2586.053373 27
266 2595.244000 2595.452609 17
267 2605.244000 2605.849052 20
268 2615.042000 2614.608301 29
269 2624.843000 2615.568437 8
270 2635.057000 2611.275212 9
271 2645.270000 2646.141636 25
272 2654.752000 2655.411549 8
273 2664.938000 2664.572166 27
274 2674.439000 2673.680876 15
275 2684.201000 2684.839203 14
276 2693.355000 2697.251833 22
277 2703.021000 2703.048428 19
278 2712.409000 2712.281608 13
279 2722.955000 2723.715944 29
280 2733.351000 2732.842507 30
281 2743.508000 2743.297719 19
282 2753.438000 2753.297719 0
283 2763.906000 2764.532039 10
284 2774.276000 2774.331586 21
285 2783.156000 2782.970123 23
286 2792.350000 2791.107412 12
287 2802.543000 2802.443571 12
288 2812.446000 2812.443571 0
289 2821.794000 2822.122188 19
290 2830.771000 2830.755483 9
291 2841.083000 2844.535950 9
292 2851.257000 2849.529609 11
293 2861.257000 2925.391127 11
294 2871.591000 2935.391127 0
295 2880.480000 2881.702846 14
296 2890.480000 2890.313299 20
297 2900.383000 2900.925860 26
298 2910.232000 2910.687691 13
299 2920.525000 2920.688560 13
300 2930.148000 2930.086898 25
301 2939.843000 2939.947105 21
302 2949.985000 2950.211941 20
303 2959.411000 2959.829323 21
304 2969.411000 2968.499429 17
305 2979.660000 2979.253493 29
306 2989.373000 2989.253493 0
307 2999.373000 2999.253493 0
308 3009.156000 2959.891468 8
309 3018.995000 3021.698651 24
310 3028.707000 3028.615018 19
311 3038.277000 3037.449905 9
312 3046.041000 3045.471627 14
313 3054.913000 3055.471627 0
314 3064.767000 3021.049501 9
315 3074.767000 3074.473278 26
316 3084.516000 3084.280791 19
317 3092.780000 3092.845077 23
318 3102.278000 3101.830270 22
319 3113.010000 3110.811069 25
320 3122.474000 3081.991941 9
321 3132.329000 3131.613553 21
322 3140.879000 3140.363476 24
323 3150.790000 3150.779678 17
324 3160.555000 3159.524363 15
325 3169.624000 3169.524363 0
326 3177.834000 3179.524363 0
327 3187.548000 3187.636350 26
328 3198.656000 3198.856261 27
329 3208.441000 3208.184898 18
330 3217.491000 3217.752056 23
331 3228.026000 3226.099770 10
332 3238.294000 3236.099770 0
333 3248.222000 3247.985179 15
334 3258.222000 3257.873497 31
335 3267.432000 3266.816100 17
336 3277.002000 3276.382981 31
337 3287.002000 3286.382981 0
338 3297.002000 3296.382981 0
339 3307.002000 3308.381937 22
340 3316.855000 3318.381937 0
341 3326.855000 3328.030147 20
342 3335.816000 3335.292587 11
343 3346.780000 3345.943983 16
344 3357.496000 3357.840896 17
345 3367.780000 3367.739652 34
346 3377.690000 3377.517524 10
347 3387.331000 3387.587510 19
348 3397.331000 3397.441251 28
349 3403.895000 3404.310900 20
350 3413.895000 3414.310900 0
351 3423.625000 3423.918709 18
352 3434.501000 3435.367286 14
353 3444.227000 3444.620890 22
354 3454.999000 3454.840155 19
355 3464.135000 3464.653221 34
356 3474.135000 3474.653221 0
357 3484.135000 3484.074427 20
358 3493.815000 3494.269501 25
359 3503.474000 3503.306326 23
360 3513.133000 3512.803455 25
361 3522.614000 3522.187241 25
362 3532.614000 3529.392872 16
363 3540.698000 3551.794675 8
364 3549.319000 3549.750643 12
365 3560.035000 3559.750643 0
366 3570.427000 3570.238199 14
367 3579.853000 3579.521570 23
368 3588.868000 3629.117703 13
369 3597.758000 3575.966156 8
370 3608.598000 3611.777587 13
371 3619.205000 3619.797580 11
372 3630.495000 3629.902070 24
373 3639.841000 3639.908026 23
374 3650.150000 3646.147114 8
375 3658.773000 3661.443061 11
376 3669.988000 3671.443061 0
377 3675.443000 3676.139467 11
378 3686.082000 3686.425235 27
379 3696.082000 3696.425235 0
380 3707.480000 3718.732322 27
381 3717.480000 3720.731083 36
382 3727.480000 3721.576775 17
383 3737.086000 3799.276949 11
384 3746.943000 3756.188184 12
385 3756.241000 3757.574378 30
386 3766.400000 3766.300084 17
387 3776.400000 3759.724702 16
388 3786.400000 3786.857056 21
389 3795.665000 3795.057636 19
390 3803.874000 3802.403212 23
391 3813.588000 3813.681698 28
392 3823.819000 3823.466177 18
393 3833.460000 3868.027643 8
394 3842.278000 3842.889251 20
395 3852.672000 3852.460932 19
396 3863.100000 3863.079614 12
397 3873.868000 3876.311109 17
398 3883.688000 3882.984710 16
399 3892.560000 3891.131685 25
400 3903.079000 3903.190005 20
401 3913.113000 3912.482001 17
402 3922.683000 3922.418270 27
403 3932.467000 3932.226897 24
404 3942.324000 3939.374826 9
405 3950.945000 3950.981891 14
406 3960.478000 3964.832190 14
407 3970.818000 3971.187078 11
408 3980.709000 3981.187078 0
409 3987.524000 3988.160949 21
410 3997.721000 3998.257518 31
411 4007.827000 4006.661066 16
412 4017.827000 4022.167188 8
413 4027.055000 4026.629033 25
414 4036.481000 4037.052825 20
415 4046.481000 4046.361787 14
416 4055.175000 4055.023826 21
417 4064.458000 4064.318158 14
418 4073.867000 4074.318158 0
419 4082.614000 4034.177830 8
420 4093.775000 4095.122167 12
421 4102.647000 4102.811307 27
422 4111.877000 4111.433290 24
423 4121.715000 4121.544394 30
424 4130.747000 4153.493502 12
425 4140.193000 4140.131574 26
426 4150.031000 4150.209801 14
427 4159.457000 4160.142445 17
428 4170.041000 4169.919669 28
429 4179.827000 4179.452461 41
430 4189.240000 4189.237733 23
431 4198.753000 4199.494524 21
432 4208.351000 4208.208154 36
433 4217.789000 4217.544871 25
434 4227.286000 4227.216131 21
435 4236.999000 4237.130184 19
436 4244.888000 4244.886598 20
437 4254.888000 4257.980885 11
438 4264.439000 4267.980885 0
439 4274.258000 4274.739868 30
440 4284.043000 4284.147223 23
441 4294.402000 4294.272066 28
442 4303.916000 4303.803586 39
443 4313.916000 4310.657742 19
444 4323.916000 4325.561648 15
445 4333.452000 4333.694722 23
446 4343.452000 4344.059203 23
447 4353.696000 4352.554830 16
448 4363.535000 4363.767434 21
449 4373.659000 4351.207920 8
450 4384.141000 4361.207920 0
451 4393.800000 4394.158584 21
452 4403.011000 4403.477429 20
453 4412.922000 4412.088699 22
454 4421.741000 4421.177078 27
455 4431.202000 4431.177078 0
456 4440.558000 4441.257084 34
457 4450.718000 4450.568419 35
458 4460.914000 4460.813530 18
459 4468.980000 4468.758160 21
460 4477.834000 4476.405813 16
461 4487.834000 4523.760043 16
462 4496.760000 4533.760043 0
463 4505.714000 4579.045136 11
464 4514.669000 4589.045136 0
465 4522.896000 4632.608307 9
466 4532.554000 4575.568297 8
467 4540.771000 4584.234046 16
468 4549.692000 4594.234046 0
469 4558.663000 4567.042950 13
470 4568.567000 4575.326333 20
471 4579.446000 4576.471252 16
472 4586.385000 4587.024950 28
473 4596.676000 4596.270987 18
474 4606.008000 4605.598199 20
475 4615.820000 4615.751106 8
476 4624.232000 4625.751106 0
477 4633.843000 4633.945668 28
478 4643.506000 4643.566662 41
479 4652.917000 4652.582647 20
480 4662.917000 4662.868608 32
481 4672.917000 4672.878458 27
