001 0.000000 -0.122040 91
002 10.000000 9.990544 36
003 20.000000 18.321591 27
004 28.072000 28.151885 22
005 38.058000 38.084266 28
006 48.059000 48.004670 37
007 58.056000 58.002424 22
008 68.056000 67.976714 42
009 78.056000 78.075989 44
010 88.056000 88.071456 52
011 98.056000 97.932780 59
012 108.056000 108.290457 71
013 118.056000 118.078925 56
014 128.056000 128.090511 72
015 138.056000 138.076902 67
016 148.056000 148.082288 69
017 158.056000 158.284682 86
018 168.056000 168.079412 59
019 178.056000 178.171730 61
020 188.056000 188.088160 79
021 198.056000 198.080197 76
022 208.056000 208.080669 72
023 218.056000 218.244938 74
024 228.056000 228.062550 37
025 238.056000 239.028154 37
026 248.056000 248.514262 26
027 258.311000 298.703517 20
028 268.392000 269.343479 13
029 278.457000 277.583592 29
030 288.680000 287.690293 21
031 299.265000 300.690793 27
032 309.265000 308.908728 21
033 319.460000 317.723794 8
034 329.886000 327.723794 0
035 331.489000 337.723794 0
036 341.050000 307.695156 10
037 352.269000 367.785330 21
038 362.269000 368.985356 14
039 372.483000 368.173604 11
040 382.483000 383.485389 29
041 392.844000 393.650316 23
042 403.556000 403.565224 27
043 414.326000 413.565224 0
044 424.449000 424.174014 29
045 434.768000 434.662598 26
046 444.768000 444.660928 9
047 452.651000 452.618879 13
048 462.775000 461.646839 11
049 472.194000 471.646839 0
050 482.194000 481.764710 15
051 491.877000 492.802159 27
052 501.624000 502.237793 26
053 511.427000 510.443779 23
054 520.978000 520.729196 23
055 530.978000 529.650149 8
056 541.619000 541.873097 10
057 550.842000 564.629456 10
058 560.228000 562.257822 16
059 569.286000 570.035574 15
060 578.659000 575.299550 19
061 588.915000 579.788913 9
062 598.555000 569.301347 10
063 608.681000 609.736885 18
064 619.259000 618.683915 29
065 628.721000 628.711459 22
066 638.369000 638.711459 0
067 647.991000 648.711459 0
068 657.851000 614.937251 9
069 666.916000 666.147703 26
070 675.899000 675.937240 23
071 685.573000 685.595620 31
072 695.248000 695.541753 25
073 705.586000 706.054509 27
074 715.395000 716.054509 0
075 725.261000 725.286331 31
076 734.717000 821.864740 12
077 745.217000 745.353438 15
078 755.217000 755.601814 30
079 764.858000 763.819885 15
080 774.506000 773.819885 0
081 785.429000 786.823307 13
082 796.513000 796.402322 37
083 806.746000 807.688532 17
084 816.819000 816.553791 26
085 826.819000 825.504392 37
086 836.249000 835.504392 0
087 846.163000 847.225981 23
088 856.163000 855.390927 11
089 864.873000 864.949887 12
090 873.220000 873.402732 29
091 883.027000 883.753108 15
092 892.860000 891.347766 12
093 902.860000 903.941376 20
094 912.210000 910.694141 21
095 921.433000 922.687487 9
096 931.433000 931.121541 32
097 940.742000 940.372979 18
098 949.547000 949.157821 22
099 958.617000 959.157821 0
100 968.324000 968.084625 20
101 977.329000 978.387837 32
102 987.329000 987.631476 28
103 997.595000 995.953239 17
104 1007.336000 1006.239272 13
105 1017.463000 1039.389356 10
106 1028.014000 1030.571981 13
107 1037.881000 1037.579950 19
108 1046.619000 1046.433577 25
109 1056.878000 1056.957250 18
110 1066.607000 1066.411086 14
111 1076.607000 1102.725618 9
112 1085.691000 1086.275393 13
113 1095.691000 1095.689780 43
114 1104.986000 1106.063489 24
115 1115.086000 1114.804803 27
116 1124.734000 1123.983492 26
117 1133.904000 1132.476669 15
118 1143.738000 1143.401714 35
119 1153.068000 1153.594196 21
120 1162.582000 1162.627862 17
121 1172.470000 1171.854147 17
122 1181.693000 1180.886854 19
123 1191.553000 1190.886854 0
124 1201.148000 1201.307634 26
125 1211.148000 1210.589127 12
126 1220.338000 1220.166625 18
127 1229.986000 1229.619406 14
128 1239.076000 1238.648695 29
129 1249.076000 1278.129005 10
130 1257.800000 1288.129005 0
131 1267.668000 1269.026758 10
132 1278.014000 1278.303328 25
133 1288.014000 1288.292165 13
134 1297.789000 1298.037455 26
135 1307.517000 1346.799356 10
136 1317.517000 1356.799356 0
137 1327.250000 1327.823108 23
138 1336.985000 1336.835382 37
139 1346.985000 1346.387479 25
140 1356.581000 1356.194051 18
141 1365.299000 1399.866499 8
142 1375.105000 1376.918351 14
143 1385.579000 1339.305534 8
144 1395.579000 1395.509907 30
145 1405.579000 1405.704324 27
146 1415.931000 1416.214622 19
147 1425.340000 1421.523302 10
148 1434.351000 1431.523302 0
149 1443.813000 1444.663554 15
150 1453.703000 1453.883339 27
151 1463.450000 1462.745884 8
152 1471.333000 1472.743618 9
153 1481.566000 1544.387911 8
154 1491.044000 1490.234714 33
155 1500.579000 1501.134369 11
156 1510.173000 1508.579275 10
157 1520.607000 1521.810008 14
158 1530.868000 1531.261134 11
159 1540.607000 1540.490236 8
160 1549.968000 1566.898345 10
161 1560.345000 1561.060717 20
162 1570.539000 1568.887591 17
163 1579.858000 1579.830279 27
164 1589.858000 1589.830279 0
165 1599.858000 1597.797515 9
166 1610.086000 1608.668236 9
167 1620.615000 1624.070944 14
168 1631.827000 1633.616557 12
169 1641.168000 1641.630400 24
170 1651.300000 1651.250122 13
171 1663.636000 1661.250122 0
172 1672.749000 1671.857526 28
173 1683.172000 1686.322980 17
174 1693.095000 1694.302547 23
175 1702.956000 1702.609809 30
176 1713.607000 1711.859950 17
177 1724.031000 1724.411921 17
178 1734.031000 1732.717697 16
179 1742.838000 1743.789964 18
180 1752.449000 1752.722144 14
181 1760.542000 1760.679643 11
182 1770.715000 1771.719907 15
183 1780.992000 1781.719907 0
184 1790.832000 1790.326463 19
185 1800.832000 1800.046545 19
186 1810.721000 1811.097942 27
187 1820.617000 1820.415623 27
188 1830.360000 1829.952530 32
189 1840.013000 1839.782014 29
190 1849.209000 1849.782014 0
191 1860.090000 1860.774272 15
192 1869.680000 1869.507959 12
193 1879.478000 1879.719731 21
194 1889.402000 1889.434393 33
195 1899.097000 1898.700559 23
196 1908.417000 1904.230490 11
197 1917.757000 1920.617012 23
198 1926.911000 1927.414345 33
199 1937.293000 1937.613342 16
200 1946.883000 1946.236562 17
201 1954.809000 1953.635819 16
202 1964.620000 1955.195593 10
203 1974.782000 1937.066527 9
204 1985.579000 1985.222287 28
205 1995.308000 1995.086656 19
206 2005.308000 2070.107622 9
207 2015.204000 2059.620182 9
208 2024.919000 2073.763893 8
209 2034.823000 2083.763893 0
210 2044.823000 2045.665818 25
211 2053.733000 2135.333540 12
212 2065.736000 2066.502311 23
213 2075.432000 2075.004756 23
214 2085.432000 2085.452389 27
215 2095.640000 2095.452389 0
216 2105.535000 2074.531879 10
217 2116.249000 2117.714330 13
218 2125.944000 2126.298310 29
219 2135.944000 2136.401585 19
220 2146.477000 2145.784955 23
221 2156.339000 2157.389758 19
222 2166.172000 2166.952885 26
223 2176.248000 2176.081679 13
224 2185.589000 2183.277143 13
225 2195.326000 2195.400505 25
226 2205.520000 2204.717689 21
227 2217.024000 2217.770341 26
228 2227.821000 2227.717909 19
229 2237.286000 2237.051369 32
230 2246.071000 2247.642019 8
231 2256.071000 2254.236801 19
232 2265.092000 2264.130631 15
233 2275.092000 2275.990481 13
234 2284.908000 2284.886188 30
235 2294.908000 2295.654999 30
236 2304.609000 2304.338865 29
237 2314.609000 2311.671432 10
238 2324.304000 2323.960174 18
239 2334.304000 2333.960174 0
240 2344.486000 2344.876177 16
241 2353.057000 2356.558623 13
242 2362.985000 2362.719557 10
243 2372.520000 2372.220753 29
244 2381.683000 2379.460908 13
245 2392.797000 2389.460908 0
246 2402.524000 2402.439391 27
247 2412.524000 2412.532212 37
248 2422.603000 2422.462566 31
249 2432.623000 2432.129400 25
250 2442.623000 2441.969984 28
251 2451.774000 2451.187454 30
252 2461.676000 2417.583491 10
253 2470.754000 2472.633713 15
254 2481.214000 2481.171206 35
255 2491.098000 2559.326790 11
256 2500.447000 2499.953615 18
257 2509.765000 2509.066435 27
258 2518.890000 2521.037294 11
259 2529.280000 2529.287642 12
260 2538.944000 2539.299856 30
261 2548.529000 2548.925440 34
262 2558.036000 2557.084948 19
263 2567.093000 2567.062499 10
264 2575.836000 2577.062499 0
265 2585.931000 2586.192476 27
266 2595.244000 2595.284439 20
267 2605.244000 2605.476054 25
268 2615.042000 2614.768225 31
269 2624.843000 2624.100730 15
270 2635.057000 2611.649924 8
271 2645.270000 2646.329871 30
272 2654.752000 2656.329871 0
273 2664.938000 2665.558089 13
274 2674.439000 2673.983302 12
275 2684.201000 2684.938715 12
276 2693.355000 2694.938715 0
277 2703.021000 2703.241318 19
278 2712.409000 2712.676785 16
279 2722.955000 2724.089450 26
280 2733.351000 2732.785821 34
281 2743.508000 2743.404271 20
282 2753.438000 2753.404271 0
283 2763.906000 2764.486365 11
284 2774.276000 2773.942962 22
285 2783.156000 2783.458528 24
286 2792.350000 2790.797442 15
287 2802.543000 2802.143366 11
288 2812.446000 2812.143366 0
289 2821.794000 2824.227907 13
290 2830.771000 2834.227907 0
291 2841.083000 2843.356122 9
292 2851.257000 2850.173805 12
293 2861.257000 2859.418205 11
294 2871.591000 2869.418205 0
295 2880.480000 2879.418205 0
296 2890.480000 2890.310688 16
297 2900.383000 2900.464185 28
298 2910.232000 2910.892441 15
299 2920.525000 2919.663804 12
300 2930.148000 2930.149921 34
301 2939.843000 2939.714257 22
302 2949.985000 2950.138297 19
303 2959.411000 2959.537204 19
304 2969.411000 2968.312954 22
305 2979.660000 2979.231213 29
306 2989.373000 2989.231213 0
307 2999.373000 2999.778812 10
308 3009.156000 3009.778812 0
309 3018.995000 3020.663412 24
310 3028.707000 3028.717640 19
311 3038.277000 3037.857057 9
312 3046.041000 3045.407238 14
313 3054.913000 3055.407238 0
314 3064.767000 3065.407238 0
315 3074.767000 3074.693445 21
316 3084.516000 3084.559234 15
317 3092.780000 3092.841066 20
318 3102.278000 3102.174682 21
319 3113.010000 3110.952497 24
320 3122.474000 3081.961957 12
321 3132.329000 3131.717067 24
322 3140.879000 3140.302183 26
323 3150.790000 3150.459325 18
324 3160.555000 3159.602097 19
325 3169.624000 3169.602097 0
326 3177.834000 3179.602097 0
327 3187.548000 3186.400613 22
328 3198.656000 3198.760477 14
329 3208.441000 3207.899901 16
330 3217.491000 3217.628632 19
331 3228.026000 3270.094193 13
332 3238.294000 3280.094193 0
333 3248.222000 3290.094193 0
334 3258.222000 3257.645733 31
335 3267.432000 3266.851911 18
336 3277.002000 3276.141636 22
337 3287.002000 3286.801595 11
338 3297.002000 3296.801595 0
339 3307.002000 3308.604692 23
340 3316.855000 3318.604692 0
341 3326.855000 3327.945074 22
342 3335.816000 3334.545971 14
343 3346.780000 3346.081510 18
344 3357.496000 3357.827670 18
345 3367.780000 3368.161044 36
346 3377.690000 3378.161044 0
347 3387.331000 3387.610235 15
348 3397.331000 3397.366927 23
349 3403.895000 3404.242648 16
350 3413.895000 3414.242648 0
351 3423.625000 3423.912289 18
352 3434.501000 3434.722337 10
353 3444.227000 3444.558754 24
354 3454.999000 3454.818834 16
355 3464.135000 3464.561206 35
356 3474.135000 3474.561206 0
357 3484.135000 3484.212344 19
358 3493.815000 3494.098975 27
359 3503.474000 3503.196308 25
360 3513.133000 3512.764810 28
361 3522.614000 3521.899985 25
362 3532.614000 3529.779718 16
363 3540.698000 3540.477655 18
364 3549.319000 3550.477655 0
365 3560.035000 3563.320775 8
366 3570.427000 3570.545469 17
367 3579.853000 3579.468945 23
368 3588.868000 3587.806526 18
369 3597.758000 3598.309807 21
370 3608.598000 3611.132851 8
371 3619.205000 3688.782848 14
372 3630.495000 3688.240044 20
373 3639.841000 3686.720140 9
374 3650.150000 3753.626613 8
375 3658.773000 3661.443061 11
376 3669.988000 3665.190163 9
377 3675.443000 3676.332949 11
378 3686.082000 3686.718288 34
379 3696.082000 3696.718288 0
380 3707.480000 3709.746296 24
381 3717.480000 3720.861181 33
382 3727.480000 3721.092095 14
383 3737.086000 3799.438439 10
384 3746.943000 3755.482716 10
385 3756.241000 3757.141436 26
386 3766.400000 3765.956080 19
387 3776.400000 3759.660765 15
388 3786.400000 3758.684185 14
389 3795.665000 3794.987999 20
390 3803.874000 3801.727038 21
391 3813.588000 3813.860057 30
392 3823.819000 3823.013837 17
393 3833.460000 3833.013837 0
394 3842.278000 3842.858471 30
395 3852.672000 3852.275557 20
396 3863.100000 3864.189004 16
397 3873.868000 3874.006684 17
398 3883.688000 3883.205025 17
399 3892.560000 3890.705870 16
400 3903.079000 3902.857166 29
401 3913.113000 3914.163954 9
402 3922.683000 3922.591554 29
403 3932.467000 3932.179033 21
404 3942.324000 3939.978556 9
405 3950.945000 3951.026513 11
406 3960.478000 3962.704497 24
407 3970.818000 3971.151603 12
408 3980.709000 3980.747971 8
409 3987.524000 3988.088827 23
410 3997.721000 3998.111279 32
411 4007.827000 4006.482991 16
412 4017.827000 4022.162286 8
413 4027.055000 4026.992171 23
414 4036.481000 4036.792276 27
415 4046.481000 4046.297496 15
416 4055.175000 4055.030522 20
417 4064.458000 4065.030522 0
418 4073.867000 4075.030522 0
419 4082.614000 4085.030522 0
420 4093.775000 4096.757146 8
421 4102.647000 4102.407535 26
422 4111.877000 4111.150605 22
423 4121.715000 4121.725550 26
424 4130.747000 4153.440211 8
425 4140.193000 4140.280141 24
426 4150.031000 4150.452609 15
427 4159.457000 4160.156539 14
428 4170.041000 4169.715256 32
429 4179.827000 4179.542986 34
430 4189.240000 4189.157565 24
431 4198.753000 4199.490082 22
432 4208.351000 4208.528688 33
433 4217.789000 4217.740775 24
434 4227.286000 4227.430733 21
435 4236.999000 4237.082467 22
436 4244.888000 4294.036409 13
437 4254.888000 4253.028882 21
438 4264.439000 4263.028882 0
439 4274.258000 4273.998306 25
440 4284.043000 4284.284991 18
441 4294.402000 4293.790064 21
442 4303.916000 4303.756878 38
443 4313.916000 4300.923810 8
444 4323.916000 4325.416446 17
445 4333.452000 4334.067474 28
446 4343.452000 4343.882759 25
447 4353.696000 4352.381186 19
448 4363.535000 4363.711662 27
449 4373.659000 4353.881606 8
450 4384.141000 4387.595495 8
451 4393.800000 4393.882018 19
452 4403.011000 4403.381573 18
453 4412.922000 4412.121905 24
454 4421.741000 4421.035097 29
455 4431.202000 4473.667985 10
456 4440.558000 4441.249759 33
457 4450.718000 4450.844394 30
458 4460.914000 4461.594292 21
459 4468.980000 4468.852710 22
460 4477.834000 4476.364189 14
461 4487.834000 4486.170506 15
462 4496.760000 4496.170506 0
463 4505.714000 4522.664688 8
464 4514.669000 4532.664688 0
465 4522.896000 4523.035271 11
466 4532.554000 4531.836239 13
467 4540.771000 4540.540107 19
468 4549.692000 4549.716580 28
469 4558.663000 4566.562699 9
470 4568.567000 4575.378293 24
471 4579.446000 4577.409674 16
472 4586.385000 4587.034002 29
473 4596.676000 4597.096175 21
474 4606.008000 4606.335139 30
475 4615.820000 4576.113512 11
476 4624.232000 4579.762178 9
477 4633.843000 4633.726287 29
478 4643.506000 4644.489231 35
479 4652.917000 4652.340242 20
480 4662.917000 4662.860922 31
481 4672.917000 4672.801779 29
