001 0.000000 -0.089958 86
002 10.000000 9.953210 36
003 20.000000 18.528751 28
004 28.072000 28.148264 23
005 38.058000 38.084533 26
006 48.059000 48.044466 38
007 58.056000 57.947795 21
008 68.056000 67.970698 40
009 78.056000 78.074127 49
010 88.056000 88.074659 50
011 98.056000 98.095623 69
012 108.056000 108.088137 68
013 118.056000 118.078836 57
014 128.056000 128.211524 74
015 138.056000 138.075485 68
016 148.056000 148.083328 65
017 158.056000 158.229477 85
018 168.056000 168.083004 58
019 178.056000 178.238872 63
020 188.056000 188.089167 76
021 198.056000 198.087925 78
022 208.056000 208.056558 73
023 218.056000 218.147197 74
024 228.056000 227.654462 39
025 238.056000 239.248924 40
026 248.056000 248.521307 27
027 258.311000 260.368549 17
028 268.392000 268.232756 12
029 278.457000 277.994820 27
030 288.680000 282.286019 9
031 299.265000 299.726616 28
032 309.265000 309.554851 24
033 319.460000 317.111200 13
034 329.886000 327.111200 0
035 331.489000 337.111200 0
036 341.050000 347.111200 0
037 352.269000 366.605688 17
038 362.269000 368.985356 14
039 372.483000 378.985356 0
040 382.483000 383.458280 29
041 392.844000 393.228952 32
042 403.556000 404.337211 38
043 414.326000 414.337211 0
044 424.449000 424.283736 23
045 434.768000 434.071154 28
046 444.768000 444.039675 9
047 452.651000 452.275910 17
048 462.775000 461.166312 8
049 472.194000 505.742042 9
050 482.194000 482.467774 18
051 491.877000 493.581718 31
052 501.624000 502.344493 27
053 511.427000 510.384301 24
054 520.978000 520.392804 20
055 530.978000 530.392804 0
056 541.619000 540.392804 0
057 550.842000 563.901656 11
058 560.228000 562.352667 16
059 569.286000 569.906222 17
060 578.659000 577.026622 20
061 588.915000 626.968965 8
062 598.555000 569.972741 10
063 608.681000 608.915229 16
064 619.259000 618.886744 41
065 628.721000 627.628984 21
066 638.369000 638.184700 17
067 647.991000 648.184700 0
068 657.851000 614.820045 10
069 666.916000 666.449343 25
070 675.899000 676.145726 21
071 685.573000 685.673969 31
072 695.248000 695.456245 23
073 705.586000 705.881260 20
074 715.395000 715.881260 0
075 725.261000 724.993974 34
076 734.717000 822.132537 13
077 745.217000 745.185680 16
078 755.217000 754.952183 30
079 764.858000 762.438007 14
080 774.506000 772.438007 0
081 785.429000 786.896909 12
082 796.513000 796.665035 30
083 806.746000 806.861364 14
084 816.819000 816.629477 19
085 826.819000 826.208866 31
086 836.249000 836.208866 0
087 846.163000 847.306446 21
088 856.163000 856.011485 11
089 864.873000 864.824636 12
090 873.220000 873.249874 24
091 883.027000 883.391066 14
092 892.860000 893.391066 0
093 902.860000 904.138049 20
094 912.210000 912.105780 21
095 921.433000 922.910749 9
096 931.433000 931.093707 30
097 940.742000 940.564868 18
098 949.547000 947.782722 16
099 958.617000 957.782722 0
100 968.324000 967.716029 16
101 977.329000 978.414811 29
102 987.329000 987.495705 32
103 997.595000 997.141352 19
104 1007.336000 1007.315534 16
105 1017.463000 1017.315534 0
106 1028.014000 1030.857862 13
107 1037.881000 1037.413651 13
108 1046.619000 1047.057250 30
109 1056.878000 1056.763315 23
110 1066.607000 1065.801669 20
111 1076.607000 1075.801669 0
112 1085.691000 1087.519586 15
113 1095.691000 1096.093925 39
114 1104.986000 1106.068375 30
115 1115.086000 1114.152009 28
116 1124.734000 1123.717367 26
117 1133.904000 1133.717367 0
118 1143.738000 1143.472008 37
119 1153.068000 1153.175037 16
120 1162.582000 1163.029961 16
121 1172.470000 1171.967265 19
122 1181.693000 1181.430200 16
123 1191.553000 1159.775090 8
124 1201.148000 1201.445720 23
125 1211.148000 1210.534905 11
126 1220.338000 1220.062021 17
127 1229.986000 1229.943622 12
128 1239.076000 1237.899452 21
129 1249.076000 1277.492147 10
130 1257.800000 1232.925080 8
131 1267.668000 1268.825959 11
132 1278.014000 1277.632558 19
133 1288.014000 1287.160581 14
134 1297.789000 1297.667764 21
135 1307.517000 1307.667764 0
136 1317.517000 1322.650182 9
137 1327.250000 1328.033826 23
138 1336.985000 1337.145867 45
139 1346.985000 1345.751796 24
140 1356.581000 1356.649427 13
141 1365.299000 1348.015216 8
142 1375.105000 1341.031706 12
143 1385.579000 1339.901349 8
144 1395.579000 1395.517336 26
145 1405.579000 1405.899610 29
146 1415.931000 1416.300493 18
147 1425.340000 1422.952060 10
148 1434.351000 1432.952060 0
149 1443.813000 1445.592899 15
150 1453.703000 1453.531426 28
151 1463.450000 1461.698466 10
152 1471.333000 1471.698466 0
153 1481.566000 1481.698466 0
154 1491.044000 1490.462552 31
155 1500.579000 1502.153118 13
156 1510.173000 1509.364779 10
157 1520.607000 1522.160792 15
158 1530.868000 1531.130470 13
159 1540.607000 1540.494379 8
160 1549.968000 1550.494379 0
161 1560.345000 1560.802556 18
162 1570.539000 1570.732103 16
163 1579.858000 1579.160817 21
164 1589.858000 1589.160817 0
165 1599.858000 1597.926843 8
166 1610.086000 1610.049446 18
167 1620.615000 1622.674727 29
168 1631.827000 1632.636667 12
169 1641.168000 1640.870399 27
170 1651.300000 1651.240868 13
171 1663.636000 1661.240868 0
172 1672.749000 1672.391013 27
173 1683.172000 1686.397585 8
174 1693.095000 1694.464807 23
175 1702.956000 1702.617963 29
176 1713.607000 1710.897161 18
177 1724.031000 1724.487785 14
178 1734.031000 1732.514179 12
179 1742.838000 1743.553332 23
180 1752.449000 1754.249832 14
181 1760.542000 1762.555389 11
182 1770.715000 1770.881123 17
183 1780.992000 1766.563456 8
184 1790.832000 1789.883589 21
185 1800.832000 1800.267817 14
186 1810.721000 1811.027857 28
187 1820.617000 1820.490307 27
188 1830.360000 1830.240422 29
189 1840.013000 1839.527836 32
190 1849.209000 1849.527836 0
191 1860.090000 1861.328224 12
192 1869.680000 1869.730233 13
193 1879.478000 1879.869274 23
194 1889.402000 1889.526333 31
195 1899.097000 1898.324988 21
196 1908.417000 1906.167167 15
197 1917.757000 1920.110402 21
198 1926.911000 1927.248654 30
199 1937.293000 1937.530688 21
200 1946.883000 1945.353012 13
201 1954.809000 1954.543733 13
202 1964.620000 1951.846837 10
203 1974.782000 1937.433702 9
204 1985.579000 1986.088916 26
205 1995.308000 1995.383171 25
206 2005.308000 2004.961426 9
207 2015.204000 2014.961426 0
208 2024.919000 2023.645524 23
209 2034.823000 2033.645524 0
210 2044.823000 2045.761896 29
211 2053.733000 2135.740675 10
212 2065.736000 2065.252040 24
213 2075.432000 2075.056556 29
214 2085.432000 2085.551261 27
215 2095.640000 2095.551261 0
216 2105.535000 2077.948656 10
217 2116.249000 2087.948656 0
218 2125.944000 2126.056206 24
219 2135.944000 2136.421908 20
220 2146.477000 2146.291782 20
221 2156.339000 2157.088855 22
222 2166.172000 2166.936557 31
223 2176.248000 2176.924417 12
224 2185.589000 2181.857720 11
225 2195.326000 2195.242834 25
226 2205.520000 2204.794723 31
227 2217.024000 2217.821612 23
228 2227.821000 2228.019448 19
229 2237.286000 2237.402893 32
230 2246.071000 2245.291904 10
231 2256.071000 2255.366290 8
232 2265.092000 2262.666138 14
233 2275.092000 2272.666138 0
234 2284.908000 2284.863560 19
235 2294.908000 2295.626813 28
236 2304.609000 2304.908953 27
237 2314.609000 2314.908953 0
238 2324.304000 2324.297051 21
239 2334.304000 2334.297051 0
240 2344.486000 2344.959940 21
241 2353.057000 2356.592653 11
242 2362.985000 2362.567546 13
243 2372.520000 2372.246078 31
244 2381.683000 2379.514823 15
245 2392.797000 2389.514823 0
246 2402.524000 2402.687724 29
247 2412.524000 2412.793032 34
248 2422.603000 2422.493783 31
249 2432.623000 2432.001966 25
250 2442.623000 2441.732710 27
251 2451.774000 2450.145472 24
252 2461.676000 2460.145472 0
253 2470.754000 2472.126453 14
254 2481.214000 2480.461976 38
255 2491.098000 2490.733398 11
256 2500.447000 2499.919156 15
257 2509.765000 2509.624706 28
258 2518.890000 2522.139139 12
259 2529.280000 2529.714107 14
260 2538.944000 2539.259394 34
261 2548.529000 2549.545530 29
262 2558.036000 2557.006570 18
263 2567.093000 2567.008002 12
264 2575.836000 2559.022003 9
265 2585.931000 2586.076056 24
266 2595.244000 2595.601015 18
267 2605.244000 2605.518729 23
268 2615.042000 2614.686129 24
269 2624.843000 2624.077166 12
270 2635.057000 2634.077166 0
271 2645.270000 2645.859018 25
272 2654.752000 2655.859018 0
273 2664.938000 2664.409658 19
274 2674.439000 2674.225189 14
275 2684.201000 2685.039053 11
276 2693.355000 2695.824311 20
277 2703.021000 2703.810248 16
278 2712.409000 2712.389391 19
279 2722.955000 2723.921827 24
280 2733.351000 2733.104892 31
281 2743.508000 2743.318591 19
282 2753.438000 2753.318591 0
283 2763.906000 2764.626370 10
284 2774.276000 2774.357247 18
285 2783.156000 2783.497705 23
286 2792.350000 2791.972362 10
287 2802.543000 2800.564163 9
288 2812.446000 2810.564163 0
289 2821.794000 2824.164121 13
290 2830.771000 2829.138804 11
291 2841.083000 2842.290486 10
292 2851.257000 2849.343592 10
293 2861.257000 2859.343592 0
294 2871.591000 2869.343592 0
295 2880.480000 2881.810177 15
296 2890.480000 2890.308256 19
297 2900.383000 2900.716913 27
298 2910.232000 2907.514297 16
299 2920.525000 2920.478439 19
300 2930.148000 2930.258132 32
301 2939.843000 2940.239314 17
302 2949.985000 2950.143682 15
303 2959.411000 2959.491965 19
304 2969.411000 2968.218355 20
305 2979.660000 2979.269935 25
306 2989.373000 2977.555876 9
307 2999.373000 2973.635186 10
308 3009.156000 2960.805490 8
309 3018.995000 3020.638723 29
310 3028.707000 3028.376648 19
311 3038.277000 3038.376648 0
312 3046.041000 3046.012364 21
313 3054.913000 3056.012364 0
314 3064.767000 3065.186141 20
315 3074.767000 3075.333021 24
316 3084.516000 3084.262319 18
317 3092.780000 3092.607388 23
318 3102.278000 3101.521241 21
319 3113.010000 3110.232477 24
320 3122.474000 3082.372058 11
321 3132.329000 3131.818476 28
322 3140.879000 3139.822759 29
323 3150.790000 3150.416888 16
324 3160.555000 3158.907572 22
325 3169.624000 3168.907572 0
326 3177.834000 3178.907572 0
327 3187.548000 3188.451573 17
328 3198.656000 3199.288901 23
329 3208.441000 3208.195804 20
330 3217.491000 3218.131189 25
331 3228.026000 3225.610709 13
332 3238.294000 3235.610709 0
333 3248.222000 3245.610709 0
334 3258.222000 3257.654015 33
335 3267.432000 3266.939415 22
336 3277.002000 3276.249807 28
337 3287.002000 3286.830520 11
338 3297.002000 3296.830520 0
339 3307.002000 3308.754646 25
340 3316.855000 3318.754646 0
341 3326.855000 3328.174184 19
342 3335.816000 3335.364899 14
343 3346.780000 3345.870296 15
344 3357.496000 3357.969967 18
345 3367.780000 3367.748113 30
346 3377.690000 3377.559404 10
347 3387.331000 3387.584926 12
348 3397.331000 3397.226485 23
349 3403.895000 3404.677212 21
350 3413.895000 3414.677212 0
351 3423.625000 3423.765416 17
352 3434.501000 3434.891508 9
353 3444.227000 3444.611246 22
354 3454.999000 3455.023014 18
355 3464.135000 3464.682622 27
356 3474.135000 3474.682622 0
357 3484.135000 3484.421362 19
358 3493.815000 3494.093791 28
359 3503.474000 3503.308322 25
360 3513.133000 3512.828326 26
361 3522.614000 3521.952485 27
362 3532.614000 3531.952485 0
363 3540.698000 3540.773143 10
364 3549.319000 3549.046399 11
365 3560.035000 3559.046399 0
366 3570.427000 3570.504181 16
367 3579.853000 3578.893767 23
368 3588.868000 3630.687531 10
369 3597.758000 3598.070039 18
370 3608.598000 3613.656370 9
371 3619.205000 3688.765173 15
372 3630.495000 3630.202029 23
373 3639.841000 3639.488136 25
374 3650.150000 3649.488136 0
375 3658.773000 3662.173551 11
376 3669.988000 3665.620276 10
377 3675.443000 3675.620276 0
378 3686.082000 3686.106188 30
379 3696.082000 3696.106188 0
380 3707.480000 3719.456071 27
381 3717.480000 3720.831531 32
382 3727.480000 3721.818554 16
383 3737.086000 3737.980372 10
384 3746.943000 3753.891851 12
385 3756.241000 3757.355174 28
386 3766.400000 3766.415022 18
387 3776.400000 3760.285012 12
388 3786.400000 3755.860195 14
389 3795.665000 3794.596545 18
390 3803.874000 3800.636384 23
391 3813.588000 3814.085440 34
392 3823.819000 3823.675410 15
393 3833.460000 3833.675410 0
394 3842.278000 3842.564411 21
395 3852.672000 3852.244199 21
396 3863.100000 3864.388052 12
397 3873.868000 3875.440565 18
398 3883.688000 3882.434028 15
399 3892.560000 3890.667464 21
400 3903.079000 3902.844839 28
401 3913.113000 3913.929970 13
402 3922.683000 3922.156082 29
403 3932.467000 3932.239893 23
404 3942.324000 3940.178300 8
405 3950.945000 3950.178300 0
406 3960.478000 3962.495111 17
407 3970.818000 3971.149905 12
408 3980.709000 3981.149905 0
409 3987.524000 3988.438156 19
410 3997.721000 3998.029703 31
411 4007.827000 4006.482080 16
412 4017.827000 4023.169910 9
413 4027.055000 4027.214950 20
414 4036.481000 4103.950712 11
415 4046.481000 4046.276029 14
416 4055.175000 4055.709856 19
417 4064.458000 4064.460699 11
418 4073.867000 4074.460699 0
419 4082.614000 4084.460699 0
420 4093.775000 4094.460699 0
421 4102.647000 4103.365408 24
422 4111.877000 4112.147283 26
423 4121.715000 4121.651411 31
424 4130.747000 4152.973266 11
425 4140.193000 4140.325358 27
426 4150.031000 4150.375680 16
427 4159.457000 4160.065636 16
428 4170.041000 4169.825467 28
429 4179.827000 4179.636267 38
430 4189.240000 4189.278435 24
431 4198.753000 4200.005179 17
432 4208.351000 4208.434078 34
433 4217.789000 4217.627778 20
434 4227.286000 4227.541709 19
435 4236.999000 4236.815380 23
436 4244.888000 4244.333773 12
437 4254.888000 4267.596298 9
438 4264.439000 4277.596298 0
439 4274.258000 4275.221662 29
440 4284.043000 4284.246192 24
441 4294.402000 4293.976969 27
442 4303.916000 4303.699031 41
443 4313.916000 4311.240194 17
444 4323.916000 4325.582504 15
445 4333.452000 4333.638868 26
446 4343.452000 4344.007066 26
447 4353.696000 4352.392578 18
448 4363.535000 4363.776716 21
449 4373.659000 4353.632395 8
450 4384.141000 4386.460296 17
451 4393.800000 4398.062920 10
452 4403.011000 4403.246317 19
453 4412.922000 4412.434590 19
454 4421.741000 4419.764566 27
455 4431.202000 4473.544069 11
456 4440.558000 4441.511126 36
457 4450.718000 4450.702947 28
458 4460.914000 4460.710216 18
459 4468.980000 4469.209645 22
460 4477.834000 4476.866052 9
461 4487.834000 4523.482707 16
462 4496.760000 4471.602082 9
463 4505.714000 4481.602082 0
464 4514.669000 4445.336159 11
465 4522.896000 4523.635969 10
466 4532.554000 4532.006540 16
467 4540.771000 4541.670956 23
468 4549.692000 4550.038769 29
469 4558.663000 4565.967129 9
470 4568.567000 4574.614078 23
471 4579.446000 4577.035279 19
472 4586.385000 4587.333170 34
473 4596.676000 4597.080195 17
474 4606.008000 4606.601658 31
475 4615.820000 4616.601658 0
476 4624.232000 4626.052694 8
477 4633.843000 4633.769970 29
478 4643.506000 4644.204260 34
479 4652.917000 4652.320017 18
480 4662.917000 4662.858588 29
481 4672.917000 4672.577476 30
