001 0.000000 0.008399 46
002 10.000000 10.098316 28
003 20.000000 21.548658 11
004 30.000000 31.548658 0
005 39.500000 39.458968 13
006 49.500000 49.439649 29
007 59.500000 59.491509 17
008 69.500000 69.469483 19
009 79.500000 79.454149 25
010 89.500000 89.480376 28
011 99.500000 99.474706 33
012 109.500000 109.474486 38
013 119.495000 119.469889 33
014 129.495000 129.372304 45
015 139.495000 139.468602 41
016 149.495000 149.523870 38
017 159.495000 159.421884 53
018 169.495000 169.466292 39
019 179.496000 179.506540 47
020 189.496000 189.448342 45
021 199.496000 199.455948 52
022 209.496000 209.458932 33
023 219.496000 219.392673 38
024 229.496000 229.478588 25
025 239.496000 241.039800 11
026 249.496000 250.588586 15
027 257.833000 257.632530 20
028 268.070000 267.632530 0
029 278.273000 278.131986 18
030 288.681000 288.526361 10
031 299.870000 299.661943 22
032 309.155000 309.320770 13
033 319.459000 319.320770 0
034 327.623000 329.320770 0
035 333.710000 339.320770 0
036 343.710000 349.320770 0
037 353.913000 359.320770 0
038 362.483000 371.095881 8
039 374.999000 381.095881 0
040 385.304000 385.180985 15
041 395.507000 395.180985 0
042 405.814000 406.193657 27
043 416.151000 416.193657 0
044 426.151000 426.193657 0
045 436.526000 437.046583 8
046 446.591000 447.046583 0
047 454.821000 454.152034 8
048 464.821000 464.152034 0
049 473.425000 473.565493 8
050 483.288000 483.309442 11
051 493.185000 493.090947 17
052 502.674000 502.896633 18
053 512.129000 512.162017 11
054 521.822000 522.162017 0
055 532.195000 532.162017 0
056 540.665000 542.162017 0
057 550.665000 552.162017 0
058 560.936000 562.162017 0
059 570.219000 570.524116 9
060 580.219000 579.700450 12
061 590.965000 589.700450 0
062 600.454000 600.802915 8
063 610.340000 609.383773 12
064 620.425000 620.744438 25
065 630.553000 630.636566 11
066 641.140000 640.636566 0
067 650.220000 650.636566 0
068 660.064000 660.164011 21
069 670.064000 669.615471 8
070 679.938000 679.694240 18
071 689.580000 689.470991 28
072 699.835000 699.776761 10
073 709.835000 709.706726 16
074 719.292000 719.706726 0
075 729.031000 729.484973 9
076 738.875000 738.924507 10
077 748.746000 748.787934 8
078 758.152000 758.101841 28
079 767.529000 768.101841 0
080 777.609000 778.101841 0
081 787.844000 788.101841 0
082 798.130000 798.605070 18
083 808.001000 807.604741 14
084 818.288000 818.317193 17
085 828.471000 828.342105 15
086 837.900000 838.342105 0
087 848.134000 848.342105 0
088 857.721000 858.342105 0
089 866.734000 868.342105 0
090 875.852000 875.922668 21
091 885.852000 886.167863 14
092 894.867000 896.167863 0
093 904.998000 904.994026 11
094 914.582000 914.461829 15
095 924.168000 924.461829 0
096 934.168000 933.852992 14
097 943.521000 943.743924 8
098 952.743000 952.547770 10
099 962.718000 962.615878 12
100 972.147000 972.615878 0
101 982.147000 982.190119 21
102 991.915000 992.087407 22
103 1002.124000 1001.861117 12
104 1012.593000 1011.861117 0
105 1022.696000 1022.806808 17
106 1032.179000 1032.686918 13
107 1041.271000 1041.640665 12
108 1051.090000 1051.035383 15
109 1061.324000 1061.035383 0
110 1071.092000 1071.204185 13
111 1081.067000 1081.204185 0
112 1090.341000 1090.567673 9
113 1100.264000 1100.360285 10
114 1110.601000 1109.753893 15
115 1120.188000 1120.347900 18
116 1129.695000 1129.215772 14
117 1139.543000 1139.215772 0
118 1148.939000 1148.990634 17
119 1159.306000 1159.332530 9
120 1168.955000 1169.158225 10
121 1178.580000 1179.158225 0
122 1188.580000 1189.158225 0
123 1198.222000 1198.383048 15
124 1208.379000 1208.551964 15
125 1218.491000 1218.551964 0
126 1228.491000 1228.429055 13
127 1237.938000 1237.941633 14
128 1248.097000 1247.941633 0
129 1257.411000 1257.941633 0
130 1267.338000 1266.933950 10
131 1277.474000 1277.464268 14
132 1287.371000 1287.127639 13
133 1295.957000 1297.127639 0
134 1306.140000 1307.127639 0
135 1316.557000 1317.127639 0
136 1325.905000 1326.673646 8
137 1336.205000 1336.526396 19
138 1346.205000 1346.590436 16
139 1355.472000 1355.424193 23
140 1365.786000 1365.424193 0
141 1375.106000 1375.424193 0
142 1384.732000 1384.845610 10
143 1394.373000 1394.351478 19
144 1403.969000 1404.114021 21
145 1413.772000 1412.770722 11
146 1423.807000 1422.770722 0
147 1432.759000 1432.556047 10
148 1442.185000 1442.200477 17
149 1452.185000 1452.061516 16
150 1461.552000 1461.644694 8
151 1469.403000 1469.160054 9
152 1481.218000 1481.936874 13
153 1491.130000 1491.397378 12
154 1501.296000 1501.357521 8
155 1511.430000 1510.974969 14
156 1521.754000 1521.652201 12
157 1531.842000 1531.652201 0
158 1540.884000 1541.652201 0
159 1551.794000 1551.652201 0
160 1561.076000 1561.231586 20
161 1570.996000 1571.195039 11
162 1580.996000 1580.999845 11
163 1590.875000 1590.999845 0
164 1600.220000 1600.999845 0
165 1609.660000 1610.999845 0
166 1616.952000 1620.999845 0
167 1627.628000 1640.379192 8
168 1638.073000 1638.345184 17
169 1647.976000 1648.019008 12
170 1659.699000 1658.019008 0
171 1669.718000 1669.591935 20
172 1680.298000 1680.300453 23
173 1690.007000 1689.768912 12
174 1700.007000 1700.230566 19
175 1710.047000 1710.108342 23
176 1719.833000 1719.805648 10
177 1729.931000 1729.693757 12
178 1740.105000 1739.693757 0
179 1750.008000 1749.693757 0
180 1759.659000 1759.590609 15
181 1768.983000 1769.590609 0
182 1778.325000 1778.172105 8
183 1786.836000 1788.172105 0
184 1796.991000 1798.172105 0
185 1806.991000 1806.576932 13
186 1817.339000 1816.576932 0
187 1826.856000 1826.969626 40
188 1836.740000 1837.701186 11
189 1847.455000 1847.701186 0
190 1858.635000 1857.701186 0
191 1868.326000 1867.701186 0
192 1878.248000 1877.701186 0
193 1887.920000 1887.862111 22
194 1897.340000 1897.113915 19
195 1905.560000 1906.504912 10
196 1915.773000 1915.238410 15
197 1925.308000 1925.752397 13
198 1935.308000 1935.752397 0
199 1945.308000 1945.873469 10
200 1955.077000 1955.873469 0
201 1964.709000 1965.873469 0
202 1974.265000 1973.811615 10
203 1984.091000 1984.403226 16
204 1994.419000 1994.403226 0
205 2003.917000 2003.416229 14
206 2014.342000 2013.416229 0
207 2024.342000 2024.489168 15
208 2034.748000 2034.489168 0
209 2044.497000 2044.671482 16
210 2052.930000 2054.671482 0
211 2063.510000 2064.671482 0
212 2073.510000 2073.146404 15
213 2083.181000 2083.063459 21
214 2092.775000 2092.379908 8
215 2102.699000 2103.221559 11
216 2113.085000 2113.221559 0
217 2122.582000 2122.633292 10
218 2132.582000 2132.617364 12
219 2142.621000 2142.617364 0
220 2152.621000 2152.617364 0
221 2162.408000 2163.613395 8
222 2171.964000 2171.792721 18
223 2181.132000 2180.945509 9
224 2192.079000 2193.209175 9
225 2201.906000 2201.609805 17
226 2212.564000 2211.609805 0
227 2222.486000 2222.681282 19
228 2231.635000 2231.700523 9
229 2240.552000 2240.273577 11
230 2248.869000 2250.273577 0
231 2259.720000 2260.273577 0
232 2269.584000 2270.273577 0
233 2279.663000 2279.566903 9
234 2289.295000 2289.612644 16
235 2299.140000 2299.119719 19
236 2308.309000 2308.320112 18
237 2318.309000 2318.320112 0
238 2328.433000 2328.216397 14
239 2338.700000 2339.150199 14
240 2348.841000 2349.150199 0
241 2357.638000 2357.501785 12
242 2367.556000 2367.939745 8
243 2377.556000 2377.566778 9
244 2387.492000 2387.467036 14
245 2397.492000 2397.467036 0
246 2407.245000 2407.148484 24
247 2416.888000 2417.001195 17
248 2426.625000 2426.303095 23
249 2436.625000 2437.248015 8
250 2446.625000 2447.248015 0
251 2455.791000 2455.366511 18
252 2465.563000 2465.366511 0
253 2475.219000 2475.187382 18
254 2484.752000 2484.688723 10
255 2494.345000 2494.688723 0
256 2503.590000 2502.323001 10
257 2513.327000 2512.323001 0
258 2522.425000 2522.323001 0
259 2532.425000 2532.323001 0
260 2542.010000 2541.948436 10
261 2551.132000 2551.568408 13
262 2560.594000 2560.446845 22
263 2569.813000 2569.784405 11
264 2579.056000 2579.784405 0
265 2588.033000 2587.775556 10
266 2597.181000 2597.775556 0
267 2607.181000 2606.401884 13
268 2616.802000 2616.737569 11
269 2625.949000 2625.308610 12
270 2635.336000 2635.308610 0
271 2645.336000 2646.529066 9
272 2654.752000 2656.529066 0
273 2664.938000 2664.990218 10
274 2673.879000 2674.990218 0
275 2684.329000 2684.990218 0
276 2693.608000 2693.442388 16
277 2703.396000 2703.474147 10
278 2712.325000 2712.402584 10
279 2723.233000 2723.692925 15
280 2733.586000 2733.511745 13
281 2743.313000 2742.996994 10
282 2753.123000 2752.996994 0
283 2760.110000 2760.130161 9
284 2770.319000 2770.130161 0
285 2780.069000 2780.199478 13
286 2790.069000 2790.199478 0
287 2800.298000 2798.271425 8
288 2810.104000 2810.058357 13
289 2819.480000 2819.638033 14
290 2829.025000 2829.087596 16
291 2839.102000 2839.634567 10
292 2849.021000 2849.011495 12
293 2858.916000 2859.056185 17
294 2869.329000 2930.188147 10
295 2877.668000 2940.188147 0
296 2887.442000 2950.188147 0
297 2897.795000 2960.188147 0
298 2907.293000 2970.188147 0
299 2917.175000 2980.188147 0
300 2926.998000 2990.188147 0
301 2935.746000 3000.188147 0
302 2945.436000 3093.507685 9
303 2955.356000 3103.507685 0
304 2964.522000 3113.507685 0
305 2974.983000 3123.507685 0
306 2985.603000 3133.507685 0
307 2995.729000 3143.507685 0
308 3006.629000 3153.507685 0
309 3014.953000 3163.507685 0
310 3024.823000 3173.507685 0
311 3034.477000 3183.507685 0
312 3043.168000 3193.507685 0
313 3051.342000 3203.507685 0
314 3061.468000 3213.507685 0
315 3071.381000 3223.507685 0
316 3080.242000 3233.507685 0
317 3090.518000 3243.507685 0
318 3099.379000 3253.507685 0
319 3109.614000 3263.507685 0
320 3119.010000 3273.507685 0
321 3128.279000 3283.507685 0
322 3137.870000 3293.507685 0
323 3146.021000 3303.507685 0
324 3155.866000 3313.507685 0
325 3165.193000 3323.507685 0
326 3174.701000 3333.507685 0
327 3184.357000 3343.507685 0
328 3194.357000 3353.507685 0
329 3204.267000 3363.507685 0
330 3213.801000 3373.507685 0
331 3224.560000 3367.235417 8
332 3234.264000 3377.235417 0
333 3244.615000 3387.235417 0
334 3253.814000 3397.235417 0
335 3263.814000 3407.235417 0
336 3273.940000 3453.266807 9
337 3283.138000 3463.266807 0
338 3294.383000 3473.266807 0
339 3302.959000 3483.266807 0
340 3312.556000 3493.266807 0
341 3323.005000 3503.266807 0
342 3334.161000 3513.266807 0
343 3344.480000 3524.632750 8
344 3354.582000 3534.632750 0
345 3364.582000 3577.053245 9
346 3374.424000 3587.053245 0
347 3384.424000 3597.053245 0
348 3394.511000 3607.053245 0
349 3404.275000 3617.053245 0
350 3414.420000 3627.053245 0
351 3423.839000 3637.053245 0
352 3434.227000 3629.984063 10
353 3443.973000 3639.984063 0
354 3454.135000 3599.329049 8
355 3463.796000 3609.329049 0
356 3473.317000 3619.329049 0
357 3483.002000 3629.329049 0
358 3491.710000 3628.188970 11
359 3501.231000 3638.188970 0
360 3511.079000 3648.188970 0
361 3520.698000 3658.188970 0
362 3530.154000 3668.188970 0
363 3539.741000 3678.188970 0
364 3549.838000 3688.188970 0
365 3559.823000 3698.188970 0
366 3571.457000 3708.188970 0
367 3581.369000 3718.188970 0
368 3590.500000 3728.188970 0
369 3600.241000 3738.188970 0
370 3610.648000 3748.188970 0
371 3620.496000 3743.541732 8
372 3631.869000 3763.296981 9
373 3640.968000 3773.296981 0
374 3651.042000 3783.296981 0
375 3660.726000 3793.296981 0
376 3667.063000 3803.296981 0
377 3675.057000 3813.296981 0
378 3686.171000 3823.296981 0
379 3694.652000 3833.296981 0
380 3705.060000 3843.296981 0
381 3715.001000 3853.296981 0
382 3725.044000 3863.296981 0
383 3733.674000 3873.296981 0
384 3743.809000 3883.296981 0
385 3753.461000 3893.296981 0
386 3763.193000 3903.296981 0
387 3772.288000 3913.296981 0
388 3781.697000 3977.343883 8
389 3791.239000 3987.343883 0
390 3799.153000 3997.343883 0
391 3809.153000 4007.343883 0
392 3818.946000 4017.343883 0
393 3828.946000 4027.343883 0
394 3839.290000 4037.343883 0
395 3849.127000 4047.343883 0
396 3859.366000 4057.343883 0
397 3869.880000 4067.343883 0
398 3879.793000 4121.328151 9
399 3889.165000 4131.328151 0
400 3898.538000 4104.143745 8
401 3908.473000 4100.582863 8
402 3918.296000 4106.436194 8
403 3928.034000 4116.436194 0
404 3937.025000 4126.436194 0
405 3945.670000 4136.436194 0
406 3954.797000 4146.436194 0
407 3963.756000 4156.436194 0
408 3975.048000 4166.436194 0
409 3981.645000 4176.436194 0
410 3992.690000 4186.436194 0
411 4002.457000 4196.436194 0
412 4011.982000 4206.436194 0
413 4021.430000 4216.436194 0
414 4030.624000 4226.436194 0
415 4040.513000 4236.436194 0
416 4049.727000 4246.436194 0
417 4058.371000 4256.436194 0
418 4068.258000 4266.436194 0
419 4076.974000 4276.436194 0
420 4085.661000 4286.436194 0
421 4096.585000 4296.436194 0
422 4105.894000 4306.436194 0
423 4115.448000 4316.436194 0
424 4123.311000 4326.436194 0
425 4132.804000 4336.436194 0
426 4142.148000 4346.436194 0
427 4151.574000 4356.436194 0
428 4160.897000 4366.436194 0
429 4170.041000 4376.436194 0
430 4180.202000 4386.436194 0
431 4189.466000 4396.436194 0
432 4198.878000 4406.436194 0
433 4208.352000 4416.436194 0
434 4218.124000 4460.450983 8
435 4228.124000 4470.450983 0
436 4237.399000 4480.450983 0
437 4245.914000 4490.450983 0
438 4255.326000 4500.450983 0
439 4264.948000 4510.450983 0
440 4274.331000 4520.450983 0
441 4284.331000 4530.450983 0
442 4294.866000 4540.450983 0
443 4304.488000 4550.450983 0
444 4314.081000 4560.450983 0
445 4323.524000 4570.450983 0
446 4333.314000 4580.450983 0
447 4342.679000 4590.450983 0
448 4351.252000 4600.450983 0
449 4361.175000 4610.450983 0
450 4371.247000 4620.450983 0
451 4380.061000 4630.450983 0
452 4388.724000 4640.450983 0
453 4397.957000 4637.063040 10
454 4408.286000 4647.063040 0
455 4418.401000 4657.063040 0
456 4427.665000 4667.063040 0
457 4437.586000 4677.063040 0
458 4447.586000 4687.063040 0
459 4457.586000 4697.063040 0
460 4466.965000 4707.063040 0
461 4476.557000 4717.063040 0
462 4485.941000 4727.063040 0
463 4495.941000 4610.472793 10
464 4504.556000 4620.472793 0
465 4514.556000 4630.472793 0
466 4524.310000 4640.472793 0
467 4532.555000 4650.472793 0
468 4542.555000 4660.472793 0
469 4551.201000 4670.472793 0
470 4561.332000 4561.271133 12
471 4572.125000 4571.271133 0
472 4581.268000 4581.271133 0
473 4590.771000 4591.025929 12
474 4600.003000 4645.455875 9
475 4610.003000 4610.854141 16
476 4619.399000 4579.124290 10
477 4627.343000 4589.124290 0
478 4636.335000 4636.721248 13
479 4646.109000 4645.952308 22
480 4655.421000 4655.952308 0
481 4665.421000 4665.209562 24
