001 0.000000 0.008399 46
002 10.000000 10.098316 28
003 20.000000 21.548658 11
004 30.000000 31.548658 0
005 39.500000 39.458968 13
006 49.500000 49.439649 29
007 59.500000 59.491509 17
008 69.500000 69.469483 19
009 79.500000 79.454149 25
010 89.500000 89.480116 27
011 99.500000 99.472484 32
012 109.500000 109.474486 38
013 119.495000 119.572366 35
014 129.495000 129.374527 46
015 139.495000 139.468602 41
016 149.495000 149.523870 38
017 159.495000 159.458552 52
018 169.495000 169.466292 39
019 179.496000 179.509192 46
020 189.496000 189.446060 42
021 199.496000 199.455948 52
022 209.496000 209.458932 33
023 219.496000 219.394628 39
024 229.496000 229.323530 23
025 239.496000 241.736218 10
026 249.496000 250.630094 16
027 257.833000 257.632626 19
028 268.070000 268.981170 8
029 278.273000 278.131986 18
030 288.681000 288.552508 13
031 299.870000 299.677974 23
032 309.155000 309.335298 15
033 319.459000 319.335298 0
034 327.623000 329.335298 0
035 333.710000 339.335298 0
036 343.710000 349.335298 0
037 353.913000 359.335298 0
038 362.483000 371.095881 8
039 374.999000 381.095881 0
040 385.304000 385.189095 12
041 395.507000 395.189095 0
042 405.814000 406.141173 28
043 416.151000 416.141173 0
044 426.151000 426.141173 0
045 436.526000 436.352265 8
046 446.591000 446.352265 0
047 454.821000 454.152034 8
048 464.821000 464.152034 0
049 473.425000 474.165611 8
050 483.288000 483.294738 13
051 493.185000 493.231796 17
052 502.674000 503.085411 19
053 512.129000 512.170240 10
054 521.822000 522.170240 0
055 532.195000 532.170240 0
056 540.665000 542.170240 0
057 550.665000 552.170240 0
058 560.936000 562.170240 0
059 570.219000 570.752734 12
060 580.219000 579.657775 11
061 590.965000 589.657775 0
062 600.454000 599.657775 0
063 610.340000 609.927738 14
064 620.425000 620.731721 26
065 630.553000 630.646557 11
066 641.140000 640.646557 0
067 650.220000 650.646557 0
068 660.064000 660.162632 20
069 670.064000 669.607110 9
070 679.938000 679.594894 16
071 689.580000 689.545353 32
072 699.835000 699.776761 10
073 709.835000 709.674713 16
074 719.292000 719.674713 0
075 729.031000 729.058469 8
076 738.875000 739.058469 0
077 748.746000 749.096012 10
078 758.152000 758.096602 28
079 767.529000 768.096602 0
080 777.609000 778.096602 0
081 787.844000 788.096602 0
082 798.130000 798.364255 15
083 808.001000 807.584827 13
084 818.288000 818.303160 15
085 828.471000 828.674197 18
086 837.900000 838.674197 0
087 848.134000 848.674197 0
088 857.721000 858.674197 0
089 866.734000 868.674197 0
090 875.852000 875.920747 19
091 885.852000 886.129726 15
092 894.867000 896.129726 0
093 904.998000 904.660838 11
094 914.582000 914.462016 14
095 924.168000 924.462016 0
096 934.168000 933.806168 13
097 943.521000 943.109405 9
098 952.743000 952.555919 11
099 962.718000 962.555919 0
100 972.147000 972.555919 0
101 982.147000 982.190339 22
102 991.915000 991.947138 23
103 1002.124000 1001.915794 15
104 1012.593000 1011.915794 0
105 1022.696000 1022.799064 16
106 1032.179000 1032.686918 13
107 1041.271000 1041.097671 13
108 1051.090000 1051.036198 14
109 1061.324000 1061.036198 0
110 1071.092000 1071.167561 15
111 1081.067000 1081.167561 0
112 1090.341000 1091.167561 0
113 1100.264000 1100.348235 14
114 1110.601000 1109.386888 10
115 1120.188000 1120.363055 20
116 1129.695000 1129.353257 16
117 1139.543000 1139.353257 0
118 1148.939000 1148.990634 17
119 1159.306000 1159.596080 10
120 1168.955000 1169.158225 10
121 1178.580000 1179.158225 0
122 1188.580000 1188.438758 9
123 1198.222000 1198.599406 15
124 1208.379000 1208.500453 13
125 1218.491000 1218.500453 0
126 1228.491000 1228.420087 12
127 1237.938000 1237.941633 14
128 1248.097000 1247.941633 0
129 1257.411000 1257.232234 8
130 1267.338000 1266.933950 10
131 1277.474000 1277.432201 11
132 1287.371000 1287.128955 13
133 1295.957000 1297.128955 0
134 1306.140000 1307.128955 0
135 1316.557000 1317.128955 0
136 1325.905000 1326.569613 9
137 1336.205000 1336.227885 16
138 1346.205000 1346.569787 18
139 1355.472000 1355.425168 23
140 1365.786000 1365.425168 0
141 1375.106000 1375.425168 0
142 1384.732000 1385.425168 0
143 1394.373000 1394.351478 19
144 1403.969000 1403.679477 20
145 1413.772000 1412.367035 8
146 1423.807000 1422.367035 0
147 1432.759000 1432.556047 10
148 1442.185000 1442.206156 16
149 1452.185000 1452.061516 16
150 1461.552000 1461.633342 9
151 1469.403000 1468.628669 10
152 1481.218000 1482.128216 15
153 1491.130000 1491.440297 10
154 1501.296000 1501.440297 0
155 1511.430000 1511.260630 12
156 1521.754000 1521.652201 12
157 1531.842000 1531.652201 0
158 1540.884000 1541.652201 0
159 1551.794000 1551.652201 0
160 1561.076000 1561.231586 20
161 1570.996000 1571.207223 10
162 1580.996000 1581.142565 14
163 1590.875000 1591.142565 0
164 1600.220000 1601.142565 0
165 1609.660000 1611.142565 0
166 1616.952000 1621.142565 0
167 1627.628000 1631.142565 0
168 1638.073000 1638.302960 16
169 1647.976000 1648.019008 12
170 1659.699000 1658.019008 0
171 1669.718000 1669.595761 20
172 1680.298000 1680.300453 23
173 1690.007000 1689.778223 13
174 1700.007000 1700.248109 18
175 1710.047000 1710.155730 21
176 1719.833000 1719.820047 11
177 1729.931000 1729.992891 11
178 1740.105000 1739.992891 0
179 1750.008000 1749.719828 11
180 1759.659000 1759.577577 15
181 1768.983000 1769.577577 0
182 1778.325000 1778.172105 8
183 1786.836000 1788.172105 0
184 1796.991000 1798.172105 0
185 1806.991000 1806.569910 13
186 1817.339000 1816.569910 0
187 1826.856000 1826.964767 42
188 1836.740000 1837.701186 11
189 1847.455000 1847.701186 0
190 1858.635000 1857.701186 0
191 1868.326000 1867.701186 0
192 1878.248000 1879.167655 8
193 1887.920000 1887.884701 20
194 1897.340000 1897.262132 19
195 1905.560000 1906.504912 10
196 1915.773000 1915.423570 14
197 1925.308000 1925.665859 12
198 1935.308000 1935.665859 0
199 1945.308000 1945.873469 10
200 1955.077000 1955.873469 0
201 1964.709000 1965.873469 0
202 1974.265000 1973.767122 10
203 1984.091000 1984.631840 17
204 1994.419000 1994.631840 0
205 2003.917000 2003.093549 15
206 2014.342000 2013.093549 0
207 2024.342000 2024.486366 17
208 2034.748000 2034.486366 0
209 2044.497000 2044.386421 15
210 2052.930000 2054.386421 0
211 2063.510000 2064.386421 0
212 2073.510000 2073.185828 16
213 2083.181000 2083.102446 25
214 2092.775000 2093.102446 0
215 2102.699000 2103.423676 12
216 2113.085000 2113.423676 0
217 2122.582000 2122.602856 11
218 2132.582000 2208.048399 10
219 2142.621000 2142.545388 8
220 2152.621000 2152.545388 0
221 2162.408000 2163.084755 11
222 2171.964000 2171.931141 17
223 2181.132000 2181.060717 8
224 2192.079000 2193.209175 9
225 2201.906000 2201.599447 17
226 2212.564000 2211.599447 0
227 2222.486000 2222.690142 19
228 2231.635000 2231.702569 11
229 2240.552000 2240.250585 11
230 2248.869000 2250.250585 0
231 2259.720000 2260.250585 0
232 2269.584000 2270.250585 0
233 2279.663000 2279.635247 9
234 2289.295000 2289.405578 18
235 2299.140000 2299.106214 16
236 2308.309000 2308.379430 19
237 2318.309000 2317.963626 8
238 2328.433000 2328.460819 14
239 2338.700000 2339.096868 16
240 2348.841000 2349.096868 0
241 2357.638000 2357.501785 12
242 2367.556000 2367.501785 0
243 2377.556000 2376.356809 11
244 2387.492000 2387.466215 13
245 2397.492000 2397.466215 0
246 2407.245000 2407.134413 27
247 2416.888000 2416.902083 19
248 2426.625000 2426.346998 23
249 2436.625000 2437.248015 8
250 2446.625000 2447.248015 0
251 2455.791000 2455.499278 17
252 2465.563000 2465.499278 0
253 2475.219000 2475.187382 18
254 2484.752000 2484.454539 12
255 2494.345000 2494.454539 0
256 2503.590000 2502.769133 9
257 2513.327000 2512.769133 0
258 2522.425000 2522.769133 0
259 2532.425000 2532.769133 0
260 2542.010000 2541.966592 11
261 2551.132000 2551.253458 12
262 2560.594000 2560.412648 22
263 2569.813000 2569.789243 12
264 2579.056000 2579.789243 0
265 2588.033000 2587.796787 11
266 2597.181000 2597.796787 0
267 2607.181000 2606.401884 13
268 2616.802000 2616.737569 11
269 2625.949000 2625.534301 10
270 2635.336000 2635.534301 0
271 2645.336000 2646.217235 9
272 2654.752000 2656.217235 0
273 2664.938000 2664.999032 10
274 2673.879000 2674.999032 0
275 2684.329000 2684.999032 0
276 2693.608000 2693.450997 17
277 2703.396000 2703.474147 10
278 2712.325000 2712.402584 10
279 2723.233000 2723.309685 13
280 2733.586000 2733.511745 13
281 2743.313000 2743.068591 13
282 2753.123000 2753.068591 0
283 2760.110000 2760.137363 10
284 2770.319000 2770.137363 0
285 2780.069000 2780.184860 14
286 2790.069000 2790.184860 0
287 2800.298000 2798.271425 8
288 2810.104000 2810.082870 11
289 2819.480000 2819.638033 14
290 2829.025000 2829.088520 17
291 2839.102000 2840.130789 8
292 2849.021000 2849.345572 13
293 2858.916000 2859.080836 14
294 2869.329000 2930.188147 10
295 2877.668000 2940.188147 0
296 2887.442000 2950.188147 0
297 2897.795000 2960.188147 0
298 2907.293000 2970.188147 0
299 2917.175000 2980.188147 0
300 2926.998000 2990.188147 0
301 2935.746000 3000.188147 0
302 2945.436000 3093.284949 10
303 2955.356000 3103.284949 0
304 2964.522000 3113.284949 0
305 2974.983000 3123.284949 0
306 2985.603000 3133.284949 0
307 2995.729000 3143.284949 0
308 3006.629000 3153.284949 0
309 3014.953000 3163.284949 0
310 3024.823000 3173.284949 0
311 3034.477000 3183.284949 0
312 3043.168000 3193.284949 0
313 3051.342000 3203.284949 0
314 3061.468000 3213.284949 0
315 3071.381000 3223.284949 0
316 3080.242000 3233.284949 0
317 3090.518000 3243.284949 0
318 3099.379000 3253.284949 0
319 3109.614000 3263.284949 0
320 3119.010000 3273.284949 0
321 3128.279000 3283.284949 0
322 3137.870000 3293.284949 0
323 3146.021000 3303.284949 0
324 3155.866000 3313.284949 0
325 3165.193000 3323.284949 0
326 3174.701000 3333.284949 0
327 3184.357000 3343.284949 0
328 3194.357000 3353.284949 0
329 3204.267000 3363.284949 0
330 3213.801000 3373.284949 0
331 3224.560000 3383.284949 0
332 3234.264000 3393.284949 0
333 3244.615000 3403.284949 0
334 3253.814000 3413.284949 0
335 3263.814000 3423.284949 0
336 3273.940000 3433.284949 0
337 3283.138000 3443.284949 0
338 3294.383000 3453.284949 0
339 3302.959000 3463.284949 0
340 3312.556000 3473.284949 0
341 3323.005000 3483.284949 0
342 3334.161000 3493.284949 0
343 3344.480000 3503.284949 0
344 3354.582000 3513.284949 0
345 3364.582000 3576.312415 8
346 3374.424000 3586.312415 0
347 3384.424000 3596.312415 0
348 3394.511000 3606.312415 0
349 3404.275000 3616.312415 0
350 3414.420000 3626.312415 0
351 3423.839000 3636.312415 0
352 3434.227000 3630.357011 16
353 3443.973000 3640.357011 0
354 3454.135000 3650.357011 0
355 3463.796000 3660.357011 0
356 3473.317000 3670.357011 0
357 3483.002000 3680.357011 0
358 3491.710000 3687.967123 9
359 3501.231000 3697.967123 0
360 3511.079000 3757.678548 10
361 3520.698000 3767.678548 0
362 3530.154000 3777.678548 0
363 3539.741000 3787.678548 0
364 3549.838000 3797.678548 0
365 3559.823000 3807.678548 0
366 3571.457000 3817.678548 0
367 3581.369000 3827.678548 0
368 3590.500000 3837.678548 0
369 3600.241000 3847.678548 0
370 3610.648000 3857.678548 0
371 3620.496000 3867.678548 0
372 3631.869000 3922.792583 8
373 3640.968000 3932.792583 0
374 3651.042000 3942.792583 0
375 3660.726000 3952.792583 0
376 3667.063000 3962.792583 0
377 3675.057000 3972.792583 0
378 3686.171000 3982.792583 0
379 3694.652000 3992.792583 0
380 3705.060000 4002.792583 0
381 3715.001000 4012.792583 0
382 3725.044000 4022.792583 0
383 3733.674000 4032.792583 0
384 3743.809000 4042.792583 0
385 3753.461000 4052.792583 0
386 3763.193000 4062.792583 0
387 3772.288000 4072.792583 0
388 3781.697000 4082.792583 0
389 3791.239000 4092.792583 0
390 3799.153000 4102.792583 0
391 3809.153000 4112.792583 0
392 3818.946000 4122.792583 0
393 3828.946000 4132.792583 0
394 3839.290000 4142.792583 0
395 3849.127000 4152.792583 0
396 3859.366000 4162.792583 0
397 3869.880000 4172.792583 0
398 3879.793000 4230.781475 8
399 3889.165000 4240.781475 0
400 3898.538000 4228.308989 8
401 3908.473000 4238.308989 0
402 3918.296000 4248.308989 0
403 3928.034000 4258.308989 0
404 3937.025000 4268.308989 0
405 3945.670000 4278.308989 0
406 3954.797000 4288.308989 0
407 3963.756000 4298.308989 0
408 3975.048000 4308.308989 0
409 3981.645000 4318.308989 0
410 3992.690000 4328.308989 0
411 4002.457000 4338.308989 0
412 4011.982000 4348.308989 0
413 4021.430000 4358.308989 0
414 4030.624000 4368.308989 0
415 4040.513000 4378.308989 0
416 4049.727000 4388.308989 0
417 4058.371000 4398.308989 0
418 4068.258000 4408.308989 0
419 4076.974000 4418.308989 0
420 4085.661000 4428.308989 0
421 4096.585000 4438.308989 0
422 4105.894000 4448.308989 0
423 4115.448000 4458.308989 0
424 4123.311000 4468.308989 0
425 4132.804000 4478.308989 0
426 4142.148000 4488.308989 0
427 4151.574000 4498.308989 0
428 4160.897000 4508.308989 0
429 4170.041000 4518.308989 0
430 4180.202000 4528.308989 0
431 4189.466000 4538.308989 0
432 4198.878000 4548.308989 0
433 4208.352000 4558.308989 0
434 4218.124000 4546.085890 8
435 4228.124000 4539.275995 10
436 4237.399000 4549.275995 0
437 4245.914000 4559.275995 0
438 4255.326000 4569.275995 0
439 4264.948000 4579.275995 0
440 4274.331000 4589.275995 0
441 4284.331000 4599.275995 0
442 4294.866000 4609.275995 0
443 4304.488000 4619.275995 0
444 4314.081000 4629.275995 0
445 4323.524000 4639.275995 0
446 4333.314000 4637.993221 9
447 4342.679000 4647.993221 0
448 4351.252000 4657.993221 0
449 4361.175000 4667.993221 0
450 4371.247000 4677.993221 0
451 4380.061000 4687.993221 0
452 4388.724000 4697.993221 0
453 4397.957000 4707.993221 0
454 4408.286000 4717.993221 0
455 4418.401000 4727.993221 0
456 4427.665000 4737.993221 0
457 4437.586000 4747.993221 0
458 4447.586000 4757.993221 0
459 4457.586000 4767.993221 0
460 4466.965000 4777.993221 0
461 4476.557000 4787.993221 0
462 4485.941000 4797.993221 0
463 4495.941000 4610.092455 11
464 4504.556000 4620.092455 0
465 4514.556000 4630.092455 0
466 4524.310000 4640.092455 0
467 4532.555000 4650.092455 0
468 4542.555000 4660.092455 0
469 4551.201000 4670.092455 0
470 4561.332000 4561.125255 10
471 4572.125000 4571.125255 0
472 4581.268000 4581.125255 0
473 4590.771000 4591.123538 10
474 4600.003000 4645.835224 9
475 4610.003000 4610.195060 15
476 4619.399000 4578.386507 8
477 4627.343000 4588.386507 0
478 4636.335000 4637.366513 11
479 4646.109000 4646.066936 23
480 4655.421000 4654.760592 9
481 4665.421000 4665.209562 24
