001 0.000000 0.008399 46
002 10.000000 10.098316 28
003 20.000000 21.224541 10
004 30.000000 31.224541 0
005 39.500000 39.458968 13
006 49.500000 49.439649 29
007 59.500000 59.491509 17
008 69.500000 69.469483 19
009 79.500000 79.454149 25
010 89.500000 89.480482 27
011 99.500000 99.474706 33
012 109.500000 109.474486 38
013 119.495000 119.577290 33
014 129.495000 129.372484 45
015 139.495000 139.468602 41
016 149.495000 149.523870 38
017 159.495000 159.458552 52
018 169.495000 169.466292 39
019 179.496000 179.499620 46
020 189.496000 189.446667 43
021 199.496000 199.455948 52
022 209.496000 209.458932 33
023 219.496000 219.466260 37
024 229.496000 229.478545 22
025 239.496000 240.950077 11
026 249.496000 250.613934 16
027 257.833000 257.920668 21
028 268.070000 269.212283 9
029 278.273000 278.107580 16
030 288.681000 288.557659 15
031 299.870000 299.566194 22
032 309.155000 309.321481 14
033 319.459000 319.321481 0
034 327.623000 329.321481 0
035 333.710000 339.321481 0
036 343.710000 349.321481 0
037 353.913000 359.321481 0
038 362.483000 371.095881 8
039 374.999000 381.095881 0
040 385.304000 385.220628 10
041 395.507000 395.220628 0
042 405.814000 405.860943 26
043 416.151000 415.860943 0
044 426.151000 425.860943 0
045 436.526000 437.671820 10
046 446.591000 447.671820 0
047 454.821000 454.152034 8
048 464.821000 464.152034 0
049 473.425000 473.405970 9
050 483.288000 483.229483 12
051 493.185000 493.096939 18
052 502.674000 503.081922 18
053 512.129000 512.594916 12
054 521.822000 522.594916 0
055 532.195000 532.594916 0
056 540.665000 542.594916 0
057 550.665000 552.594916 0
058 560.936000 562.594916 0
059 570.219000 570.496357 11
060 580.219000 580.207004 13
061 590.965000 590.207004 0
062 600.454000 600.207004 0
063 610.340000 609.898328 12
064 620.425000 620.731721 26
065 630.553000 630.658220 10
066 641.140000 640.658220 0
067 650.220000 650.658220 0
068 660.064000 660.172437 20
069 670.064000 669.572241 8
070 679.938000 679.694240 18
071 689.580000 689.620801 24
072 699.835000 699.778397 9
073 709.835000 709.532550 18
074 719.292000 719.532550 0
075 729.031000 729.048928 9
076 738.875000 739.048928 0
077 748.746000 749.048928 0
078 758.152000 758.101210 28
079 767.529000 768.101210 0
080 777.609000 778.101210 0
081 787.844000 788.101210 0
082 798.130000 798.828429 17
083 808.001000 807.616601 14
084 818.288000 818.311143 16
085 828.471000 828.019831 13
086 837.900000 838.019831 0
087 848.134000 848.019831 0
088 857.721000 858.019831 0
089 866.734000 868.019831 0
090 875.852000 875.920158 20
091 885.852000 886.167863 14
092 894.867000 896.167863 0
093 904.998000 904.994026 11
094 914.582000 914.461829 15
095 924.168000 924.461829 0
096 934.168000 933.821600 13
097 943.521000 943.821600 0
098 952.743000 952.555919 11
099 962.718000 962.953886 11
100 972.147000 972.953886 0
101 982.147000 982.205469 21
102 991.915000 991.980613 21
103 1002.124000 1001.933928 13
104 1012.593000 1011.933928 0
105 1022.696000 1022.806808 17
106 1032.179000 1032.686918 13
107 1041.271000 1041.631625 12
108 1051.090000 1051.042121 14
109 1061.324000 1061.042121 0
110 1071.092000 1071.187359 15
111 1081.067000 1081.187359 0
112 1090.341000 1090.235968 8
113 1100.264000 1100.355152 11
114 1110.601000 1109.400481 10
115 1120.188000 1120.349134 18
116 1129.695000 1128.996761 11
117 1139.543000 1138.996761 0
118 1148.939000 1148.998698 16
119 1159.306000 1159.596080 10
120 1168.955000 1169.174989 9
121 1178.580000 1179.174989 0
122 1188.580000 1189.174989 0
123 1198.222000 1198.383048 15
124 1208.379000 1208.551964 15
125 1218.491000 1218.551964 0
126 1228.491000 1228.416438 10
127 1237.938000 1237.941633 14
128 1248.097000 1247.941633 0
129 1257.411000 1257.941633 0
130 1267.338000 1267.305458 9
131 1277.474000 1277.384353 13
132 1287.371000 1287.160571 13
133 1295.957000 1297.160571 0
134 1306.140000 1307.160571 0
135 1316.557000 1317.160571 0
136 1325.905000 1326.673646 8
137 1336.205000 1336.526396 19
138 1346.205000 1346.549560 18
139 1355.472000 1355.432159 24
140 1365.786000 1365.432159 0
141 1375.106000 1375.432159 0
142 1384.732000 1384.849336 9
143 1394.373000 1394.351478 19
144 1403.969000 1404.217030 19
145 1413.772000 1412.645706 10
146 1423.807000 1422.645706 0
147 1432.759000 1432.774033 8
148 1442.185000 1442.206156 16
149 1452.185000 1452.212274 15
150 1461.552000 1461.633342 9
151 1469.403000 1468.312525 11
152 1481.218000 1481.900741 14
153 1491.130000 1491.543361 13
154 1501.296000 1501.357521 8
155 1511.430000 1511.106813 13
156 1521.754000 1521.649663 11
157 1531.842000 1531.649663 0
158 1540.884000 1541.649663 0
159 1551.794000 1551.649663 0
160 1561.076000 1560.996077 19
161 1570.996000 1571.207223 10
162 1580.996000 1581.133146 15
163 1590.875000 1591.133146 0
164 1600.220000 1601.133146 0
165 1609.660000 1611.133146 0
166 1616.952000 1621.133146 0
167 1627.628000 1631.133146 0
168 1638.073000 1638.503597 17
169 1647.976000 1648.019008 12
170 1659.699000 1658.019008 0
171 1669.718000 1669.591935 20
172 1680.298000 1680.300013 22
173 1690.007000 1689.762112 8
174 1700.007000 1700.248109 18
175 1710.047000 1710.110433 22
176 1719.833000 1719.805648 10
177 1729.931000 1729.691485 10
178 1740.105000 1739.691485 0
179 1750.008000 1750.535245 9
180 1759.659000 1759.612307 15
181 1768.983000 1768.310709 8
182 1778.325000 1778.310709 0
183 1786.836000 1788.310709 0
184 1796.991000 1798.310709 0
185 1806.991000 1806.576932 13
186 1817.339000 1816.576932 0
187 1826.856000 1826.953433 41
188 1836.740000 1836.953433 0
189 1847.455000 1846.953433 0
190 1858.635000 1856.953433 0
191 1868.326000 1866.953433 0
192 1878.248000 1876.953433 0
193 1887.920000 1887.882045 20
194 1897.340000 1897.262132 19
195 1905.560000 1906.551938 8
196 1915.773000 1915.423570 14
197 1925.308000 1925.834425 13
198 1935.308000 1935.834425 0
199 1945.308000 1945.952219 9
200 1955.077000 1955.161507 10
201 1964.709000 1965.161507 0
202 1974.265000 1973.717037 9
203 1984.091000 1984.534205 16
204 1994.419000 1994.534205 0
205 2003.917000 2003.380530 13
206 2014.342000 2013.380530 0
207 2024.342000 2024.486366 17
208 2034.748000 2034.486366 0
209 2044.497000 2044.671482 16
210 2052.930000 2054.671482 0
211 2063.510000 2064.671482 0
212 2073.510000 2073.205408 17
213 2083.181000 2083.102446 25
214 2092.775000 2093.102446 0
215 2102.699000 2103.686524 9
216 2113.085000 2113.686524 0
217 2122.582000 2122.633292 10
218 2132.582000 2132.638817 11
219 2142.621000 2142.803271 9
220 2152.621000 2152.803271 0
221 2162.408000 2162.803271 0
222 2171.964000 2171.940803 16
223 2181.132000 2180.945509 9
224 2192.079000 2193.703955 10
225 2201.906000 2201.628017 18
226 2212.564000 2211.628017 0
227 2222.486000 2222.681417 20
228 2231.635000 2231.702569 11
229 2240.552000 2240.289193 12
230 2248.869000 2250.289193 0
231 2259.720000 2260.289193 0
232 2269.584000 2270.289193 0
233 2279.663000 2279.595120 10
234 2289.295000 2289.419114 18
235 2299.140000 2299.104170 22
236 2308.309000 2308.317878 17
237 2318.309000 2318.317878 0
238 2328.433000 2328.221339 13
239 2338.700000 2339.015607 15
240 2348.841000 2349.015607 0
241 2357.638000 2357.253216 13
242 2367.556000 2367.253216 0
243 2377.556000 2377.253216 0
244 2387.492000 2387.456443 13
245 2397.492000 2397.456443 0
246 2407.245000 2407.142702 27
247 2416.888000 2416.904090 18
248 2426.625000 2426.353675 22
249 2436.625000 2436.813903 9
250 2446.625000 2446.813903 0
251 2455.791000 2455.362161 17
252 2465.563000 2465.362161 0
253 2475.219000 2475.179645 17
254 2484.752000 2484.460827 10
255 2494.345000 2494.460827 0
256 2503.590000 2503.248420 8
257 2513.327000 2513.248420 0
258 2522.425000 2523.248420 0
259 2532.425000 2533.248420 0
260 2542.010000 2542.170761 12
261 2551.132000 2551.683792 12
262 2560.594000 2560.472296 25
263 2569.813000 2569.789243 12
264 2579.056000 2579.789243 0
265 2588.033000 2587.819809 10
266 2597.181000 2597.819809 0
267 2607.181000 2606.450731 14
268 2616.802000 2616.737569 11
269 2625.949000 2625.308610 12
270 2635.336000 2635.308610 0
271 2645.336000 2646.150534 10
272 2654.752000 2656.150534 0
273 2664.938000 2664.988102 11
274 2673.879000 2663.008331 8
275 2684.329000 2673.008331 0
276 2693.608000 2693.441373 16
277 2703.396000 2703.474147 10
278 2712.325000 2712.402584 10
279 2723.233000 2723.929143 12
280 2733.586000 2733.511745 13
281 2743.313000 2743.108907 15
282 2753.123000 2753.108907 0
283 2760.110000 2760.089029 10
284 2770.319000 2770.089029 0
285 2780.069000 2780.499694 14
286 2790.069000 2790.499694 0
287 2800.298000 2800.499694 0
288 2810.104000 2810.026502 12
289 2819.480000 2819.934235 13
290 2829.025000 2829.096184 16
291 2839.102000 2839.096184 0
292 2849.021000 2849.011495 12
293 2858.916000 2859.065327 16
294 2869.329000 2930.301801 10
295 2877.668000 2940.301801 0
296 2887.442000 2950.301801 0
297 2897.795000 2960.301801 0
298 2907.293000 2970.301801 0
299 2917.175000 2980.301801 0
300 2926.998000 2990.301801 0
301 2935.746000 3000.301801 0
302 2945.436000 3093.131858 9
303 2955.356000 3103.131858 0
304 2964.522000 3113.131858 0
305 2974.983000 3123.131858 0
306 2985.603000 3133.131858 0
307 2995.729000 3143.131858 0
308 3006.629000 3153.131858 0
309 3014.953000 3163.131858 0
310 3024.823000 3173.131858 0
311 3034.477000 3183.131858 0
312 3043.168000 3193.131858 0
313 3051.342000 3203.574470 8
314 3061.468000 3213.574470 0
315 3071.381000 3223.574470 0
316 3080.242000 3233.574470 0
317 3090.518000 3243.574470 0
318 3099.379000 3278.093023 8
319 3109.614000 3288.093023 0
320 3119.010000 3298.093023 0
321 3128.279000 3308.093023 0
322 3137.870000 3318.093023 0
323 3146.021000 3328.093023 0
324 3155.866000 3338.093023 0
325 3165.193000 3348.093023 0
326 3174.701000 3358.093023 0
327 3184.357000 3368.093023 0
328 3194.357000 3378.093023 0
329 3204.267000 3388.093023 0
330 3213.801000 3398.093023 0
331 3224.560000 3408.093023 0
332 3234.264000 3418.093023 0
333 3244.615000 3428.093023 0
334 3253.814000 3438.093023 0
335 3263.814000 3448.093023 0
336 3273.940000 3458.093023 0
337 3283.138000 3468.093023 0
338 3294.383000 3478.093023 0
339 3302.959000 3488.093023 0
340 3312.556000 3498.093023 0
341 3323.005000 3508.093023 0
342 3334.161000 3518.093023 0
343 3344.480000 3555.612635 8
344 3354.582000 3565.612635 0
345 3364.582000 3575.612635 0
346 3374.424000 3585.612635 0
347 3384.424000 3595.612635 0
348 3394.511000 3605.612635 0
349 3404.275000 3615.612635 0
350 3414.420000 3625.612635 0
351 3423.839000 3635.612635 0
352 3434.227000 3630.220280 12
353 3443.973000 3640.220280 0
354 3454.135000 3650.220280 0
355 3463.796000 3660.220280 0
356 3473.317000 3670.220280 0
357 3483.002000 3680.220280 0
358 3491.710000 3688.252406 9
359 3501.231000 3698.252406 0
360 3511.079000 3757.767355 11
361 3520.698000 3767.767355 0
362 3530.154000 3777.767355 0
363 3539.741000 3787.767355 0
364 3549.838000 3797.767355 0
365 3559.823000 3807.767355 0
366 3571.457000 3817.767355 0
367 3581.369000 3827.767355 0
368 3590.500000 3837.767355 0
369 3600.241000 3847.767355 0
370 3610.648000 3857.767355 0
371 3620.496000 3867.767355 0
372 3631.869000 3922.824142 9
373 3640.968000 3932.824142 0
374 3651.042000 3942.824142 0
375 3660.726000 3952.824142 0
376 3667.063000 3962.824142 0
377 3675.057000 3972.824142 0
378 3686.171000 3982.824142 0
379 3694.652000 3992.824142 0
380 3705.060000 4002.824142 0
381 3715.001000 4012.824142 0
382 3725.044000 4022.824142 0
383 3733.674000 4032.824142 0
384 3743.809000 4042.824142 0
385 3753.461000 4052.824142 0
386 3763.193000 4062.824142 0
387 3772.288000 4072.824142 0
388 3781.697000 4082.824142 0
389 3791.239000 4092.824142 0
390 3799.153000 4102.824142 0
391 3809.153000 4112.824142 0
392 3818.946000 4122.824142 0
393 3828.946000 4132.824142 0
394 3839.290000 4142.824142 0
395 3849.127000 4152.824142 0
396 3859.366000 4162.824142 0
397 3869.880000 4172.824142 0
398 3879.793000 4230.781475 8
399 3889.165000 4240.781475 0
400 3898.538000 4228.277942 10
401 3908.473000 4238.277942 0
402 3918.296000 4248.277942 0
403 3928.034000 4258.277942 0
404 3937.025000 4268.277942 0
405 3945.670000 4278.277942 0
406 3954.797000 4288.277942 0
407 3963.756000 4298.277942 0
408 3975.048000 4308.277942 0
409 3981.645000 4318.277942 0
410 3992.690000 4328.277942 0
411 4002.457000 4338.277942 0
412 4011.982000 4348.277942 0
413 4021.430000 4358.277942 0
414 4030.624000 4368.277942 0
415 4040.513000 4378.277942 0
416 4049.727000 4388.277942 0
417 4058.371000 4398.277942 0
418 4068.258000 4408.277942 0
419 4076.974000 4418.277942 0
420 4085.661000 4428.277942 0
421 4096.585000 4438.277942 0
422 4105.894000 4448.277942 0
423 4115.448000 4458.277942 0
424 4123.311000 4468.277942 0
425 4132.804000 4478.277942 0
426 4142.148000 4552.407237 8
427 4151.574000 4562.407237 0
428 4160.897000 4572.407237 0
429 4170.041000 4582.407237 0
430 4180.202000 4592.407237 0
431 4189.466000 4602.407237 0
432 4198.878000 4612.407237 0
433 4208.352000 4587.632765 9
434 4218.124000 4597.632765 0
435 4228.124000 4607.632765 0
436 4237.399000 4617.632765 0
437 4245.914000 4627.632765 0
438 4255.326000 4637.632765 0
439 4264.948000 4647.632765 0
440 4274.331000 4657.632765 0
441 4284.331000 4667.632765 0
442 4294.866000 4677.632765 0
443 4304.488000 4687.632765 0
444 4314.081000 4697.632765 0
445 4323.524000 4707.632765 0
446 4333.314000 4717.632765 0
447 4342.679000 4727.632765 0
448 4351.252000 4737.632765 0
449 4361.175000 4747.632765 0
450 4371.247000 4757.632765 0
451 4380.061000 4767.632765 0
452 4388.724000 4777.632765 0
453 4397.957000 4637.241330 9
454 4408.286000 4647.241330 0
455 4418.401000 4657.241330 0
456 4427.665000 4667.241330 0
457 4437.586000 4677.241330 0
458 4447.586000 4687.241330 0
459 4457.586000 4697.241330 0
460 4466.965000 4707.241330 0
461 4476.557000 4717.241330 0
462 4485.941000 4727.241330 0
463 4495.941000 4610.151024 11
464 4504.556000 4620.151024 0
465 4514.556000 4630.151024 0
466 4524.310000 4640.151024 0
467 4532.555000 4650.151024 0
468 4542.555000 4660.151024 0
469 4551.201000 4670.151024 0
470 4561.332000 4561.154961 10
471 4572.125000 4571.154961 0
472 4581.268000 4581.154961 0
473 4590.771000 4591.025929 12
474 4600.003000 4644.479533 8
475 4610.003000 4610.392226 16
476 4619.399000 4579.124290 10
477 4627.343000 4589.124290 0
478 4636.335000 4636.631090 13
479 4646.109000 4646.063173 24
480 4655.421000 4654.588009 10
481 4665.421000 4665.209562 24
