001 0.000000 -0.065828 48
002 10.000000 9.985512 35
003 20.000000 21.165854 12
004 28.072000 31.165854 0
005 38.058000 38.087011 24
006 48.059000 48.018500 21
007 58.056000 58.069305 9
008 68.056000 68.083884 10
009 78.056000 78.075599 40
010 88.056000 88.084749 24
011 98.056000 98.228766 34
012 108.056000 108.079625 37
013 118.056000 118.076334 28
014 128.056000 127.995474 45
015 138.056000 138.077764 33
016 148.056000 148.077594 45
017 158.056000 158.075628 49
018 168.056000 168.076477 41
019 178.056000 178.224648 37
020 188.056000 188.091278 47
021 198.056000 198.076874 41
022 208.056000 208.069658 41
023 218.056000 218.094803 43
024 228.056000 228.222588 26
025 238.056000 241.148200 15
026 248.056000 248.955088 14
027 258.311000 258.805240 9
028 268.392000 268.805240 0
029 278.457000 278.337824 16
030 288.680000 288.185150 13
031 299.265000 299.693183 21
032 309.265000 309.386326 20
033 319.460000 319.386326 0
034 329.886000 329.386326 0
035 331.489000 339.386326 0
036 341.050000 349.386326 0
037 352.269000 359.386326 0
038 362.269000 369.386326 0
039 372.483000 379.386326 0
040 382.483000 382.285935 14
041 392.844000 391.468770 16
042 403.556000 402.703506 17
043 414.326000 412.703506 0
044 424.449000 424.284519 14
045 434.768000 434.490757 14
046 444.768000 444.490757 0
047 452.651000 454.490757 0
048 462.775000 464.490757 0
049 472.194000 474.490757 0
050 482.194000 482.394650 13
051 491.877000 492.472946 13
052 501.624000 502.552489 18
053 511.427000 511.077050 9
054 520.978000 520.539916 15
055 530.978000 530.796105 11
056 541.619000 541.943138 10
057 550.842000 551.943138 0
058 560.228000 561.943138 0
059 569.286000 571.943138 0
060 578.659000 578.556340 11
061 588.915000 589.191353 16
062 598.555000 599.191353 0
063 608.681000 608.559289 15
064 619.259000 619.257167 26
065 628.721000 628.599468 9
066 638.369000 638.599468 0
067 647.991000 648.599468 0
068 657.851000 658.601624 13
069 666.916000 666.760978 10
070 675.899000 675.898103 10
071 685.573000 686.142070 17
072 695.248000 695.394113 17
073 705.586000 705.394113 0
074 715.395000 715.394113 0
075 725.261000 725.148348 16
076 734.717000 735.148348 0
077 745.217000 744.980472 14
078 755.217000 755.452348 14
079 764.858000 765.452348 0
080 774.506000 775.452348 0
081 785.429000 785.452348 0
082 796.513000 797.015058 16
083 806.746000 807.015058 0
084 816.819000 816.679625 10
085 826.819000 826.614554 27
086 836.249000 836.666943 13
087 846.163000 845.961088 12
088 856.163000 855.961088 0
089 864.873000 864.924906 12
090 873.220000 873.203725 15
091 883.027000 884.140765 12
092 892.860000 892.743556 9
093 902.860000 902.743556 0
094 912.210000 911.286824 9
095 921.433000 921.286824 0
096 931.433000 931.658949 17
097 940.742000 941.658949 0
098 949.547000 951.658949 0
099 958.617000 961.658949 0
100 968.324000 968.320014 15
101 977.329000 977.425988 18
102 987.329000 987.639270 16
103 997.595000 997.639270 0
104 1007.336000 1007.336312 12
105 1017.463000 1017.336312 0
106 1028.014000 1027.336312 0
107 1037.881000 1037.336312 0
108 1046.619000 1046.789861 17
109 1056.878000 1057.142932 17
110 1066.607000 1066.282205 12
111 1076.607000 1076.282205 0
112 1085.691000 1086.282205 0
113 1095.691000 1095.691256 20
114 1104.986000 1105.002767 14
115 1115.086000 1115.125672 21
116 1124.734000 1124.413349 12
117 1133.904000 1133.744484 18
118 1143.738000 1143.555783 25
119 1153.068000 1153.093141 10
120 1162.582000 1163.093141 0
121 1172.470000 1171.931924 13
122 1181.693000 1181.502351 8
123 1191.553000 1191.502351 0
124 1201.148000 1201.532987 17
125 1211.148000 1211.532987 0
126 1220.338000 1221.532987 0
127 1229.986000 1231.532987 0
128 1239.076000 1239.089942 16
129 1249.076000 1249.089942 0
130 1257.800000 1259.089942 0
131 1267.668000 1269.089942 0
132 1278.014000 1278.509541 8
133 1288.014000 1288.058365 12
134 1297.789000 1297.844910 13
135 1307.517000 1307.844910 0
136 1317.517000 1317.844910 0
137 1327.250000 1327.092462 11
138 1336.985000 1336.882932 20
139 1346.985000 1347.072289 14
140 1356.581000 1356.149568 16
141 1365.299000 1366.149568 0
142 1375.105000 1376.149568 0
143 1385.579000 1386.149568 0
144 1395.579000 1395.784150 22
145 1405.579000 1405.818908 24
146 1415.931000 1415.945244 16
147 1425.340000 1425.945244 0
148 1434.351000 1435.945244 0
149 1443.813000 1445.945244 0
150 1453.703000 1454.198336 21
151 1463.450000 1464.198336 0
152 1471.333000 1474.198336 0
153 1481.566000 1484.198336 0
154 1491.044000 1490.991972 22
155 1500.579000 1500.991972 0
156 1510.173000 1510.147301 8
157 1520.607000 1520.147301 0
158 1530.868000 1531.444381 10
159 1540.607000 1540.487594 9
160 1549.968000 1550.487594 0
161 1560.345000 1560.211388 19
162 1570.539000 1569.941609 9
163 1579.858000 1579.799346 8
164 1589.858000 1589.799346 0
165 1599.858000 1599.799346 0
166 1610.086000 1609.799346 0
167 1620.615000 1620.938166 12
168 1631.827000 1630.938166 0
169 1641.168000 1641.165311 14
170 1651.300000 1651.225874 8
171 1663.636000 1661.225874 0
172 1672.749000 1672.740941 22
173 1683.172000 1682.740941 0
174 1693.095000 1694.419046 15
175 1702.956000 1703.122954 30
176 1713.607000 1713.412578 11
177 1724.031000 1723.412578 0
178 1734.031000 1733.332808 12
179 1742.838000 1743.554592 11
180 1752.449000 1753.554592 0
181 1760.542000 1760.444554 11
182 1770.715000 1770.444554 0
183 1780.992000 1780.444554 0
184 1790.832000 1790.226016 12
185 1800.832000 1800.226016 0
186 1810.721000 1811.633203 17
187 1820.617000 1821.633203 0
188 1830.360000 1830.335008 27
189 1840.013000 1839.674767 12
190 1849.209000 1849.674767 0
191 1860.090000 1859.674767 0
192 1869.680000 1869.674767 0
193 1879.478000 1879.902864 11
194 1889.402000 1889.334358 16
195 1899.097000 1898.837706 17
196 1908.417000 1908.837706 0
197 1917.757000 1918.837706 0
198 1926.911000 1928.209624 15
199 1937.293000 1938.009125 9
200 1946.883000 1948.009125 0
201 1954.809000 1958.009125 0
202 1964.620000 1968.009125 0
203 1974.782000 1978.009125 0
204 1985.579000 1985.549523 8
205 1995.308000 1995.454910 13
206 2005.308000 2005.441555 10
207 2015.204000 2015.441555 0
208 2024.919000 2024.034266 13
209 2034.823000 2034.034266 0
210 2044.823000 2045.132466 18
211 2053.733000 2055.132466 0
212 2065.736000 2066.216725 13
213 2075.432000 2075.291372 20
214 2085.432000 2085.590005 19
215 2095.640000 2095.382818 12
216 2105.535000 2105.588736 10
217 2116.249000 2115.588736 0
218 2125.944000 2126.087263 19
219 2135.944000 2136.087263 0
220 2146.477000 2146.180541 13
221 2156.339000 2156.180541 0
222 2166.172000 2166.246179 17
223 2176.248000 2176.246179 0
224 2185.589000 2186.246179 0
225 2195.326000 2195.629166 9
226 2205.520000 2204.441767 10
227 2217.024000 2214.441767 0
228 2227.821000 2227.559173 13
229 2237.286000 2237.250471 26
230 2246.071000 2245.852247 12
231 2256.071000 2255.852247 0
232 2265.092000 2265.163726 12
233 2275.092000 2275.072205 9
234 2284.908000 2284.866600 16
235 2294.908000 2296.054057 13
236 2304.609000 2304.534069 15
237 2314.609000 2314.534069 0
238 2324.304000 2324.534069 0
239 2334.304000 2334.534069 0
240 2344.486000 2344.370694 18
241 2353.057000 2354.370694 0
242 2362.985000 2364.370694 0
243 2372.520000 2372.698165 18
244 2381.683000 2381.219283 9
245 2392.797000 2392.473373 16
246 2402.524000 2402.626416 8
247 2412.524000 2412.711932 23
248 2422.603000 2422.711932 0
249 2432.623000 2432.528520 23
250 2442.623000 2442.361551 26
251 2451.774000 2451.612758 19
252 2461.676000 2461.612758 0
253 2470.754000 2470.795535 8
254 2481.214000 2481.019208 21
255 2491.098000 2491.019208 0
256 2500.447000 2501.019208 0
257 2509.765000 2509.631875 15
258 2518.890000 2519.631875 0
259 2529.280000 2529.631875 0
260 2538.944000 2539.266779 14
261 2548.529000 2548.463506 18
262 2558.036000 2558.475114 8
263 2567.093000 2566.978309 10
264 2575.836000 2576.978309 0
265 2585.931000 2585.983219 11
266 2595.244000 2595.348962 14
267 2605.244000 2605.107087 12
268 2615.042000 2614.895825 22
269 2624.843000 2624.505661 9
270 2635.057000 2634.505661 0
271 2645.270000 2645.640775 17
272 2654.752000 2655.640775 0
273 2664.938000 2664.892747 12
274 2674.439000 2673.940606 10
275 2684.201000 2683.940606 0
276 2693.355000 2693.376462 11
277 2703.021000 2703.082672 10
278 2712.409000 2712.892250 9
279 2722.955000 2723.340632 16
280 2733.351000 2733.379940 20
281 2743.508000 2743.411665 11
282 2753.438000 2753.608954 13
283 2763.906000 2763.608954 0
284 2774.276000 2774.215043 17
285 2783.156000 2783.231669 21
286 2792.350000 2791.903076 12
287 2802.543000 2801.903076 0
288 2812.446000 2812.214808 13
289 2821.794000 2822.214808 0
290 2830.771000 2832.214808 0
291 2841.083000 2842.214808 0
292 2851.257000 2852.214808 0
293 2861.257000 2860.778543 9
294 2871.591000 2870.778543 0
295 2880.480000 2880.778543 0
296 2890.480000 2890.778543 0
297 2900.383000 2899.978942 16
298 2910.232000 2909.978942 0
299 2920.525000 2920.448221 11
300 2930.148000 2930.183261 20
301 2939.843000 2939.945260 11
302 2949.985000 2949.944463 13
303 2959.411000 2959.944463 0
304 2969.411000 2969.038740 13
305 2979.660000 2979.038740 0
306 2989.373000 2989.038740 0
307 2999.373000 2999.038740 0
308 3009.156000 3009.038740 0
309 3018.995000 3019.932508 9
310 3028.707000 3028.850550 16
311 3038.277000 3038.281006 8
312 3046.041000 3045.086693 13
313 3054.913000 3055.086693 0
314 3064.767000 3065.086693 0
315 3074.767000 3074.768894 12
316 3084.516000 3084.614636 8
317 3092.780000 3092.651637 13
318 3102.278000 3101.680454 18
319 3113.010000 3111.680454 0
320 3122.474000 3121.680454 0
321 3132.329000 3133.008257 15
322 3140.879000 3140.611896 14
323 3150.790000 3150.859360 13
324 3160.555000 3160.607965 14
325 3169.624000 3170.607965 0
326 3177.834000 3180.607965 0
327 3187.548000 3187.313753 18
328 3198.656000 3198.973928 19
329 3208.441000 3208.475812 16
330 3217.491000 3217.820876 15
331 3228.026000 3227.820876 0
332 3238.294000 3237.820876 0
333 3248.222000 3248.312149 10
334 3258.222000 3258.451916 18
335 3267.432000 3267.029487 14
336 3277.002000 3276.941113 19
337 3287.002000 3286.941113 0
338 3297.002000 3296.941113 0
339 3307.002000 3307.842590 13
340 3316.855000 3317.842590 0
341 3326.855000 3328.952923 10
342 3335.816000 3335.969432 10
343 3346.780000 3345.969432 0
344 3357.496000 3355.969432 0
345 3367.780000 3367.804639 25
346 3377.690000 3377.804639 0
347 3387.331000 3387.377395 9
348 3397.331000 3397.741902 14
349 3403.895000 3407.741902 0
350 3413.895000 3417.741902 0
351 3423.625000 3423.904997 12
352 3434.501000 3433.904997 0
353 3444.227000 3444.175311 14
354 3454.999000 3454.755080 13
355 3464.135000 3464.114793 10
356 3474.135000 3474.114793 0
357 3484.135000 3484.158530 17
358 3493.815000 3494.615952 13
359 3503.474000 3503.540746 13
360 3513.133000 3512.510383 13
361 3522.614000 3522.460091 20
362 3532.614000 3532.489183 9
363 3540.698000 3541.914639 10
364 3549.319000 3551.914639 0
365 3560.035000 3561.914639 0
366 3570.427000 3571.914639 0
367 3579.853000 3580.239026 21
368 3588.868000 3590.239026 0
369 3597.758000 3598.080463 18
370 3608.598000 3608.080463 0
371 3619.205000 3618.080463 0
372 3630.495000 3630.553513 16
373 3639.841000 3639.968737 14
374 3650.150000 3649.968737 0
375 3658.773000 3659.968737 0
376 3669.988000 3669.968737 0
377 3675.443000 3679.968737 0
378 3686.082000 3686.575703 25
379 3696.082000 3696.575703 0
380 3707.480000 3706.575703 0
381 3717.480000 3712.790672 14
382 3727.480000 3713.370267 13
383 3737.086000 3723.370267 0
384 3746.943000 3733.370267 0
385 3756.241000 3757.327568 11
386 3766.400000 3766.623395 10
387 3776.400000 3762.292201 11
388 3786.400000 3786.841982 12
389 3795.665000 3795.493555 18
390 3803.874000 3803.327177 14
391 3813.588000 3814.059294 8
392 3823.819000 3824.249968 12
393 3833.460000 3832.220338 8
394 3842.278000 3842.374320 13
395 3852.672000 3852.774659 13
396 3863.100000 3862.774659 0
397 3873.868000 3872.774659 0
398 3883.688000 3883.081387 10
399 3892.560000 3892.344883 12
400 3903.079000 3902.984380 14
401 3913.113000 3912.984380 0
402 3922.683000 3921.972829 12
403 3932.467000 3932.584095 14
404 3942.324000 3942.584095 0
405 3950.945000 3952.584095 0
406 3960.478000 3960.146739 8
407 3970.818000 3970.146739 0
408 3980.709000 3980.777614 9
409 3987.524000 3990.777614 0
410 3997.721000 3997.773900 23
411 4007.827000 4007.751251 10
412 4017.827000 4017.751251 0
413 4027.055000 4027.094454 15
414 4036.481000 4036.268827 18
415 4046.481000 4046.079233 8
416 4055.175000 4056.067703 14
417 4064.458000 4066.067703 0
418 4073.867000 4076.067703 0
419 4082.614000 4086.067703 0
420 4093.775000 4096.067703 0
421 4102.647000 4102.792878 12
422 4111.877000 4111.950076 13
423 4121.715000 4121.570612 18
424 4130.747000 4131.570612 0
425 4140.193000 4140.281126 22
426 4150.031000 4150.183949 10
427 4159.457000 4160.183949 0
428 4170.041000 4169.791941 13
429 4179.827000 4179.690899 26
430 4189.240000 4189.530279 13
431 4198.753000 4199.530279 0
432 4208.351000 4208.066782 23
433 4217.789000 4218.224334 10
434 4227.286000 4228.224334 0
435 4236.999000 4236.940966 14
436 4244.888000 4245.221302 9
437 4254.888000 4254.651644 14
438 4264.439000 4264.651644 0
439 4274.258000 4274.696777 17
440 4284.043000 4284.434206 17
441 4294.402000 4294.547468 15
442 4303.916000 4304.026702 30
443 4313.916000 4313.392979 12
444 4323.916000 4323.392979 0
445 4333.452000 4333.881782 11
446 4343.452000 4343.546165 12
447 4353.696000 4353.296793 14
448 4363.535000 4363.722074 16
449 4373.659000 4373.722074 0
450 4384.141000 4383.722074 0
451 4393.800000 4394.190961 12
452 4403.011000 4403.205976 11
453 4412.922000 4413.205976 0
454 4421.741000 4421.308358 18
455 4431.202000 4431.308358 0
456 4440.558000 4441.822989 15
457 4450.718000 4452.323987 10
458 4460.914000 4461.000874 14
459 4468.980000 4471.000874 0
460 4477.834000 4477.371089 9
461 4487.834000 4523.854413 8
462 4496.760000 4533.854413 0
463 4505.714000 4543.854413 0
464 4514.669000 4539.847205 8
465 4522.896000 4549.847205 0
466 4532.554000 4559.847205 0
467 4540.771000 4569.847205 0
468 4549.692000 4586.998204 10
469 4558.663000 4559.366457 13
470 4568.567000 4569.366457 0
471 4579.446000 4579.316837 8
472 4586.385000 4586.398398 12
473 4596.676000 4596.274084 11
474 4606.008000 4605.448940 11
475 4615.820000 4615.448940 0
476 4624.232000 4625.448940 0
477 4633.843000 4633.981566 20
478 4643.506000 4644.096922 11
479 4652.917000 4654.096922 0
480 4662.917000 4662.872764 20
481 4672.917000 4672.878323 23
