001 0.000000 -0.051649 48
002 10.000000 9.978565 36
003 20.000000 21.444415 13
004 28.072000 31.444415 0
005 38.058000 38.087011 24
006 48.059000 48.015349 20
007 58.056000 58.062789 10
008 68.056000 68.083884 10
009 78.056000 78.075599 40
010 88.056000 88.085687 23
011 98.056000 98.226618 34
012 108.056000 108.095405 41
013 118.056000 118.076334 28
014 128.056000 128.097180 42
015 138.056000 138.083354 35
016 148.056000 148.076356 43
017 158.056000 158.076379 48
018 168.056000 168.076477 41
019 178.056000 178.224648 37
020 188.056000 188.091278 47
021 198.056000 198.076874 41
022 208.056000 208.067934 43
023 218.056000 218.095348 44
024 228.056000 228.213475 25
025 238.056000 239.865708 19
026 248.056000 229.262797 15
027 258.311000 258.729202 11
028 268.392000 268.729202 0
029 278.457000 278.337824 16
030 288.680000 288.196300 10
031 299.265000 299.510426 21
032 309.265000 309.369412 21
033 319.460000 319.369412 0
034 329.886000 329.369412 0
035 331.489000 339.369412 0
036 341.050000 349.369412 0
037 352.269000 359.369412 0
038 362.269000 369.369412 0
039 372.483000 379.369412 0
040 382.483000 382.285935 14
041 392.844000 391.957420 16
042 403.556000 403.782729 14
043 414.326000 413.782729 0
044 424.449000 424.280284 13
045 434.768000 434.493311 15
046 444.768000 444.493311 0
047 452.651000 454.493311 0
048 462.775000 462.807147 8
049 472.194000 472.807147 0
050 482.194000 482.267130 12
051 491.877000 492.436589 14
052 501.624000 502.431934 17
053 511.427000 512.431934 0
054 520.978000 520.588617 18
055 530.978000 530.779263 11
056 541.619000 540.779263 0
057 550.842000 550.779263 0
058 560.228000 560.779263 0
059 569.286000 570.779263 0
060 578.659000 578.939122 12
061 588.915000 589.721885 16
062 598.555000 599.721885 0
063 608.681000 608.555304 14
064 619.259000 619.271534 29
065 628.721000 628.200183 10
066 638.369000 638.200183 0
067 647.991000 648.200183 0
068 657.851000 658.416752 12
069 666.916000 666.701985 10
070 675.899000 675.652809 12
071 685.573000 686.097931 17
072 695.248000 695.266204 15
073 705.586000 705.266204 0
074 715.395000 715.266204 0
075 725.261000 725.473603 16
076 734.717000 735.473603 0
077 745.217000 744.986353 15
078 755.217000 755.121519 14
079 764.858000 765.121519 0
080 774.506000 775.121519 0
081 785.429000 785.121519 0
082 796.513000 796.977468 14
083 806.746000 806.567634 8
084 816.819000 816.703897 14
085 826.819000 826.598336 25
086 836.249000 836.662742 12
087 846.163000 845.961088 12
088 856.163000 855.961088 0
089 864.873000 864.920271 10
090 873.220000 873.291653 13
091 883.027000 883.973644 10
092 892.860000 892.149025 11
093 902.860000 902.149025 0
094 912.210000 911.305769 10
095 921.433000 921.305769 0
096 931.433000 931.658949 17
097 940.742000 941.658949 0
098 949.547000 951.658949 0
099 958.617000 961.658949 0
100 968.324000 968.301404 16
101 977.329000 977.424018 17
102 987.329000 987.624685 17
103 997.595000 997.624685 0
104 1007.336000 1007.339241 10
105 1017.463000 1017.339241 0
106 1028.014000 1027.339241 0
107 1037.881000 1037.952729 11
108 1046.619000 1046.789861 17
109 1056.878000 1057.051150 20
110 1066.607000 1066.282205 12
111 1076.607000 1076.282205 0
112 1085.691000 1086.282205 0
113 1095.691000 1095.691256 20
114 1104.986000 1104.995247 17
115 1115.086000 1115.110802 20
116 1124.734000 1124.402056 11
117 1133.904000 1133.750761 19
118 1143.738000 1143.547045 24
119 1153.068000 1153.117882 8
120 1162.582000 1163.117882 0
121 1172.470000 1171.947838 14
122 1181.693000 1181.947838 0
123 1191.553000 1191.947838 0
124 1201.148000 1201.532987 17
125 1211.148000 1211.532987 0
126 1220.338000 1219.951445 10
127 1229.986000 1230.065317 9
128 1239.076000 1239.089942 16
129 1249.076000 1249.089942 0
130 1257.800000 1259.089942 0
131 1267.668000 1269.089942 0
132 1278.014000 1278.813343 9
133 1288.014000 1288.055133 13
134 1297.789000 1298.225244 13
135 1307.517000 1308.225244 0
136 1317.517000 1318.225244 0
137 1327.250000 1328.225244 0
138 1336.985000 1336.900317 22
139 1346.985000 1347.189869 15
140 1356.581000 1356.149568 16
141 1365.299000 1396.268588 8
142 1375.105000 1406.268588 0
143 1385.579000 1385.551770 8
144 1395.579000 1395.559476 21
145 1405.579000 1405.770892 25
146 1415.931000 1415.945244 16
147 1425.340000 1425.945244 0
148 1434.351000 1435.945244 0
149 1443.813000 1445.945244 0
150 1453.703000 1453.922563 19
151 1463.450000 1463.922563 0
152 1471.333000 1473.922563 0
153 1481.566000 1483.922563 0
154 1491.044000 1490.991972 22
155 1500.579000 1500.991972 0
156 1510.173000 1510.991972 0
157 1520.607000 1520.991972 0
158 1530.868000 1531.420146 11
159 1540.607000 1540.554490 9
160 1549.968000 1550.554490 0
161 1560.345000 1560.209686 20
162 1570.539000 1569.941609 9
163 1579.858000 1579.568001 11
164 1589.858000 1589.568001 0
165 1599.858000 1599.568001 0
166 1610.086000 1609.568001 0
167 1620.615000 1620.940489 11
168 1631.827000 1630.940489 0
169 1641.168000 1641.165311 14
170 1651.300000 1651.165311 0
171 1663.636000 1661.165311 0
172 1672.749000 1672.750481 23
173 1683.172000 1682.750481 0
174 1693.095000 1693.965782 14
175 1702.956000 1703.055570 29
176 1713.607000 1712.828807 11
177 1724.031000 1724.203396 8
178 1734.031000 1733.264821 11
179 1742.838000 1743.264821 0
180 1752.449000 1751.878526 8
181 1760.542000 1760.424797 9
182 1770.715000 1770.424797 0
183 1780.992000 1780.424797 0
184 1790.832000 1790.226016 12
185 1800.832000 1800.226016 0
186 1810.721000 1811.632332 17
187 1820.617000 1821.632332 0
188 1830.360000 1830.455237 26
189 1840.013000 1840.049636 14
190 1849.209000 1850.049636 0
191 1860.090000 1860.049636 0
192 1869.680000 1870.049636 0
193 1879.478000 1879.951653 10
194 1889.402000 1889.850399 18
195 1899.097000 1899.004296 15
196 1908.417000 1909.004296 0
197 1917.757000 1919.004296 0
198 1926.911000 1928.209624 15
199 1937.293000 1938.042056 8
200 1946.883000 1948.042056 0
201 1954.809000 1958.042056 0
202 1964.620000 1968.042056 0
203 1974.782000 1978.042056 0
204 1985.579000 1985.551340 8
205 1995.308000 1995.454910 13
206 2005.308000 2005.454910 0
207 2015.204000 2015.454910 0
208 2024.919000 2024.034266 13
209 2034.823000 2034.034266 0
210 2044.823000 2045.132466 18
211 2053.733000 2055.132466 0
212 2065.736000 2065.978654 11
213 2075.432000 2075.278972 19
214 2085.432000 2085.594014 18
215 2095.640000 2095.382818 12
216 2105.535000 2105.632246 8
217 2116.249000 2115.632246 0
218 2125.944000 2126.085559 19
219 2135.944000 2136.085559 0
220 2146.477000 2146.264671 13
221 2156.339000 2156.264671 0
222 2166.172000 2166.236871 18
223 2176.248000 2175.994372 8
224 2185.589000 2185.994372 0
225 2195.326000 2195.629166 9
226 2205.520000 2205.174296 10
227 2217.024000 2215.174296 0
228 2227.821000 2227.309415 13
229 2237.286000 2237.115888 24
230 2246.071000 2245.887509 12
231 2256.071000 2255.887509 0
232 2265.092000 2265.171630 10
233 2275.092000 2275.072205 9
234 2284.908000 2284.864900 16
235 2294.908000 2295.463126 16
236 2304.609000 2304.530336 14
237 2314.609000 2314.530336 0
238 2324.304000 2324.530336 0
239 2334.304000 2334.216897 8
240 2344.486000 2344.356873 17
241 2353.057000 2354.356873 0
242 2362.985000 2362.704980 8
243 2372.520000 2372.675556 19
244 2381.683000 2382.675556 0
245 2392.797000 2392.767854 19
246 2402.524000 2402.767854 0
247 2412.524000 2412.635547 24
248 2422.603000 2422.635547 0
249 2432.623000 2432.592220 23
250 2442.623000 2442.309923 23
251 2451.774000 2451.848310 8
252 2461.676000 2461.848310 0
253 2470.754000 2471.848310 0
254 2481.214000 2480.989255 19
255 2491.098000 2490.989255 0
256 2500.447000 2500.989255 0
257 2509.765000 2509.397071 17
258 2518.890000 2519.397071 0
259 2529.280000 2528.043815 8
260 2538.944000 2539.521624 13
261 2548.529000 2548.459568 17
262 2558.036000 2558.459568 0
263 2567.093000 2566.978309 10
264 2575.836000 2576.978309 0
265 2585.931000 2585.995840 13
266 2595.244000 2595.343777 12
267 2605.244000 2605.107087 12
268 2615.042000 2614.895825 22
269 2624.843000 2624.549979 10
270 2635.057000 2634.549979 0
271 2645.270000 2645.688835 15
272 2654.752000 2654.305032 9
273 2664.938000 2664.916539 10
274 2674.439000 2673.940606 10
275 2684.201000 2683.940606 0
276 2693.355000 2693.575427 9
277 2703.021000 2703.082672 10
278 2712.409000 2712.892250 9
279 2722.955000 2723.354935 14
280 2733.351000 2733.397295 18
281 2743.508000 2743.421337 10
282 2753.438000 2753.623930 13
283 2763.906000 2763.623930 0
284 2774.276000 2774.055763 17
285 2783.156000 2783.397137 21
286 2792.350000 2792.084083 11
287 2802.543000 2802.084083 0
288 2812.446000 2812.237153 14
289 2821.794000 2822.237153 0
290 2830.771000 2832.237153 0
291 2841.083000 2842.237153 0
292 2851.257000 2852.237153 0
293 2861.257000 2862.237153 0
294 2871.591000 2872.237153 0
295 2880.480000 2882.237153 0
296 2890.480000 2892.237153 0
297 2900.383000 2899.978942 16
298 2910.232000 2909.978942 0
299 2920.525000 2920.526706 10
300 2930.148000 2930.033362 21
301 2939.843000 2940.521698 10
302 2949.985000 2949.939717 12
303 2959.411000 2959.939717 0
304 2969.411000 2969.038740 13
305 2979.660000 2979.038740 0
306 2989.373000 2989.038740 0
307 2999.373000 2999.038740 0
308 3009.156000 3009.038740 0
309 3018.995000 3019.038740 0
310 3028.707000 3028.856723 14
311 3038.277000 3038.856723 0
312 3046.041000 3045.520399 12
313 3054.913000 3055.520399 0
314 3064.767000 3065.520399 0
315 3074.767000 3074.757245 14
316 3084.516000 3084.622584 8
317 3092.780000 3092.635705 12
318 3102.278000 3101.703902 19
319 3113.010000 3111.703902 0
320 3122.474000 3121.703902 0
321 3132.329000 3132.622127 16
322 3140.879000 3140.640058 16
323 3150.790000 3150.844599 14
324 3160.555000 3160.844599 0
325 3169.624000 3170.844599 0
326 3177.834000 3180.844599 0
327 3187.548000 3187.606654 16
328 3198.656000 3198.981708 23
329 3208.441000 3208.471123 17
330 3217.491000 3217.852798 11
331 3228.026000 3227.852798 0
332 3238.294000 3237.852798 0
333 3248.222000 3248.077437 10
334 3258.222000 3258.527040 20
335 3267.432000 3267.079522 16
336 3277.002000 3276.866046 21
337 3287.002000 3286.866046 0
338 3297.002000 3296.866046 0
339 3307.002000 3308.995537 14
340 3316.855000 3316.862948 8
341 3326.855000 3328.960516 11
342 3335.816000 3335.696613 11
343 3346.780000 3345.760049 9
344 3357.496000 3357.712011 8
345 3367.780000 3367.803793 28
346 3377.690000 3377.803793 0
347 3387.331000 3387.528021 8
348 3397.331000 3397.730897 14
349 3403.895000 3407.730897 0
350 3413.895000 3413.449150 10
351 3423.625000 3423.904997 12
352 3434.501000 3433.904997 0
353 3444.227000 3444.189037 14
354 3454.999000 3454.964643 12
355 3464.135000 3464.114793 10
356 3474.135000 3473.954436 15
357 3484.135000 3484.162117 16
358 3493.815000 3494.615952 13
359 3503.474000 3503.537233 13
360 3513.133000 3512.287948 14
361 3522.614000 3522.637656 19
362 3532.614000 3532.509028 10
363 3540.698000 3541.467582 10
364 3549.319000 3551.467582 0
365 3560.035000 3561.467582 0
366 3570.427000 3571.467582 0
367 3579.853000 3579.843955 18
368 3588.868000 3589.843955 0
369 3597.758000 3598.080463 18
370 3608.598000 3608.080463 0
371 3619.205000 3618.080463 0
372 3630.495000 3630.539598 15
373 3639.841000 3639.968737 14
374 3650.150000 3649.968737 0
375 3658.773000 3659.968737 0
376 3669.988000 3669.968737 0
377 3675.443000 3679.968737 0
378 3686.082000 3686.558492 25
379 3696.082000 3696.558492 0
380 3707.480000 3706.558492 0
381 3717.480000 3712.790672 14
382 3727.480000 3713.399602 12
383 3737.086000 3723.399602 0
384 3746.943000 3733.399602 0
385 3756.241000 3756.684990 10
386 3766.400000 3766.671991 11
387 3776.400000 3762.008296 9
388 3786.400000 3772.008296 0
389 3795.665000 3795.505908 19
390 3803.874000 3803.327177 14
391 3813.588000 3813.954238 13
392 3823.819000 3824.238094 10
393 3833.460000 3832.346647 9
394 3842.278000 3842.351938 14
395 3852.672000 3852.774659 13
396 3863.100000 3862.774659 0
397 3873.868000 3872.774659 0
398 3883.688000 3883.144567 11
399 3892.560000 3892.671737 14
400 3903.079000 3902.951490 20
401 3913.113000 3912.951490 0
402 3922.683000 3921.902105 11
403 3932.467000 3932.362202 18
404 3942.324000 3942.362202 0
405 3950.945000 3951.107680 9
406 3960.478000 3960.055900 8
407 3970.818000 3970.055900 0
408 3980.709000 3980.741704 10
409 3987.524000 3990.741704 0
410 3997.721000 3997.776234 22
411 4007.827000 4007.705644 10
412 4017.827000 4017.705644 0
413 4027.055000 4027.100381 13
414 4036.481000 4036.246666 16
415 4046.481000 4046.079233 8
416 4055.175000 4055.997848 15
417 4064.458000 4065.997848 0
418 4073.867000 4075.997848 0
419 4082.614000 4085.997848 0
420 4093.775000 4095.997848 0
421 4102.647000 4103.353709 11
422 4111.877000 4111.824096 13
423 4121.715000 4121.575532 17
424 4130.747000 4131.575532 0
425 4140.193000 4140.279414 23
426 4150.031000 4150.438682 11
427 4159.457000 4160.438682 0
428 4170.041000 4169.501055 14
429 4179.827000 4179.607776 27
430 4189.240000 4189.143353 14
431 4198.753000 4169.110104 8
432 4208.351000 4208.066782 23
433 4217.789000 4217.827711 11
434 4227.286000 4227.827711 0
435 4236.999000 4236.929780 14
436 4244.888000 4245.214947 9
437 4254.888000 4254.523447 14
438 4264.439000 4264.523447 0
439 4274.258000 4274.711173 16
440 4284.043000 4284.310417 16
441 4294.402000 4294.610783 14
442 4303.916000 4303.927866 29
443 4313.916000 4311.517770 8
444 4323.916000 4321.517770 0
445 4333.452000 4333.856865 15
446 4343.452000 4343.546165 12
447 4353.696000 4353.178516 14
448 4363.535000 4363.591945 15
449 4373.659000 4373.591945 0
450 4384.141000 4383.591945 0
451 4393.800000 4394.626794 15
452 4403.011000 4402.911243 8
453 4412.922000 4412.911243 0
454 4421.741000 4421.502860 20
455 4431.202000 4431.502860 0
456 4440.558000 4442.401485 10
457 4450.718000 4451.002455 13
458 4460.914000 4460.931245 12
459 4468.980000 4470.931245 0
460 4477.834000 4477.371089 9
461 4487.834000 4487.371089 0
462 4496.760000 4497.371089 0
463 4505.714000 4507.371089 0
464 4514.669000 4541.890231 8
465 4522.896000 4551.890231 0
466 4532.554000 4561.890231 0
467 4540.771000 4630.263637 9
468 4549.692000 4586.686555 10
469 4558.663000 4596.686555 0
470 4568.567000 4606.686555 0
471 4579.446000 4616.686555 0
472 4586.385000 4586.594236 11
473 4596.676000 4596.291873 12
474 4606.008000 4605.693411 14
475 4615.820000 4615.693411 0
476 4624.232000 4625.693411 0
477 4633.843000 4633.997278 17
478 4643.506000 4643.886518 14
479 4652.917000 4653.886518 0
480 4662.917000 4662.860675 21
481 4672.917000 4672.878323 23
