001 0.000000 -0.051649 48
002 10.000000 9.978565 36
003 20.000000 21.444415 13
004 28.072000 31.444415 0
005 38.058000 38.087011 24
006 48.059000 48.018500 21
007 58.056000 58.069305 9
008 68.056000 68.083884 10
009 78.056000 78.075599 40
010 88.056000 88.084749 24
011 98.056000 98.223694 35
012 108.056000 108.095405 41
013 118.056000 118.076334 28
014 128.056000 127.993124 44
015 138.056000 138.082317 33
016 148.056000 148.077072 44
017 158.056000 158.075628 49
018 168.056000 168.076477 41
019 178.056000 178.314525 38
020 188.056000 188.091278 47
021 198.056000 198.076874 41
022 208.056000 208.067934 43
023 218.056000 218.097525 43
024 228.056000 228.224393 24
025 238.056000 240.170050 19
026 248.056000 248.903816 15
027 258.311000 258.729202 11
028 268.392000 268.729202 0
029 278.457000 278.724693 19
030 288.680000 288.599059 15
031 299.265000 299.510426 21
032 309.265000 309.366584 22
033 319.460000 319.366584 0
034 329.886000 329.366584 0
035 331.489000 339.366584 0
036 341.050000 310.104296 8
037 352.269000 320.104296 0
038 362.269000 330.104296 0
039 372.483000 340.104296 0
040 382.483000 382.285935 14
041 392.844000 391.910537 15
042 403.556000 403.781281 14
043 414.326000 413.781281 0
044 424.449000 424.284519 14
045 434.768000 434.504676 16
046 444.768000 444.504676 0
047 452.651000 454.504676 0
048 462.775000 464.504676 0
049 472.194000 474.504676 0
050 482.194000 482.399616 13
051 491.877000 492.211023 13
052 501.624000 502.212893 15
053 511.427000 511.077050 9
054 520.978000 520.566006 16
055 530.978000 530.797236 12
056 541.619000 540.797236 0
057 550.842000 550.797236 0
058 560.228000 607.861857 8
059 569.286000 617.861857 0
060 578.659000 627.861857 0
061 588.915000 637.861857 0
062 598.555000 647.861857 0
063 608.681000 608.511492 13
064 619.259000 619.267092 28
065 628.721000 628.173932 9
066 638.369000 638.173932 0
067 647.991000 648.173932 0
068 657.851000 658.601624 13
069 666.916000 666.713522 10
070 675.899000 675.890587 10
071 685.573000 686.046976 17
072 695.248000 695.538554 17
073 705.586000 705.613931 11
074 715.395000 715.613931 0
075 725.261000 725.388429 17
076 734.717000 735.388429 0
077 745.217000 744.983678 14
078 755.217000 755.482938 13
079 764.858000 765.482938 0
080 774.506000 775.482938 0
081 785.429000 785.482938 0
082 796.513000 796.497132 11
083 806.746000 806.555173 9
084 816.819000 816.714575 13
085 826.819000 826.825022 25
086 836.249000 836.666943 13
087 846.163000 845.960574 11
088 856.163000 855.960574 0
089 864.873000 864.933742 13
090 873.220000 873.199814 13
091 883.027000 884.308838 12
092 892.860000 892.743556 9
093 902.860000 902.743556 0
094 912.210000 911.114507 10
095 921.433000 921.114507 0
096 931.433000 931.658949 17
097 940.742000 941.658949 0
098 949.547000 951.658949 0
099 958.617000 961.658949 0
100 968.324000 968.306263 16
101 977.329000 977.425988 18
102 987.329000 987.652834 14
103 997.595000 997.652834 0
104 1007.336000 1007.339241 10
105 1017.463000 1017.339241 0
106 1028.014000 1027.339241 0
107 1037.881000 1037.339241 0
108 1046.619000 1046.832405 15
109 1056.878000 1057.078298 21
110 1066.607000 1066.303075 13
111 1076.607000 1076.303075 0
112 1085.691000 1086.303075 0
113 1095.691000 1095.895087 20
114 1104.986000 1104.995247 17
115 1115.086000 1115.049905 20
116 1124.734000 1124.398539 12
117 1133.904000 1133.764065 17
118 1143.738000 1143.550467 27
119 1153.068000 1153.117882 8
120 1162.582000 1163.117882 0
121 1172.470000 1171.947838 14
122 1181.693000 1181.947838 0
123 1191.553000 1191.947838 0
124 1201.148000 1201.532987 17
125 1211.148000 1211.532987 0
126 1220.338000 1220.178142 10
127 1229.986000 1230.065317 9
128 1239.076000 1239.089942 16
129 1249.076000 1249.089942 0
130 1257.800000 1259.089942 0
131 1267.668000 1269.089942 0
132 1278.014000 1278.557019 9
133 1288.014000 1288.055133 13
134 1297.789000 1298.268353 14
135 1307.517000 1308.268353 0
136 1317.517000 1318.268353 0
137 1327.250000 1328.268353 0
138 1336.985000 1336.902765 23
139 1346.985000 1347.087513 15
140 1356.581000 1355.949185 17
141 1365.299000 1396.268588 8
142 1375.105000 1406.268588 0
143 1385.579000 1416.268588 0
144 1395.579000 1395.564111 20
145 1405.579000 1405.779375 25
146 1415.931000 1415.597543 12
147 1425.340000 1425.597543 0
148 1434.351000 1433.927562 9
149 1443.813000 1443.927562 0
150 1453.703000 1453.926492 21
151 1463.450000 1463.926492 0
152 1471.333000 1473.926492 0
153 1481.566000 1483.926492 0
154 1491.044000 1490.952230 20
155 1500.579000 1500.952230 0
156 1510.173000 1510.441769 8
157 1520.607000 1520.441769 0
158 1530.868000 1531.255616 9
159 1540.607000 1541.255616 0
160 1549.968000 1551.255616 0
161 1560.345000 1560.209686 20
162 1570.539000 1569.941609 9
163 1579.858000 1579.806855 10
164 1589.858000 1589.806855 0
165 1599.858000 1599.806855 0
166 1610.086000 1609.806855 0
167 1620.615000 1620.938166 12
168 1631.827000 1630.938166 0
169 1641.168000 1641.348795 14
170 1651.300000 1651.348795 0
171 1663.636000 1661.348795 0
172 1672.749000 1672.784797 21
173 1683.172000 1682.784797 0
174 1693.095000 1694.033621 13
175 1702.956000 1703.116751 32
176 1713.607000 1713.041161 11
177 1724.031000 1723.041161 0
178 1734.031000 1733.359306 12
179 1742.838000 1743.799731 8
180 1752.449000 1753.799731 0
181 1760.542000 1760.585152 9
182 1770.715000 1770.585152 0
183 1780.992000 1780.422001 8
184 1790.832000 1790.268143 13
185 1800.832000 1800.268143 0
186 1810.721000 1811.632332 17
187 1820.617000 1821.632332 0
188 1830.360000 1830.328815 26
189 1840.013000 1839.904889 14
190 1849.209000 1849.904889 0
191 1860.090000 1859.904889 0
192 1869.680000 1869.904889 0
193 1879.478000 1879.902864 11
194 1889.402000 1889.358915 13
195 1899.097000 1899.003558 15
196 1908.417000 1909.003558 0
197 1917.757000 1919.003558 0
198 1926.911000 1928.381797 17
199 1937.293000 1938.042056 8
200 1946.883000 1948.042056 0
201 1954.809000 1958.042056 0
202 1964.620000 1953.452652 8
203 1974.782000 1963.452652 0
204 1985.579000 1985.563420 8
205 1995.308000 1995.454910 13
206 2005.308000 2005.663176 9
207 2015.204000 2015.663176 0
208 2024.919000 2024.405760 14
209 2034.823000 2034.405760 0
210 2044.823000 2045.132466 18
211 2053.733000 2055.132466 0
212 2065.736000 2066.001728 11
213 2075.432000 2075.297511 22
214 2085.432000 2085.431007 15
215 2095.640000 2095.382818 12
216 2105.535000 2105.382818 0
217 2116.249000 2115.987611 8
218 2125.944000 2126.158528 19
219 2135.944000 2136.158528 0
220 2146.477000 2146.180541 13
221 2156.339000 2156.180541 0
222 2166.172000 2166.242614 16
223 2176.248000 2175.819382 9
224 2185.589000 2185.819382 0
225 2195.326000 2195.559732 10
226 2205.520000 2205.025719 11
227 2217.024000 2215.025719 0
228 2227.821000 2227.559534 14
229 2237.286000 2237.110507 26
230 2246.071000 2245.871907 11
231 2256.071000 2255.871907 0
232 2265.092000 2265.206941 13
233 2275.092000 2275.072422 8
234 2284.908000 2284.871584 19
235 2294.908000 2295.666916 18
236 2304.609000 2304.539312 15
237 2314.609000 2314.539312 0
238 2324.304000 2324.539312 0
239 2334.304000 2333.073396 9
240 2344.486000 2344.341725 17
241 2353.057000 2354.341725 0
242 2362.985000 2362.704980 8
243 2372.520000 2372.686457 18
244 2381.683000 2382.686457 0
245 2392.797000 2392.895753 14
246 2402.524000 2402.895753 0
247 2412.524000 2412.660870 22
248 2422.603000 2422.660870 0
249 2432.623000 2432.528520 23
250 2442.623000 2442.352030 24
251 2451.774000 2451.612758 19
252 2461.676000 2461.612758 0
253 2470.754000 2471.519884 9
254 2481.214000 2481.019208 21
255 2491.098000 2491.019208 0
256 2500.447000 2500.170623 12
257 2509.765000 2509.632379 16
258 2518.890000 2519.632379 0
259 2529.280000 2529.632379 0
260 2538.944000 2539.478549 14
261 2548.529000 2548.482294 19
262 2558.036000 2558.482294 0
263 2567.093000 2567.036840 9
264 2575.836000 2577.036840 0
265 2585.931000 2585.990298 12
266 2595.244000 2595.352184 13
267 2605.244000 2605.122926 13
268 2615.042000 2614.895825 22
269 2624.843000 2624.549979 10
270 2635.057000 2634.549979 0
271 2645.270000 2645.594503 19
272 2654.752000 2655.594503 0
273 2664.938000 2664.891594 11
274 2674.439000 2674.357478 10
275 2684.201000 2684.357478 0
276 2693.355000 2693.237974 9
277 2703.021000 2703.082580 9
278 2712.409000 2713.082580 0
279 2722.955000 2723.354935 14
280 2733.351000 2733.397295 18
281 2743.508000 2743.426261 9
282 2753.438000 2753.623930 13
283 2763.906000 2763.623930 0
284 2774.276000 2774.176303 18
285 2783.156000 2783.335213 18
286 2792.350000 2791.903076 12
287 2802.543000 2801.903076 0
288 2812.446000 2812.237153 14
289 2821.794000 2822.237153 0
290 2830.771000 2832.237153 0
291 2841.083000 2842.237153 0
292 2851.257000 2852.237153 0
293 2861.257000 2862.237153 0
294 2871.591000 2872.237153 0
295 2880.480000 2882.237153 0
296 2890.480000 2892.237153 0
297 2900.383000 2899.978942 16
298 2910.232000 2909.693980 8
299 2920.525000 2920.504289 8
300 2930.148000 2930.033362 21
301 2939.843000 2940.434179 11
302 2949.985000 2949.944463 13
303 2959.411000 2959.944463 0
304 2969.411000 2969.161191 10
305 2979.660000 2979.161191 0
306 2989.373000 2989.161191 0
307 2999.373000 2999.161191 0
308 3009.156000 3009.161191 0
309 3018.995000 3019.956868 10
310 3028.707000 3028.849668 15
311 3038.277000 3038.849668 0
312 3046.041000 3048.849668 0
313 3054.913000 3058.849668 0
314 3064.767000 3068.849668 0
315 3074.767000 3074.757245 14
316 3084.516000 3084.622584 8
317 3092.780000 3092.651637 13
318 3102.278000 3101.901165 18
319 3113.010000 3111.901165 0
320 3122.474000 3121.901165 0
321 3132.329000 3132.905855 14
322 3140.879000 3140.621658 15
323 3150.790000 3150.859360 13
324 3160.555000 3160.617004 14
325 3169.624000 3170.617004 0
326 3177.834000 3180.617004 0
327 3187.548000 3187.308505 17
328 3198.656000 3198.942807 21
329 3208.441000 3208.469665 15
330 3217.491000 3217.797854 12
331 3228.026000 3227.797854 0
332 3238.294000 3237.797854 0
333 3248.222000 3247.709413 8
334 3258.222000 3258.527040 20
335 3267.432000 3267.079522 16
336 3277.002000 3276.873590 22
337 3287.002000 3286.873590 0
338 3297.002000 3296.873590 0
339 3307.002000 3308.009929 14
340 3316.855000 3318.009929 0
341 3326.855000 3327.308307 9
342 3335.816000 3336.610193 12
343 3346.780000 3345.760049 9
344 3357.496000 3357.712011 8
345 3367.780000 3367.803793 28
346 3377.690000 3377.803793 0
347 3387.331000 3387.803793 0
348 3397.331000 3397.722229 15
349 3403.895000 3407.722229 0
350 3413.895000 3417.722229 0
351 3423.625000 3423.904997 12
352 3434.501000 3435.420429 9
353 3444.227000 3444.180397 15
354 3454.999000 3454.571707 14
355 3464.135000 3464.064051 9
356 3474.135000 3473.912841 16
357 3484.135000 3484.277009 17
358 3493.815000 3494.034819 16
359 3503.474000 3503.564558 12
360 3513.133000 3512.870461 11
361 3522.614000 3522.636843 18
362 3532.614000 3532.489183 9
363 3540.698000 3541.386389 9
364 3549.319000 3551.386389 0
365 3560.035000 3561.386389 0
366 3570.427000 3571.386389 0
367 3579.853000 3580.201026 18
368 3588.868000 3588.686512 9
369 3597.758000 3598.064564 19
370 3608.598000 3608.064564 0
371 3619.205000 3618.064564 0
372 3630.495000 3630.568039 14
373 3639.841000 3639.964720 13
374 3650.150000 3649.964720 0
375 3658.773000 3659.964720 0
376 3669.988000 3669.964720 0
377 3675.443000 3679.964720 0
378 3686.082000 3686.560984 30
379 3696.082000 3696.560984 0
380 3707.480000 3706.560984 0
381 3717.480000 3713.009028 13
382 3727.480000 3713.370267 13
383 3737.086000 3723.370267 0
384 3746.943000 3733.370267 0
385 3756.241000 3756.743086 11
386 3766.400000 3766.644877 11
387 3776.400000 3762.374700 9
388 3786.400000 3748.375633 8
389 3795.665000 3795.602659 17
390 3803.874000 3803.327177 14
391 3813.588000 3813.973764 12
392 3823.819000 3824.506922 12
393 3833.460000 3832.346647 9
394 3842.278000 3842.370963 15
395 3852.672000 3852.774659 13
396 3863.100000 3862.774659 0
397 3873.868000 3872.774659 0
398 3883.688000 3883.645844 10
399 3892.560000 3891.954787 12
400 3903.079000 3902.967354 18
401 3913.113000 3912.967354 0
402 3922.683000 3922.055624 11
403 3932.467000 3932.345790 15
404 3942.324000 3942.345790 0
405 3950.945000 3951.107680 9
406 3960.478000 3960.134889 9
407 3970.818000 3970.134889 0
408 3980.709000 3980.777614 9
409 3987.524000 3990.777614 0
410 3997.721000 3997.767107 22
411 4007.827000 4007.556822 11
412 4017.827000 4017.556822 0
413 4027.055000 4027.114732 12
414 4036.481000 4036.410105 14
415 4046.481000 4046.079233 8
416 4055.175000 4056.601560 12
417 4064.458000 4066.601560 0
418 4073.867000 4076.601560 0
419 4082.614000 4086.601560 0
420 4093.775000 4096.601560 0
421 4102.647000 4103.313691 11
422 4111.877000 4111.718277 15
423 4121.715000 4121.570612 18
424 4130.747000 4131.570612 0
425 4140.193000 4140.275628 21
426 4150.031000 4150.190039 11
427 4159.457000 4160.190039 0
428 4170.041000 4169.501055 14
429 4179.827000 4179.624176 27
430 4189.240000 4189.499876 14
431 4198.753000 4168.636471 9
432 4208.351000 4208.019306 22
433 4217.789000 4217.827711 11
434 4227.286000 4227.827711 0
435 4236.999000 4236.935290 14
436 4244.888000 4245.221302 9
437 4254.888000 4254.656877 15
438 4264.439000 4264.656877 0
439 4274.258000 4274.711173 16
440 4284.043000 4284.310417 16
441 4294.402000 4294.875361 14
442 4303.916000 4303.920088 31
443 4313.916000 4313.122879 14
444 4323.916000 4323.122879 0
445 4333.452000 4333.791793 15
446 4343.452000 4343.535390 10
447 4353.696000 4353.178516 14
448 4363.535000 4363.710761 17
449 4373.659000 4373.710761 0
450 4384.141000 4383.710761 0
451 4393.800000 4394.117613 19
452 4403.011000 4402.915980 10
453 4412.922000 4412.915980 0
454 4421.741000 4421.500303 19
455 4431.202000 4431.500303 0
456 4440.558000 4441.830073 15
457 4450.718000 4450.852874 15
458 4460.914000 4461.062083 11
459 4468.980000 4471.062083 0
460 4477.834000 4477.336172 8
461 4487.834000 4487.336172 0
462 4496.760000 4497.336172 0
463 4505.714000 4507.336172 0
464 4514.669000 4540.022984 8
465 4522.896000 4550.022984 0
466 4532.554000 4560.022984 0
467 4540.771000 4630.263637 9
468 4549.692000 4587.298533 8
469 4558.663000 4597.298533 0
470 4568.567000 4607.298533 0
471 4579.446000 4617.298533 0
472 4586.385000 4587.491972 12
473 4596.676000 4596.291873 12
474 4606.008000 4605.698253 13
475 4615.820000 4615.698253 0
476 4624.232000 4625.698253 0
477 4633.843000 4634.062177 16
478 4643.506000 4643.193606 20
479 4652.917000 4653.193606 0
480 4662.917000 4662.860675 21
481 4672.917000 4672.878323 23
