001 0.000000 0.004105 26
002 10.000000 10.157561 17
003 20.000000 20.157561 0
004 30.000000 30.157561 0
005 39.500000 39.457150 11
006 49.500000 49.490863 15
007 59.500000 59.490863 0
008 69.500000 69.480047 8
009 79.500000 79.454645 22
010 89.500000 89.485584 20
011 99.500000 99.467149 18
012 109.500000 109.477517 24
013 119.495000 119.650893 20
014 129.495000 129.477021 31
015 139.495000 139.474375 24
016 149.495000 149.552044 25
017 159.495000 159.459096 27
018 169.495000 169.463623 24
019 179.496000 179.519276 27
020 189.496000 189.460320 26
021 199.496000 199.455902 28
022 209.496000 209.417892 22
023 219.496000 219.466388 24
024 229.496000 229.661403 15
025 239.496000 239.661403 0
026 249.496000 249.661403 0
027 257.833000 259.661403 0
028 268.070000 269.661403 0
029 278.273000 278.311515 14
030 288.681000 288.311515 0
031 299.870000 300.244071 10
032 309.155000 310.244071 0
033 319.459000 320.244071 0
034 327.623000 330.244071 0
035 333.710000 340.244071 0
036 343.710000 350.244071 0
037 353.913000 360.244071 0
038 362.483000 370.244071 0
039 374.999000 380.244071 0
040 385.304000 385.085547 9
041 395.507000 395.085547 0
042 405.814000 405.948829 12
043 416.151000 415.948829 0
044 426.151000 425.948829 0
045 436.526000 435.948829 0
046 446.591000 445.948829 0
047 454.821000 455.948829 0
048 464.821000 465.948829 0
049 473.425000 475.948829 0
050 483.288000 483.245103 9
051 493.185000 493.224568 13
052 502.674000 503.224568 0
053 512.129000 513.224568 0
054 521.822000 523.224568 0
055 532.195000 533.224568 0
056 540.665000 543.224568 0
057 550.665000 553.224568 0
058 560.936000 563.224568 0
059 570.219000 573.224568 0
060 580.219000 583.224568 0
061 590.965000 593.224568 0
062 600.454000 603.224568 0
063 610.340000 613.224568 0
064 620.425000 620.509506 11
065 630.553000 630.509506 0
066 641.140000 640.509506 0
067 650.220000 650.509506 0
068 660.064000 660.230097 16
069 670.064000 669.963620 8
070 679.938000 679.951027 9
071 689.580000 689.739779 20
072 699.835000 699.776761 10
073 709.835000 709.674741 13
074 719.292000 719.674741 0
075 729.031000 729.674741 0
076 738.875000 739.674741 0
077 748.746000 749.674741 0
078 758.152000 758.233032 12
079 767.529000 768.233032 0
080 777.609000 778.233032 0
081 787.844000 788.233032 0
082 798.130000 798.434976 10
083 808.001000 808.434976 0
084 818.288000 818.286494 12
085 828.471000 828.286494 0
086 837.900000 838.286494 0
087 848.134000 848.286494 0
088 857.721000 858.286494 0
089 866.734000 868.286494 0
090 875.852000 875.932856 10
091 885.852000 885.977292 11
092 894.867000 895.977292 0
093 904.998000 905.977292 0
094 914.582000 914.413172 11
095 924.168000 924.413172 0
096 934.168000 934.249709 10
097 943.521000 943.073437 8
098 952.743000 952.702329 9
099 962.718000 962.702329 0
100 972.147000 972.702329 0
101 982.147000 982.270573 11
102 991.915000 991.787668 16
103 1002.124000 1001.853150 11
104 1012.593000 1011.853150 0
105 1022.696000 1021.853150 0
106 1032.179000 1032.322332 9
107 1041.271000 1042.322332 0
108 1051.090000 1051.080912 9
109 1061.324000 1061.080912 0
110 1071.092000 1071.087235 9
111 1081.067000 1081.087235 0
112 1090.341000 1090.235969 8
113 1100.264000 1100.291425 16
114 1110.601000 1110.291425 0
115 1120.188000 1120.443785 11
116 1129.695000 1130.443785 0
117 1139.543000 1140.443785 0
118 1148.939000 1148.769231 10
119 1159.306000 1158.769231 0
120 1168.955000 1169.130369 9
121 1178.580000 1179.130369 0
122 1188.580000 1189.130369 0
123 1198.222000 1198.474317 10
124 1208.379000 1208.521842 9
125 1218.491000 1218.521842 0
126 1228.491000 1228.521842 0
127 1237.938000 1237.972602 9
128 1248.097000 1247.972602 0
129 1257.411000 1257.972602 0
130 1267.338000 1267.334860 8
131 1277.474000 1277.488631 10
132 1287.371000 1287.488631 0
133 1295.957000 1297.488631 0
134 1306.140000 1307.488631 0
135 1316.557000 1317.488631 0
136 1325.905000 1327.488631 0
137 1336.205000 1335.919842 12
138 1346.205000 1346.785789 12
139 1355.472000 1355.476490 22
140 1365.786000 1365.476490 0
141 1375.106000 1375.476490 0
142 1384.732000 1385.476490 0
143 1394.373000 1395.476490 0
144 1403.969000 1404.147979 8
145 1413.772000 1413.680208 8
146 1423.807000 1423.680208 0
147 1432.759000 1433.680208 0
148 1442.185000 1442.138878 9
149 1452.185000 1452.279554 9
150 1461.552000 1462.279554 0
151 1469.403000 1472.279554 0
152 1481.218000 1482.279554 0
153 1491.130000 1492.279554 0
154 1501.296000 1502.279554 0
155 1511.430000 1511.417553 8
156 1521.754000 1521.684154 10
157 1531.842000 1531.684154 0
158 1540.884000 1541.684154 0
159 1551.794000 1551.684154 0
160 1561.076000 1560.984548 8
161 1570.996000 1571.099774 8
162 1580.996000 1581.012371 8
163 1590.875000 1591.012371 0
164 1600.220000 1601.012371 0
165 1609.660000 1611.012371 0
166 1616.952000 1621.012371 0
167 1627.628000 1631.012371 0
168 1638.073000 1641.012371 0
169 1647.976000 1648.019008 12
170 1659.699000 1658.019008 0
171 1669.718000 1668.019008 0
172 1680.298000 1680.316375 13
173 1690.007000 1689.828674 8
174 1700.007000 1699.828674 0
175 1710.047000 1710.231829 12
176 1719.833000 1720.231829 0
177 1729.931000 1730.155299 8
178 1740.105000 1740.155299 0
179 1750.008000 1750.006828 8
180 1759.659000 1759.668345 8
181 1768.983000 1769.668345 0
182 1778.325000 1779.668345 0
183 1786.836000 1789.668345 0
184 1796.991000 1799.668345 0
185 1806.991000 1807.016428 8
186 1817.339000 1817.016428 0
187 1826.856000 1826.865775 22
188 1836.740000 1836.865775 0
189 1847.455000 1846.865775 0
190 1858.635000 1856.865775 0
191 1868.326000 1866.865775 0
192 1878.248000 1876.865775 0
193 1887.920000 1887.938838 16
194 1897.340000 1897.274372 17
195 1905.560000 1906.349536 8
196 1915.773000 1915.818342 13
197 1925.308000 1925.291688 11
198 1935.308000 1935.291688 0
199 1945.308000 1945.291688 0
200 1955.077000 1955.291688 0
201 1964.709000 1965.291688 0
202 1974.265000 1975.291688 0
203 1984.091000 1984.176003 9
204 1994.419000 1994.176003 0
205 2003.917000 2003.498721 9
206 2014.342000 2013.498721 0
207 2024.342000 2024.506794 11
208 2034.748000 2034.506794 0
209 2044.497000 2044.506794 0
210 2052.930000 2052.844589 8
211 2063.510000 2062.844589 0
212 2073.510000 2073.179188 9
213 2083.181000 2083.149250 11
214 2092.775000 2093.149250 0
215 2102.699000 2102.855360 9
216 2113.085000 2112.855360 0
217 2122.582000 2122.855360 0
218 2132.582000 2132.855360 0
219 2142.621000 2142.855360 0
220 2152.621000 2152.855360 0
221 2162.408000 2162.855360 0
222 2171.964000 2171.897172 12
223 2181.132000 2181.897172 0
224 2192.079000 2191.897172 0
225 2201.906000 2201.857503 12
226 2212.564000 2211.821533 8
227 2222.486000 2222.576624 9
228 2231.635000 2232.576624 0
229 2240.552000 2240.816105 8
230 2248.869000 2250.816105 0
231 2259.720000 2260.816105 0
232 2269.584000 2270.816105 0
233 2279.663000 2280.816105 0
234 2289.295000 2290.816105 0
235 2299.140000 2299.051807 17
236 2308.309000 2308.395767 14
237 2318.309000 2318.395767 0
238 2328.433000 2328.395767 0
239 2338.700000 2338.395767 0
240 2348.841000 2348.395767 0
241 2357.638000 2357.562126 8
242 2367.556000 2367.562126 0
243 2377.556000 2377.568172 8
244 2387.492000 2387.568172 0
245 2397.492000 2397.568172 0
246 2407.245000 2407.196020 17
247 2416.888000 2417.196020 0
248 2426.625000 2426.441960 11
249 2436.625000 2436.441960 0
250 2446.625000 2446.441960 0
251 2455.791000 2455.884126 15
252 2465.563000 2465.884126 0
253 2475.219000 2475.100118 9
254 2484.752000 2485.100118 0
255 2494.345000 2495.100118 0
256 2503.590000 2560.732328 8
257 2513.327000 2570.732328 0
258 2522.425000 2580.732328 0
259 2532.425000 2590.732328 0
260 2542.010000 2600.732328 0
261 2551.132000 2610.732328 0
262 2560.594000 2620.732328 0
263 2569.813000 2630.732328 0
264 2579.056000 2640.732328 0
265 2588.033000 2650.732328 0
266 2597.181000 2660.732328 0
267 2607.181000 2670.732328 0
268 2616.802000 2680.732328 0
269 2625.949000 2690.732328 0
270 2635.336000 2700.732328 0
271 2645.336000 2710.732328 0
272 2654.752000 2720.732328 0
273 2664.938000 2730.732328 0
274 2673.879000 2740.732328 0
275 2684.329000 2750.732328 0
276 2693.608000 2760.732328 0
277 2703.396000 2770.732328 0
278 2712.325000 2780.732328 0
279 2723.233000 2790.732328 0
280 2733.586000 2800.732328 0
281 2743.313000 2810.732328 0
282 2753.123000 2820.732328 0
283 2760.110000 2830.732328 0
284 2770.319000 2840.732328 0
285 2780.069000 2850.732328 0
286 2790.069000 2860.732328 0
287 2800.298000 2870.732328 0
288 2810.104000 2880.732328 0
289 2819.480000 2890.732328 0
290 2829.025000 2900.732328 0
291 2839.102000 2910.732328 0
292 2849.021000 2920.732328 0
293 2858.916000 2930.732328 0
294 2869.329000 2940.732328 0
295 2877.668000 2950.732328 0
296 2887.442000 2960.732328 0
297 2897.795000 2970.732328 0
298 2907.293000 2980.732328 0
299 2917.175000 2990.732328 0
300 2926.998000 3000.732328 0
301 2935.746000 3010.732328 0
302 2945.436000 3020.732328 0
303 2955.356000 3030.732328 0
304 2964.522000 3040.732328 0
305 2974.983000 3050.732328 0
306 2985.603000 3060.732328 0
307 2995.729000 3070.732328 0
308 3006.629000 3080.732328 0
309 3014.953000 3090.732328 0
310 3024.823000 3100.732328 0
311 3034.477000 3110.732328 0
312 3043.168000 3120.732328 0
313 3051.342000 3130.732328 0
314 3061.468000 3140.732328 0
315 3071.381000 3150.732328 0
316 3080.242000 3160.732328 0
317 3090.518000 3170.732328 0
318 3099.379000 3180.732328 0
319 3109.614000 3190.732328 0
320 3119.010000 3200.732328 0
321 3128.279000 3210.732328 0
322 3137.870000 3220.732328 0
323 3146.021000 3230.732328 0
324 3155.866000 3240.732328 0
325 3165.193000 3250.732328 0
326 3174.701000 3260.732328 0
327 3184.357000 3270.732328 0
328 3194.357000 3280.732328 0
329 3204.267000 3290.732328 0
330 3213.801000 3300.732328 0
331 3224.560000 3310.732328 0
332 3234.264000 3320.732328 0
333 3244.615000 3330.732328 0
334 3253.814000 3340.732328 0
335 3263.814000 3350.732328 0
336 3273.940000 3360.732328 0
337 3283.138000 3370.732328 0
338 3294.383000 3380.732328 0
339 3302.959000 3390.732328 0
340 3312.556000 3400.732328 0
341 3323.005000 3410.732328 0
342 3334.161000 3420.732328 0
343 3344.480000 3430.732328 0
344 3354.582000 3440.732328 0
345 3364.582000 3450.732328 0
346 3374.424000 3460.732328 0
347 3384.424000 3470.732328 0
348 3394.511000 3480.732328 0
349 3404.275000 3490.732328 0
350 3414.420000 3500.732328 0
351 3423.839000 3510.732328 0
352 3434.227000 3520.732328 0
353 3443.973000 3530.732328 0
354 3454.135000 3540.732328 0
355 3463.796000 3550.732328 0
356 3473.317000 3560.732328 0
357 3483.002000 3570.732328 0
358 3491.710000 3580.732328 0
359 3501.231000 3590.732328 0
360 3511.079000 3600.732328 0
361 3520.698000 3610.732328 0
362 3530.154000 3620.732328 0
363 3539.741000 3630.732328 0
364 3549.838000 3640.732328 0
365 3559.823000 3650.732328 0
366 3571.457000 3660.732328 0
367 3581.369000 3670.732328 0
368 3590.500000 3680.732328 0
369 3600.241000 3690.732328 0
370 3610.648000 3700.732328 0
371 3620.496000 3710.732328 0
372 3631.869000 3720.732328 0
373 3640.968000 3730.732328 0
374 3651.042000 3740.732328 0
375 3660.726000 3750.732328 0
376 3667.063000 3760.732328 0
377 3675.057000 3770.732328 0
378 3686.171000 3780.732328 0
379 3694.652000 3790.732328 0
380 3705.060000 3800.732328 0
381 3715.001000 3810.732328 0
382 3725.044000 3820.732328 0
383 3733.674000 3830.732328 0
384 3743.809000 3840.732328 0
385 3753.461000 3850.732328 0
386 3763.193000 3860.732328 0
387 3772.288000 3870.732328 0
388 3781.697000 3880.732328 0
389 3791.239000 3890.732328 0
390 3799.153000 3900.732328 0
391 3809.153000 3910.732328 0
392 3818.946000 3920.732328 0
393 3828.946000 3930.732328 0
394 3839.290000 3940.732328 0
395 3849.127000 3950.732328 0
396 3859.366000 3960.732328 0
397 3869.880000 3970.732328 0
398 3879.793000 3980.732328 0
399 3889.165000 3990.732328 0
400 3898.538000 4000.732328 0
401 3908.473000 4010.732328 0
402 3918.296000 4020.732328 0
403 3928.034000 4030.732328 0
404 3937.025000 4040.732328 0
405 3945.670000 4050.732328 0
406 3954.797000 4060.732328 0
407 3963.756000 4070.732328 0
408 3975.048000 4080.732328 0
409 3981.645000 4090.732328 0
410 3992.690000 4100.732328 0
411 4002.457000 4110.732328 0
412 4011.982000 4120.732328 0
413 4021.430000 4130.732328 0
414 4030.624000 4140.732328 0
415 4040.513000 4150.732328 0
416 4049.727000 4160.732328 0
417 4058.371000 4170.732328 0
418 4068.258000 4180.732328 0
419 4076.974000 4190.732328 0
420 4085.661000 4200.732328 0
421 4096.585000 4210.732328 0
422 4105.894000 4220.732328 0
423 4115.448000 4230.732328 0
424 4123.311000 4240.732328 0
425 4132.804000 4250.732328 0
426 4142.148000 4260.732328 0
427 4151.574000 4270.732328 0
428 4160.897000 4280.732328 0
429 4170.041000 4290.732328 0
430 4180.202000 4300.732328 0
431 4189.466000 4310.732328 0
432 4198.878000 4320.732328 0
433 4208.352000 4330.732328 0
434 4218.124000 4340.732328 0
435 4228.124000 4350.732328 0
436 4237.399000 4360.732328 0
437 4245.914000 4370.732328 0
438 4255.326000 4380.732328 0
439 4264.948000 4390.732328 0
440 4274.331000 4400.732328 0
441 4284.331000 4410.732328 0
442 4294.866000 4420.732328 0
443 4304.488000 4430.732328 0
444 4314.081000 4440.732328 0
445 4323.524000 4450.732328 0
446 4333.314000 4460.732328 0
447 4342.679000 4470.732328 0
448 4351.252000 4480.732328 0
449 4361.175000 4490.732328 0
450 4371.247000 4500.732328 0
451 4380.061000 4510.732328 0
452 4388.724000 4520.732328 0
453 4397.957000 4530.732328 0
454 4408.286000 4540.732328 0
455 4418.401000 4550.732328 0
456 4427.665000 4560.732328 0
457 4437.586000 4570.732328 0
458 4447.586000 4580.732328 0
459 4457.586000 4590.732328 0
460 4466.965000 4600.732328 0
461 4476.557000 4610.732328 0
462 4485.941000 4620.732328 0
463 4495.941000 4610.900362 8
464 4504.556000 4620.900362 0
465 4514.556000 4630.900362 0
466 4524.310000 4640.900362 0
467 4532.555000 4650.900362 0
468 4542.555000 4660.900362 0
469 4551.201000 4670.900362 0
470 4561.332000 4561.128431 12
471 4572.125000 4571.128431 0
472 4581.268000 4581.128431 0
473 4590.771000 4591.128431 0
474 4600.003000 4601.128431 0
475 4610.003000 4610.594490 9
476 4619.399000 4620.594490 0
477 4627.343000 4630.594490 0
478 4636.335000 4636.528183 8
479 4646.109000 4645.796859 12
480 4655.421000 4655.796859 0
481 4665.421000 4665.200980 16
