001 0.000000 0.004105 26
002 10.000000 10.157561 17
003 20.000000 20.157561 0
004 30.000000 30.157561 0
005 39.500000 39.457150 11
006 49.500000 49.490863 15
007 59.500000 59.490863 0
008 69.500000 69.480047 8
009 79.500000 79.454645 22
010 89.500000 89.485584 20
011 99.500000 99.469254 19
012 109.500000 109.477517 24
013 119.495000 119.650893 20
014 129.495000 129.477214 30
015 139.495000 139.474375 24
016 149.495000 149.552044 25
017 159.495000 159.321040 29
018 169.495000 169.460938 23
019 179.496000 179.523490 26
020 189.496000 189.460320 26
021 199.496000 199.455902 28
022 209.496000 209.441609 21
023 219.496000 219.466388 24
024 229.496000 229.661403 15
025 239.496000 239.661403 0
026 249.496000 251.057494 11
027 257.833000 257.641607 9
028 268.070000 267.641607 0
029 278.273000 278.303668 14
030 288.681000 288.601396 8
031 299.870000 299.936909 10
032 309.155000 309.936909 0
033 319.459000 319.936909 0
034 327.623000 329.936909 0
035 333.710000 339.936909 0
036 343.710000 349.936909 0
037 353.913000 359.936909 0
038 362.483000 369.936909 0
039 374.999000 379.936909 0
040 385.304000 385.079306 9
041 395.507000 395.079306 0
042 405.814000 405.931062 11
043 416.151000 415.931062 0
044 426.151000 425.931062 0
045 436.526000 435.931062 0
046 446.591000 445.931062 0
047 454.821000 455.931062 0
048 464.821000 465.931062 0
049 473.425000 475.931062 0
050 483.288000 483.251590 8
051 493.185000 493.243450 10
052 502.674000 503.243450 0
053 512.129000 513.243450 0
054 521.822000 523.243450 0
055 532.195000 533.243450 0
056 540.665000 543.243450 0
057 550.665000 553.243450 0
058 560.936000 563.243450 0
059 570.219000 573.243450 0
060 580.219000 583.243450 0
061 590.965000 590.958910 9
062 600.454000 600.958910 0
063 610.340000 610.958910 0
064 620.425000 620.507970 12
065 630.553000 630.507970 0
066 641.140000 640.507970 0
067 650.220000 650.507970 0
068 660.064000 660.212388 15
069 670.064000 669.615395 9
070 679.938000 679.939990 10
071 689.580000 689.703744 19
072 699.835000 699.776761 10
073 709.835000 709.674741 13
074 719.292000 719.674741 0
075 729.031000 729.674741 0
076 738.875000 739.674741 0
077 748.746000 749.674741 0
078 758.152000 758.233032 12
079 767.529000 768.233032 0
080 777.609000 778.233032 0
081 787.844000 788.233032 0
082 798.130000 798.425205 9
083 808.001000 808.425205 0
084 818.288000 818.284461 11
085 828.471000 828.284461 0
086 837.900000 838.284461 0
087 848.134000 848.284461 0
088 857.721000 858.284461 0
089 866.734000 868.284461 0
090 875.852000 875.932925 9
091 885.852000 885.974547 11
092 894.867000 895.974547 0
093 904.998000 905.974547 0
094 914.582000 914.392628 10
095 924.168000 924.392628 0
096 934.168000 934.255458 9
097 943.521000 944.255458 0
098 952.743000 952.702329 9
099 962.718000 962.702329 0
100 972.147000 972.702329 0
101 982.147000 982.292643 10
102 991.915000 991.818616 16
103 1002.124000 1001.792072 10
104 1012.593000 1011.792072 0
105 1022.696000 1022.780955 8
106 1032.179000 1032.780955 0
107 1041.271000 1042.780955 0
108 1051.090000 1051.083151 9
109 1061.324000 1061.083151 0
110 1071.092000 1071.083151 0
111 1081.067000 1081.083151 0
112 1090.341000 1091.083151 0
113 1100.264000 1100.291425 16
114 1110.601000 1110.291425 0
115 1120.188000 1120.220062 10
116 1129.695000 1130.220062 0
117 1139.543000 1140.220062 0
118 1148.939000 1148.769231 10
119 1159.306000 1158.769231 0
120 1168.955000 1169.130369 9
121 1178.580000 1179.130369 0
122 1188.580000 1189.130369 0
123 1198.222000 1198.474317 10
124 1208.379000 1175.010033 8
125 1218.491000 1185.010033 0
126 1228.491000 1195.010033 0
127 1237.938000 1237.980683 8
128 1248.097000 1247.980683 0
129 1257.411000 1257.980683 0
130 1267.338000 1267.980683 0
131 1277.474000 1277.488631 10
132 1287.371000 1287.488631 0
133 1295.957000 1297.488631 0
134 1306.140000 1307.488631 0
135 1316.557000 1317.488631 0
136 1325.905000 1327.488631 0
137 1336.205000 1335.820177 9
138 1346.205000 1346.720219 14
139 1355.472000 1355.402044 21
140 1365.786000 1365.402044 0
141 1375.106000 1375.402044 0
142 1384.732000 1385.402044 0
143 1394.373000 1395.402044 0
144 1403.969000 1404.133363 8
145 1413.772000 1414.133363 0
146 1423.807000 1424.133363 0
147 1432.759000 1434.133363 0
148 1442.185000 1442.138878 9
149 1452.185000 1452.279344 9
150 1461.552000 1462.279344 0
151 1469.403000 1472.279344 0
152 1481.218000 1482.279344 0
153 1491.130000 1492.279344 0
154 1501.296000 1502.279344 0
155 1511.430000 1511.417553 8
156 1521.754000 1521.660385 10
157 1531.842000 1531.660385 0
158 1540.884000 1541.660385 0
159 1551.794000 1551.660385 0
160 1561.076000 1560.990189 10
161 1570.996000 1571.099774 8
162 1580.996000 1581.011294 9
163 1590.875000 1591.011294 0
164 1600.220000 1601.011294 0
165 1609.660000 1611.011294 0
166 1616.952000 1621.011294 0
167 1627.628000 1631.011294 0
168 1638.073000 1641.011294 0
169 1647.976000 1648.019008 12
170 1659.699000 1658.019008 0
171 1669.718000 1668.019008 0
172 1680.298000 1680.279673 17
173 1690.007000 1690.279673 0
174 1700.007000 1700.279673 0
175 1710.047000 1710.254136 11
176 1719.833000 1720.254136 0
177 1729.931000 1729.979769 8
178 1740.105000 1739.979769 0
179 1750.008000 1749.997048 9
180 1759.659000 1759.997048 0
181 1768.983000 1769.997048 0
182 1778.325000 1779.997048 0
183 1786.836000 1789.997048 0
184 1796.991000 1799.997048 0
185 1806.991000 1807.016428 8
186 1817.339000 1817.016428 0
187 1826.856000 1826.919815 22
188 1836.740000 1836.919815 0
189 1847.455000 1846.919815 0
190 1858.635000 1856.919815 0
191 1868.326000 1866.919815 0
192 1878.248000 1876.919815 0
193 1887.920000 1887.938838 16
194 1897.340000 1897.274372 17
195 1905.560000 1906.079509 8
196 1915.773000 1915.818342 13
197 1925.308000 1925.310508 12
198 1935.308000 1935.310508 0
199 1945.308000 1945.310508 0
200 1955.077000 1955.310508 0
201 1964.709000 1965.310508 0
202 1974.265000 1975.310508 0
203 1984.091000 1985.310508 0
204 1994.419000 1995.310508 0
205 2003.917000 2003.891078 10
206 2014.342000 2013.891078 0
207 2024.342000 2024.506794 11
208 2034.748000 2034.506794 0
209 2044.497000 2044.506794 0
210 2052.930000 2052.844589 8
211 2063.510000 2062.844589 0
212 2073.510000 2073.135902 8
213 2083.181000 2083.147371 12
214 2092.775000 2093.147371 0
215 2102.699000 2102.881898 8
216 2113.085000 2112.881898 0
217 2122.582000 2122.541353 8
218 2132.582000 2132.541353 0
219 2142.621000 2142.541353 0
220 2152.621000 2152.541353 0
221 2162.408000 2162.541353 0
222 2171.964000 2171.905670 11
223 2181.132000 2181.905670 0
224 2192.079000 2191.905670 0
225 2201.906000 2201.989990 13
226 2212.564000 2211.821533 8
227 2222.486000 2222.571739 10
228 2231.635000 2232.571739 0
229 2240.552000 2242.571739 0
230 2248.869000 2252.571739 0
231 2259.720000 2262.571739 0
232 2269.584000 2272.571739 0
233 2279.663000 2282.571739 0
234 2289.295000 2292.571739 0
235 2299.140000 2299.077213 17
236 2308.309000 2308.400943 15
237 2318.309000 2318.400943 0
238 2328.433000 2328.400943 0
239 2338.700000 2338.400943 0
240 2348.841000 2348.400943 0
241 2357.638000 2358.400943 0
242 2367.556000 2368.400943 0
243 2377.556000 2377.542447 9
244 2387.492000 2387.542447 0
245 2397.492000 2397.542447 0
246 2407.245000 2407.178894 18
247 2416.888000 2417.178894 0
248 2426.625000 2426.441960 11
249 2436.625000 2436.441960 0
250 2446.625000 2446.441960 0
251 2455.791000 2455.882612 15
252 2465.563000 2465.446771 8
253 2475.219000 2475.446771 0
254 2484.752000 2485.446771 0
255 2494.345000 2495.446771 0
256 2503.590000 2505.446771 0
257 2513.327000 2515.446771 0
258 2522.425000 2525.446771 0
259 2532.425000 2535.446771 0
260 2542.010000 2545.446771 0
261 2551.132000 2555.446771 0
262 2560.594000 2560.344839 10
263 2569.813000 2569.777721 9
264 2579.056000 2579.777721 0
265 2588.033000 2589.777721 0
266 2597.181000 2599.777721 0
267 2607.181000 2609.777721 0
268 2616.802000 2616.737656 11
269 2625.949000 2626.737656 0
270 2635.336000 2636.737656 0
271 2645.336000 2646.737656 0
272 2654.752000 2656.737656 0
273 2664.938000 2665.148478 8
274 2673.879000 2675.148478 0
275 2684.329000 2685.148478 0
276 2693.608000 2693.578179 11
277 2703.396000 2703.524547 8
278 2712.325000 2713.524547 0
279 2723.233000 2723.524547 0
280 2733.586000 2733.524547 0
281 2743.313000 2743.524547 0
282 2753.123000 2753.524547 0
283 2760.110000 2763.524547 0
284 2770.319000 2773.524547 0
285 2780.069000 2783.524547 0
286 2790.069000 2793.524547 0
287 2800.298000 2803.524547 0
288 2810.104000 2813.524547 0
289 2819.480000 2823.524547 0
290 2829.025000 2829.097810 16
291 2839.102000 2839.097810 0
292 2849.021000 2849.097810 0
293 2858.916000 2859.097810 0
294 2869.329000 2869.097810 0
295 2877.668000 2879.097810 0
296 2887.442000 2887.285227 19
297 2897.795000 2897.843808 10
298 2907.293000 2907.363257 8
299 2917.175000 2917.106065 10
300 2926.998000 2927.106065 0
301 2935.746000 2935.684313 9
302 2945.436000 2945.309570 8
303 2955.356000 2956.131385 12
304 2964.522000 2966.131385 0
305 2974.983000 2976.131385 0
306 2985.603000 2985.107409 13
307 2995.729000 2995.107409 0
308 3006.629000 3006.501900 16
309 3014.953000 3015.038721 10
310 3024.823000 3025.038721 0
311 3034.477000 3035.038721 0
312 3043.168000 3045.038721 0
313 3051.342000 3055.038721 0
314 3061.468000 3065.038721 0
315 3071.381000 3071.364481 9
316 3080.242000 3080.035516 8
317 3090.518000 3090.035516 0
318 3099.379000 3100.035516 0
319 3109.614000 3110.035516 0
320 3119.010000 3120.035516 0
321 3128.279000 3130.035516 0
322 3137.870000 3140.035516 0
323 3146.021000 3146.464093 11
324 3155.866000 3156.464093 0
325 3165.193000 3166.464093 0
326 3174.701000 3176.464093 0
327 3184.357000 3186.464093 0
328 3194.357000 3196.464093 0
329 3204.267000 3206.464093 0
330 3213.801000 3216.464093 0
331 3224.560000 3226.464093 0
332 3234.264000 3236.464093 0
333 3244.615000 3246.464093 0
334 3253.814000 3256.464093 0
335 3263.814000 3266.464093 0
336 3273.940000 3274.144090 10
337 3283.138000 3284.144090 0
338 3294.383000 3294.144090 0
339 3302.959000 3304.144090 0
340 3312.556000 3314.144090 0
341 3323.005000 3324.144090 0
342 3334.161000 3334.144090 0
343 3344.480000 3344.144090 0
344 3354.582000 3354.766824 10
345 3364.582000 3364.592643 9
346 3374.424000 3374.403012 12
347 3384.424000 3384.403012 0
348 3394.511000 3394.403012 0
349 3404.275000 3404.260097 16
350 3414.420000 3414.260097 0
351 3423.839000 3424.260097 0
352 3434.227000 3434.260097 0
353 3443.973000 3443.934958 9
354 3454.135000 3454.599256 13
355 3463.796000 3464.599256 0
356 3473.317000 3473.335003 11
357 3483.002000 3483.335003 0
358 3491.710000 3493.335003 0
359 3501.231000 3503.335003 0
360 3511.079000 3510.880246 12
361 3520.698000 3520.744346 14
362 3530.154000 3530.744346 0
363 3539.741000 3540.744346 0
364 3549.838000 3550.744346 0
365 3559.823000 3560.744346 0
366 3571.457000 3570.744346 0
367 3581.369000 3580.744346 0
368 3590.500000 3590.744346 0
369 3600.241000 3600.097838 8
370 3610.648000 3610.097838 0
371 3620.496000 3620.097838 0
372 3631.869000 3631.829260 20
373 3640.968000 3641.010746 11
374 3651.042000 3650.223440 12
375 3660.726000 3660.223440 0
376 3667.063000 3670.223440 0
377 3675.057000 3680.223440 0
378 3686.171000 3690.223440 0
379 3694.652000 3700.223440 0
380 3705.060000 3710.223440 0
381 3715.001000 3715.086348 15
382 3725.044000 3715.081498 12
383 3733.674000 3725.081498 0
384 3743.809000 3743.664809 9
385 3753.461000 3753.664809 0
386 3763.193000 3763.664809 0
387 3772.288000 3773.664809 0
388 3781.697000 3783.664809 0
389 3791.239000 3791.254042 10
390 3799.153000 3801.254042 0
391 3809.153000 3811.254042 0
392 3818.946000 3821.254042 0
393 3828.946000 3831.254042 0
394 3839.290000 3841.254042 0
395 3849.127000 3851.254042 0
396 3859.366000 3861.254042 0
397 3869.880000 3871.254042 0
398 3879.793000 3879.957991 10
399 3889.165000 3889.957991 0
400 3898.538000 3899.957991 0
401 3908.473000 3909.957991 0
402 3918.296000 3919.957991 0
403 3928.034000 3929.957991 0
404 3937.025000 3937.013165 9
405 3945.670000 3947.013165 0
406 3954.797000 3957.013165 0
407 3963.756000 3963.652354 10
408 3975.048000 3973.652354 0
409 3981.645000 3983.652354 0
410 3992.690000 3992.184555 9
411 4002.457000 4002.651325 8
412 4011.982000 4012.651325 0
413 4021.430000 4022.651325 0
414 4030.624000 4032.651325 0
415 4040.513000 4041.048800 10
416 4049.727000 4051.048800 0
417 4058.371000 4061.048800 0
418 4068.258000 4071.048800 0
419 4076.974000 4081.048800 0
420 4085.661000 4091.048800 0
421 4096.585000 4101.048800 0
422 4105.894000 4105.857108 12
423 4115.448000 4115.857108 0
424 4123.311000 4125.857108 0
425 4132.804000 4135.857108 0
426 4142.148000 4142.267239 18
427 4151.574000 4151.542629 10
428 4160.897000 4161.542629 0
429 4170.041000 4171.542629 0
430 4180.202000 4179.956820 15
431 4189.466000 4189.452605 18
432 4198.878000 4199.452605 0
433 4208.352000 4209.452605 0
434 4218.124000 4218.075287 18
435 4228.124000 4227.975405 13
436 4237.399000 4237.975405 0
437 4245.914000 4247.975405 0
438 4255.326000 4255.317148 12
439 4264.948000 4264.741065 9
440 4274.331000 4275.122772 10
441 4284.331000 4285.122772 0
442 4294.866000 4294.949042 10
443 4304.488000 4304.689392 18
444 4314.081000 4314.689392 0
445 4323.524000 4324.689392 0
446 4333.314000 4334.689392 0
447 4342.679000 4344.689392 0
448 4351.252000 4354.689392 0
449 4361.175000 4364.689392 0
450 4371.247000 4374.689392 0
451 4380.061000 4384.689392 0
452 4388.724000 4388.631309 12
453 4397.957000 4398.631309 0
454 4408.286000 4408.631309 0
455 4418.401000 4418.452623 15
456 4427.665000 4428.452623 0
457 4437.586000 4437.559663 8
458 4447.586000 4447.591199 11
459 4457.586000 4457.090065 10
460 4466.965000 4466.928294 14
461 4476.557000 4476.693154 9
462 4485.941000 4486.693154 0
463 4495.941000 4496.693154 0
464 4504.556000 4506.693154 0
465 4514.556000 4516.693154 0
466 4524.310000 4526.693154 0
467 4532.555000 4532.704287 9
468 4542.555000 4542.704287 0
469 4551.201000 4551.168527 17
470 4561.332000 4561.128431 12
471 4572.125000 4571.128431 0
472 4581.268000 4581.128431 0
473 4590.771000 4591.494296 8
474 4600.003000 4601.494296 0
475 4610.003000 4610.594490 9
476 4619.399000 4620.594490 0
477 4627.343000 4630.594490 0
478 4636.335000 4636.531512 10
479 4646.109000 4646.026765 12
480 4655.421000 4656.026765 0
481 4665.421000 4665.200980 16
