001 0.000000 0.004105 26
002 10.000000 10.157561 17
003 20.000000 20.157561 0
004 30.000000 30.157561 0
005 39.500000 39.457150 11
006 49.500000 49.490863 15
007 59.500000 59.490863 0
008 69.500000 69.480047 8
009 79.500000 79.454645 22
010 89.500000 89.485584 20
011 99.500000 99.468464 20
012 109.500000 109.477517 24
013 119.495000 119.650893 20
014 129.495000 129.477214 30
015 139.495000 139.474375 24
016 149.495000 149.552044 25
017 159.495000 159.321040 29
018 169.495000 169.458742 22
019 179.496000 179.519276 27
020 189.496000 189.376334 26
021 199.496000 199.455902 28
022 209.496000 209.441609 21
023 219.496000 219.469494 23
024 229.496000 229.676572 14
025 239.496000 239.676572 0
026 249.496000 251.057494 11
027 257.833000 257.640566 8
028 268.070000 267.640566 0
029 278.273000 278.304985 15
030 288.681000 288.304985 0
031 299.870000 299.936909 10
032 309.155000 309.936909 0
033 319.459000 319.936909 0
034 327.623000 329.936909 0
035 333.710000 339.936909 0
036 343.710000 349.936909 0
037 353.913000 359.936909 0
038 362.483000 369.936909 0
039 374.999000 379.936909 0
040 385.304000 385.083259 10
041 395.507000 395.083259 0
042 405.814000 405.243727 9
043 416.151000 415.243727 0
044 426.151000 425.243727 0
045 436.526000 435.243727 0
046 446.591000 445.243727 0
047 454.821000 455.243727 0
048 464.821000 465.243727 0
049 473.425000 475.243727 0
050 483.288000 483.245103 9
051 493.185000 493.243450 10
052 502.674000 503.243450 0
053 512.129000 513.243450 0
054 521.822000 523.243450 0
055 532.195000 533.243450 0
056 540.665000 543.243450 0
057 550.665000 553.243450 0
058 560.936000 563.243450 0
059 570.219000 573.243450 0
060 580.219000 583.243450 0
061 590.965000 590.958910 9
062 600.454000 600.958910 0
063 610.340000 610.958910 0
064 620.425000 620.510084 12
065 630.553000 630.510084 0
066 641.140000 640.510084 0
067 650.220000 650.510084 0
068 660.064000 660.207887 16
069 670.064000 670.207887 0
070 679.938000 679.939990 10
071 689.580000 689.746942 21
072 699.835000 699.776761 10
073 709.835000 709.662212 12
074 719.292000 719.662212 0
075 729.031000 729.662212 0
076 738.875000 739.662212 0
077 748.746000 749.662212 0
078 758.152000 758.229144 11
079 767.529000 768.229144 0
080 777.609000 778.229144 0
081 787.844000 788.229144 0
082 798.130000 798.434976 10
083 808.001000 808.434976 0
084 818.288000 818.284461 11
085 828.471000 828.076897 8
086 837.900000 838.076897 0
087 848.134000 848.076897 0
088 857.721000 858.076897 0
089 866.734000 868.076897 0
090 875.852000 875.937980 9
091 885.852000 885.971635 10
092 894.867000 895.971635 0
093 904.998000 905.971635 0
094 914.582000 914.383598 9
095 924.168000 924.383598 0
096 934.168000 934.249709 10
097 943.521000 944.249709 0
098 952.743000 952.702329 9
099 962.718000 962.702329 0
100 972.147000 972.702329 0
101 982.147000 982.270573 11
102 991.915000 991.856968 15
103 1002.124000 1001.846998 12
104 1012.593000 1011.846998 0
105 1022.696000 1022.780955 8
106 1032.179000 1032.322332 9
107 1041.271000 1042.322332 0
108 1051.090000 1051.066488 9
109 1061.324000 1061.066488 0
110 1071.092000 1071.066488 0
111 1081.067000 1081.066488 0
112 1090.341000 1090.235969 8
113 1100.264000 1100.291425 16
114 1110.601000 1110.291425 0
115 1120.188000 1120.416803 10
116 1129.695000 1130.416803 0
117 1139.543000 1140.416803 0
118 1148.939000 1148.777343 9
119 1159.306000 1158.777343 0
120 1168.955000 1169.130369 9
121 1178.580000 1179.130369 0
122 1188.580000 1189.130369 0
123 1198.222000 1198.474317 10
124 1208.379000 1208.596875 10
125 1218.491000 1218.596875 0
126 1228.491000 1228.596875 0
127 1237.938000 1237.972602 9
128 1248.097000 1247.972602 0
129 1257.411000 1257.972602 0
130 1267.338000 1267.972602 0
131 1277.474000 1277.470309 8
132 1287.371000 1287.470309 0
133 1295.957000 1297.470309 0
134 1306.140000 1307.470309 0
135 1316.557000 1317.470309 0
136 1325.905000 1327.470309 0
137 1336.205000 1335.820177 9
138 1346.205000 1346.749758 13
139 1355.472000 1355.476490 22
140 1365.786000 1365.476490 0
141 1375.106000 1375.476490 0
142 1384.732000 1384.611912 8
143 1394.373000 1394.611912 0
144 1403.969000 1404.139991 9
145 1413.772000 1413.345730 8
146 1423.807000 1423.345730 0
147 1432.759000 1433.345730 0
148 1442.185000 1442.320371 9
149 1452.185000 1452.277893 10
150 1461.552000 1462.277893 0
151 1469.403000 1472.277893 0
152 1481.218000 1482.277893 0
153 1491.130000 1492.277893 0
154 1501.296000 1502.277893 0
155 1511.430000 1511.417553 8
156 1521.754000 1521.667271 11
157 1531.842000 1531.667271 0
158 1540.884000 1541.667271 0
159 1551.794000 1551.667271 0
160 1561.076000 1560.990189 10
161 1570.996000 1571.099774 8
162 1580.996000 1581.012371 8
163 1590.875000 1591.012371 0
164 1600.220000 1601.012371 0
165 1609.660000 1611.012371 0
166 1616.952000 1621.012371 0
167 1627.628000 1631.012371 0
168 1638.073000 1641.012371 0
169 1647.976000 1648.019008 12
170 1659.699000 1658.019008 0
171 1669.718000 1668.019008 0
172 1680.298000 1680.308307 14
173 1690.007000 1689.828674 8
174 1700.007000 1699.828674 0
175 1710.047000 1710.254136 11
176 1719.833000 1720.254136 0
177 1729.931000 1730.138269 9
178 1740.105000 1740.138269 0
179 1750.008000 1750.006828 8
180 1759.659000 1759.705944 9
181 1768.983000 1769.705944 0
182 1778.325000 1779.705944 0
183 1786.836000 1789.705944 0
184 1796.991000 1799.705944 0
185 1806.991000 1807.016428 8
186 1817.339000 1817.016428 0
187 1826.856000 1826.870311 24
188 1836.740000 1836.870311 0
189 1847.455000 1846.870311 0
190 1858.635000 1856.870311 0
191 1868.326000 1866.870311 0
192 1878.248000 1876.870311 0
193 1887.920000 1887.938838 16
194 1897.340000 1897.273818 16
195 1905.560000 1906.349536 8
196 1915.773000 1915.811736 11
197 1925.308000 1925.291688 11
198 1935.308000 1935.291688 0
199 1945.308000 1945.291688 0
200 1955.077000 1955.291688 0
201 1964.709000 1965.291688 0
202 1974.265000 1975.291688 0
203 1984.091000 1985.291688 0
204 1994.419000 1995.291688 0
205 2003.917000 2003.513137 10
206 2014.342000 2013.513137 0
207 2024.342000 2024.506794 11
208 2034.748000 2034.506794 0
209 2044.497000 2044.506794 0
210 2052.930000 2052.844589 8
211 2063.510000 2062.844589 0
212 2073.510000 2073.092031 9
213 2083.181000 2083.170106 12
214 2092.775000 2093.170106 0
215 2102.699000 2102.987149 10
216 2113.085000 2112.987149 0
217 2122.582000 2122.819833 9
218 2132.582000 2132.819833 0
219 2142.621000 2142.819833 0
220 2152.621000 2152.819833 0
221 2162.408000 2162.819833 0
222 2171.964000 2171.918746 11
223 2181.132000 2181.918746 0
224 2192.079000 2191.918746 0
225 2201.906000 2201.986330 14
226 2212.564000 2211.821533 8
227 2222.486000 2222.572471 10
228 2231.635000 2232.572471 0
229 2240.552000 2240.816105 8
230 2248.869000 2250.816105 0
231 2259.720000 2260.816105 0
232 2269.584000 2270.816105 0
233 2279.663000 2280.816105 0
234 2289.295000 2289.328520 8
235 2299.140000 2299.058625 17
236 2308.309000 2308.400943 15
237 2318.309000 2318.400943 0
238 2328.433000 2328.400943 0
239 2338.700000 2338.400943 0
240 2348.841000 2348.400943 0
241 2357.638000 2357.562126 8
242 2367.556000 2367.562126 0
243 2377.556000 2377.548004 10
244 2387.492000 2387.548004 0
245 2397.492000 2397.548004 0
246 2407.245000 2407.178894 18
247 2416.888000 2417.178894 0
248 2426.625000 2426.441960 11
249 2436.625000 2436.441960 0
250 2446.625000 2446.441960 0
251 2455.791000 2455.882612 15
252 2465.563000 2465.882612 0
253 2475.219000 2475.100118 9
254 2484.752000 2485.100118 0
255 2494.345000 2495.100118 0
256 2503.590000 2505.100118 0
257 2513.327000 2515.100118 0
258 2522.425000 2525.100118 0
259 2532.425000 2535.100118 0
260 2542.010000 2545.100118 0
261 2551.132000 2555.100118 0
262 2560.594000 2560.344839 10
263 2569.813000 2569.777721 9
264 2579.056000 2579.777721 0
265 2588.033000 2589.777721 0
266 2597.181000 2599.777721 0
267 2607.181000 2609.777721 0
268 2616.802000 2616.737656 11
269 2625.949000 2626.737656 0
270 2635.336000 2636.737656 0
271 2645.336000 2646.737656 0
272 2654.752000 2656.737656 0
273 2664.938000 2664.892691 9
274 2673.879000 2674.892691 0
275 2684.329000 2684.892691 0
276 2693.608000 2694.892691 0
277 2703.396000 2703.519686 9
278 2712.325000 2713.519686 0
279 2723.233000 2723.519686 0
280 2733.586000 2733.519686 0
281 2743.313000 2743.519686 0
282 2753.123000 2753.519686 0
283 2760.110000 2760.034577 8
284 2770.319000 2770.034577 0
285 2780.069000 2780.034577 0
286 2790.069000 2790.034577 0
287 2800.298000 2800.034577 0
288 2810.104000 2810.034577 0
289 2819.480000 2820.034577 0
290 2829.025000 2829.096183 16
291 2839.102000 2839.103888 8
292 2849.021000 2849.103888 0
293 2858.916000 2859.103888 0
294 2869.329000 2869.103888 0
295 2877.668000 2879.103888 0
296 2887.442000 2887.370836 21
297 2897.795000 2897.857381 11
298 2907.293000 2907.363257 8
299 2917.175000 2917.078614 8
300 2926.998000 2927.078614 0
301 2935.746000 2935.646839 8
302 2945.436000 2945.646839 0
303 2955.356000 2956.182343 11
304 2964.522000 2966.182343 0
305 2974.983000 2976.182343 0
306 2985.603000 2985.320293 11
307 2995.729000 2995.320293 0
308 3006.629000 3006.501900 16
309 3014.953000 3015.041761 11
310 3024.823000 3025.041761 0
311 3034.477000 3035.041761 0
312 3043.168000 3045.041761 0
313 3051.342000 3055.041761 0
314 3061.468000 3065.041761 0
315 3071.381000 3071.412967 10
316 3080.242000 3080.063561 8
317 3090.518000 3090.063561 0
318 3099.379000 3100.063561 0
319 3109.614000 3110.063561 0
320 3119.010000 3120.063561 0
321 3128.279000 3130.063561 0
322 3137.870000 3140.063561 0
323 3146.021000 3146.686913 11
324 3155.866000 3156.686913 0
325 3165.193000 3166.686913 0
326 3174.701000 3176.686913 0
327 3184.357000 3186.686913 0
328 3194.357000 3196.686913 0
329 3204.267000 3204.031438 8
330 3213.801000 3214.031438 0
331 3224.560000 3224.031438 0
332 3234.264000 3234.031438 0
333 3244.615000 3244.031438 0
334 3253.814000 3254.031438 0
335 3263.814000 3264.031438 0
336 3273.940000 3273.958434 10
337 3283.138000 3283.958434 0
338 3294.383000 3293.958434 0
339 3302.959000 3303.958434 0
340 3312.556000 3313.958434 0
341 3323.005000 3323.958434 0
342 3334.161000 3333.958434 0
343 3344.480000 3343.958434 0
344 3354.582000 3354.766824 10
345 3364.582000 3364.766824 0
346 3374.424000 3374.394966 11
347 3384.424000 3384.394966 0
348 3394.511000 3394.394966 0
349 3404.275000 3404.293180 15
350 3414.420000 3414.293180 0
351 3423.839000 3424.293180 0
352 3434.227000 3434.293180 0
353 3443.973000 3443.939515 10
354 3454.135000 3454.628185 12
355 3463.796000 3464.628185 0
356 3473.317000 3473.335948 9
357 3483.002000 3483.335948 0
358 3491.710000 3493.335948 0
359 3501.231000 3503.335948 0
360 3511.079000 3511.169937 10
361 3520.698000 3520.743883 12
362 3530.154000 3530.743883 0
363 3539.741000 3540.743883 0
364 3549.838000 3550.743883 0
365 3559.823000 3560.743883 0
366 3571.457000 3570.743883 0
367 3581.369000 3580.743883 0
368 3590.500000 3590.743883 0
369 3600.241000 3600.109101 8
370 3610.648000 3610.109101 0
371 3620.496000 3620.109101 0
372 3631.869000 3631.823531 21
373 3640.968000 3641.102981 12
374 3651.042000 3650.118368 14
375 3660.726000 3660.118368 0
376 3667.063000 3670.118368 0
377 3675.057000 3680.118368 0
378 3686.171000 3685.958837 8
379 3694.652000 3695.958837 0
380 3705.060000 3705.958837 0
381 3715.001000 3715.082486 14
382 3725.044000 3715.087037 11
383 3733.674000 3725.087037 0
384 3743.809000 3743.671897 8
385 3753.461000 3753.433587 8
386 3763.193000 3763.433587 0
387 3772.288000 3773.433587 0
388 3781.697000 3783.433587 0
389 3791.239000 3791.617163 12
390 3799.153000 3801.617163 0
391 3809.153000 3811.617163 0
392 3818.946000 3821.617163 0
393 3828.946000 3831.617163 0
394 3839.290000 3841.617163 0
395 3849.127000 3851.617163 0
396 3859.366000 3861.617163 0
397 3869.880000 3870.249842 8
398 3879.793000 3880.200848 10
399 3889.165000 3890.200848 0
400 3898.538000 3900.200848 0
401 3908.473000 3910.200848 0
402 3918.296000 3920.200848 0
403 3928.034000 3930.200848 0
404 3937.025000 3937.018187 10
405 3945.670000 3947.018187 0
406 3954.797000 3957.018187 0
407 3963.756000 3963.670262 9
408 3975.048000 3973.670262 0
409 3981.645000 3983.670262 0
410 3992.690000 3992.162701 8
411 4002.457000 4002.651325 8
412 4011.982000 4012.651325 0
413 4021.430000 4022.651325 0
414 4030.624000 4032.651325 0
415 4040.513000 4040.724345 10
416 4049.727000 4050.724345 0
417 4058.371000 4060.724345 0
418 4068.258000 4070.724345 0
419 4076.974000 4080.724345 0
420 4085.661000 4090.724345 0
421 4096.585000 4100.724345 0
422 4105.894000 4105.802841 14
423 4115.448000 4115.802841 0
424 4123.311000 4125.802841 0
425 4132.804000 4132.625715 8
426 4142.148000 4142.256301 18
427 4151.574000 4151.536872 9
428 4160.897000 4161.536872 0
429 4170.041000 4171.536872 0
430 4180.202000 4179.965174 18
431 4189.466000 4189.443916 19
432 4198.878000 4199.443916 0
433 4208.352000 4209.443916 0
434 4218.124000 4218.126469 20
435 4228.124000 4227.975405 13
436 4237.399000 4237.975405 0
437 4245.914000 4247.975405 0
438 4255.326000 4255.315906 10
439 4264.948000 4264.774586 8
440 4274.331000 4274.657160 11
441 4284.331000 4284.657160 0
442 4294.866000 4294.793202 10
443 4304.488000 4304.696399 17
444 4314.081000 4314.696399 0
445 4323.524000 4324.696399 0
446 4333.314000 4333.373091 9
447 4342.679000 4343.373091 0
448 4351.252000 4353.373091 0
449 4361.175000 4363.373091 0
450 4371.247000 4373.373091 0
451 4380.061000 4383.373091 0
452 4388.724000 4388.648600 13
453 4397.957000 4398.648600 0
454 4408.286000 4408.648600 0
455 4418.401000 4418.455497 14
456 4427.665000 4428.455497 0
457 4437.586000 4437.559663 8
458 4447.586000 4447.591199 11
459 4457.586000 4457.333642 10
460 4466.965000 4466.928294 14
461 4476.557000 4476.693154 9
462 4485.941000 4486.693154 0
463 4495.941000 4496.693154 0
464 4504.556000 4506.693154 0
465 4514.556000 4514.209131 8
466 4524.310000 4524.209131 0
467 4532.555000 4532.724378 8
468 4542.555000 4542.724378 0
469 4551.201000 4551.027294 17
470 4561.332000 4561.128431 12
471 4572.125000 4571.128431 0
472 4581.268000 4581.128431 0
473 4590.771000 4591.128431 0
474 4600.003000 4601.128431 0
475 4610.003000 4611.128431 0
476 4619.399000 4621.128431 0
477 4627.343000 4631.128431 0
478 4636.335000 4641.128431 0
479 4646.109000 4646.027863 11
480 4655.421000 4656.027863 0
481 4665.421000 4665.200980 16
