001 0.000000 0.005257 29
002 10.000000 10.033481 20
003 20.000000 20.033481 0
004 28.072000 30.033481 0
005 38.058000 38.088442 20
006 48.059000 48.088442 0
007 58.056000 58.088442 0
008 68.056000 68.088442 0
009 78.056000 78.071495 34
010 88.056000 88.072404 10
011 98.056000 98.211519 21
012 108.056000 108.083569 24
013 118.056000 118.066437 11
014 128.056000 128.093911 37
015 138.056000 138.086764 23
016 148.056000 148.078670 32
017 158.056000 158.079404 27
018 168.056000 168.077172 34
019 178.056000 177.925391 11
020 188.056000 188.098428 28
021 198.056000 198.075532 22
022 208.056000 208.082903 23
023 218.056000 218.085634 24
024 228.056000 227.987485 19
025 238.056000 243.813999 9
026 248.056000 253.813999 0
027 258.311000 263.813999 0
028 268.392000 273.813999 0
029 278.457000 278.469228 11
030 288.680000 288.469228 0
031 299.265000 298.469228 0
032 309.265000 308.469228 0
033 319.460000 318.469228 0
034 329.886000 328.469228 0
035 331.489000 338.469228 0
036 341.050000 348.469228 0
037 352.269000 358.469228 0
038 362.269000 368.469228 0
039 372.483000 378.469228 0
040 382.483000 388.469228 0
041 392.844000 392.742907 13
042 403.556000 403.579142 11
043 414.326000 413.579142 0
044 424.449000 424.241837 9
045 434.768000 434.241837 0
046 444.768000 444.241837 0
047 452.651000 454.241837 0
048 462.775000 464.241837 0
049 472.194000 474.241837 0
050 482.194000 482.436236 9
051 491.877000 492.436236 0
052 501.624000 502.436236 0
053 511.427000 512.436236 0
054 520.978000 520.685361 11
055 530.978000 530.685361 0
056 541.619000 540.685361 0
057 550.842000 550.685361 0
058 560.228000 560.685361 0
059 569.286000 570.685361 0
060 578.659000 578.583146 8
061 588.915000 588.583146 0
062 598.555000 598.583146 0
063 608.681000 608.538809 14
064 619.259000 619.260796 24
065 628.721000 628.549248 9
066 638.369000 638.549248 0
067 647.991000 648.549248 0
068 657.851000 659.066908 8
069 666.916000 666.984860 9
070 675.899000 676.984860 0
071 685.573000 686.984860 0
072 695.248000 695.522223 11
073 705.586000 705.522223 0
074 715.395000 715.503141 8
075 725.261000 725.121411 13
076 734.717000 735.121411 0
077 745.217000 745.044351 13
078 755.217000 755.127553 8
079 764.858000 765.127553 0
080 774.506000 775.127553 0
081 785.429000 785.127553 0
082 796.513000 795.127553 0
083 806.746000 805.127553 0
084 816.819000 816.653108 8
085 826.819000 826.852356 13
086 836.249000 836.626794 12
087 846.163000 846.626794 0
088 856.163000 856.626794 0
089 864.873000 864.838965 8
090 873.220000 874.838965 0
091 883.027000 884.838965 0
092 892.860000 894.838965 0
093 902.860000 904.838965 0
094 912.210000 914.838965 0
095 921.433000 924.838965 0
096 931.433000 931.687747 10
097 940.742000 941.687747 0
098 949.547000 951.687747 0
099 958.617000 961.687747 0
100 968.324000 968.331564 12
101 977.329000 977.464705 12
102 987.329000 987.464705 0
103 997.595000 997.464705 0
104 1007.336000 1007.464705 0
105 1017.463000 1017.203146 8
106 1028.014000 1027.203146 0
107 1037.881000 1037.203146 0
108 1046.619000 1046.442363 8
109 1056.878000 1056.892018 10
110 1066.607000 1066.511476 9
111 1076.607000 1076.511476 0
112 1085.691000 1086.511476 0
113 1095.691000 1095.814792 8
114 1104.986000 1104.988050 11
115 1115.086000 1115.059612 13
116 1124.734000 1125.059612 0
117 1133.904000 1133.770447 16
118 1143.738000 1143.657217 12
119 1153.068000 1153.657217 0
120 1162.582000 1163.657217 0
121 1172.470000 1172.520522 8
122 1181.693000 1181.526153 9
123 1191.553000 1191.526153 0
124 1201.148000 1201.526153 0
125 1211.148000 1211.526153 0
126 1220.338000 1221.526153 0
127 1229.986000 1231.526153 0
128 1239.076000 1239.102595 9
129 1249.076000 1249.102595 0
130 1257.800000 1259.102595 0
131 1267.668000 1269.102595 0
132 1278.014000 1279.102595 0
133 1288.014000 1288.082750 9
134 1297.789000 1298.082750 0
135 1307.517000 1308.082750 0
136 1317.517000 1318.082750 0
137 1327.250000 1327.025755 8
138 1336.985000 1336.935000 14
139 1346.985000 1346.935000 0
140 1356.581000 1356.330447 11
141 1365.299000 1366.330447 0
142 1375.105000 1376.330447 0
143 1385.579000 1386.330447 0
144 1395.579000 1395.490709 13
145 1405.579000 1405.680796 13
146 1415.931000 1415.913012 14
147 1425.340000 1425.913012 0
148 1434.351000 1435.913012 0
149 1443.813000 1445.913012 0
150 1453.703000 1453.743697 11
151 1463.450000 1463.743697 0
152 1471.333000 1473.743697 0
153 1481.566000 1483.743697 0
154 1491.044000 1493.743697 0
155 1500.579000 1503.743697 0
156 1510.173000 1513.743697 0
157 1520.607000 1523.743697 0
158 1530.868000 1533.743697 0
159 1540.607000 1543.743697 0
160 1549.968000 1553.743697 0
161 1560.345000 1560.201936 11
162 1570.539000 1570.201936 0
163 1579.858000 1579.780633 10
164 1589.858000 1589.780633 0
165 1599.858000 1599.780633 0
166 1610.086000 1609.780633 0
167 1620.615000 1619.780633 0
168 1631.827000 1629.780633 0
169 1641.168000 1641.293363 11
170 1651.300000 1651.293363 0
171 1663.636000 1661.293363 0
172 1672.749000 1672.724405 20
173 1683.172000 1682.724405 0
174 1693.095000 1692.724405 0
175 1702.956000 1703.021936 21
176 1713.607000 1713.157303 10
177 1724.031000 1723.157303 0
178 1734.031000 1733.157303 0
179 1742.838000 1743.157303 0
180 1752.449000 1753.157303 0
181 1760.542000 1763.157303 0
182 1770.715000 1773.157303 0
183 1780.992000 1783.157303 0
184 1790.832000 1790.857118 11
185 1800.832000 1800.857118 0
186 1810.721000 1812.051830 8
187 1820.617000 1822.051830 0
188 1830.360000 1830.329793 17
189 1840.013000 1840.329793 0
190 1849.209000 1850.329793 0
191 1860.090000 1860.329793 0
192 1869.680000 1870.329793 0
193 1879.478000 1880.329793 0
194 1889.402000 1890.329793 0
195 1899.097000 1899.014913 18
196 1908.417000 1909.014913 0
197 1917.757000 1919.014913 0
198 1926.911000 1929.014913 0
199 1937.293000 1939.014913 0
200 1946.883000 1949.014913 0
201 1954.809000 1959.014913 0
202 1964.620000 1969.014913 0
203 1974.782000 1975.063055 8
204 1985.579000 1985.063055 0
205 1995.308000 1995.063055 0
206 2005.308000 2005.063055 0
207 2015.204000 2015.063055 0
208 2024.919000 2025.063055 0
209 2034.823000 2035.063055 0
210 2044.823000 2045.178056 10
211 2053.733000 2055.178056 0
212 2065.736000 2065.178056 0
213 2075.432000 2074.927708 14
214 2085.432000 2085.627306 12
215 2095.640000 2095.963671 12
216 2105.535000 2105.963671 0
217 2116.249000 2115.963671 0
218 2125.944000 2126.312550 11
219 2135.944000 2136.312550 0
220 2146.477000 2146.292472 11
221 2156.339000 2156.292472 0
222 2166.172000 2165.927371 9
223 2176.248000 2175.927371 0
224 2185.589000 2185.927371 0
225 2195.326000 2195.927371 0
226 2205.520000 2205.927371 0
227 2217.024000 2215.927371 0
228 2227.821000 2227.539229 8
229 2237.286000 2237.184378 16
230 2246.071000 2246.071111 8
231 2256.071000 2256.071111 0
232 2265.092000 2265.172945 10
233 2275.092000 2275.072210 9
234 2284.908000 2284.921453 10
235 2294.908000 2294.921453 0
236 2304.609000 2304.921453 0
237 2314.609000 2314.921453 0
238 2324.304000 2324.921453 0
239 2334.304000 2334.921453 0
240 2344.486000 2344.745994 14
241 2353.057000 2354.745994 0
242 2362.985000 2364.745994 0
243 2372.520000 2372.430150 10
244 2381.683000 2382.430150 0
245 2392.797000 2393.039467 11
246 2402.524000 2403.039467 0
247 2412.524000 2413.006050 11
248 2422.603000 2423.006050 0
249 2432.623000 2432.607728 20
250 2442.623000 2442.518472 20
251 2451.774000 2452.518472 0
252 2461.676000 2462.518472 0
253 2470.754000 2472.518472 0
254 2481.214000 2481.251878 16
255 2491.098000 2491.251878 0
256 2500.447000 2501.251878 0
257 2509.765000 2511.251878 0
258 2518.890000 2521.251878 0
259 2529.280000 2531.251878 0
260 2538.944000 2538.966357 9
261 2548.529000 2548.589488 14
262 2558.036000 2558.589488 0
263 2567.093000 2568.589488 0
264 2575.836000 2578.589488 0
265 2585.931000 2585.969650 9
266 2595.244000 2595.330974 10
267 2605.244000 2605.330974 0
268 2615.042000 2615.050946 13
269 2624.843000 2625.050946 0
270 2635.057000 2635.050946 0
271 2645.270000 2645.923130 8
272 2654.752000 2655.923130 0
273 2664.938000 2664.939322 10
274 2674.439000 2674.335703 9
275 2684.201000 2684.335703 0
276 2693.355000 2694.335703 0
277 2703.021000 2704.335703 0
278 2712.409000 2714.335703 0
279 2722.955000 2722.785025 8
280 2733.351000 2733.374501 10
281 2743.508000 2743.374501 0
282 2753.438000 2753.374501 0
283 2763.906000 2763.374501 0
284 2774.276000 2774.192119 11
285 2783.156000 2783.311555 12
286 2792.350000 2793.311555 0
287 2802.543000 2803.311555 0
288 2812.446000 2812.471848 12
289 2821.794000 2822.471848 0
290 2830.771000 2832.471848 0
291 2841.083000 2842.471848 0
292 2851.257000 2852.471848 0
293 2861.257000 2860.733097 8
294 2871.591000 2870.733097 0
295 2880.480000 2880.733097 0
296 2890.480000 2890.733097 0
297 2900.383000 2900.362653 12
298 2910.232000 2910.362653 0
299 2920.525000 2920.362653 0
300 2930.148000 2930.362653 0
301 2939.843000 2940.362653 0
302 2949.985000 2949.944096 13
303 2959.411000 2959.944096 0
304 2969.411000 2969.361638 8
305 2979.660000 2979.361638 0
306 2989.373000 2989.361638 0
307 2999.373000 2999.361638 0
308 3009.156000 3009.361638 0
309 3018.995000 3019.361638 0
310 3028.707000 3029.361638 0
311 3038.277000 3039.361638 0
312 3046.041000 3049.361638 0
313 3054.913000 3059.361638 0
314 3064.767000 3069.361638 0
315 3074.767000 3074.793081 13
316 3084.516000 3084.793081 0
317 3092.780000 3094.793081 0
318 3102.278000 3102.246133 14
319 3113.010000 3112.246133 0
320 3122.474000 3122.246133 0
321 3132.329000 3132.246133 0
322 3140.879000 3140.566592 10
323 3150.790000 3150.566592 0
324 3160.555000 3160.657898 9
325 3169.624000 3170.657898 0
326 3177.834000 3180.657898 0
327 3187.548000 3187.622024 16
328 3198.656000 3198.953192 11
329 3208.441000 3208.442580 14
330 3217.491000 3218.442580 0
331 3228.026000 3228.442580 0
332 3238.294000 3238.442580 0
333 3248.222000 3248.442580 0
334 3258.222000 3258.442580 0
335 3267.432000 3267.362828 15
336 3277.002000 3277.074844 17
337 3287.002000 3287.074844 0
338 3297.002000 3297.074844 0
339 3307.002000 3307.074844 0
340 3316.855000 3317.074844 0
341 3326.855000 3327.074844 0
342 3335.816000 3337.074844 0
343 3346.780000 3346.402928 9
344 3357.496000 3356.402928 0
345 3367.780000 3367.843750 15
346 3377.690000 3377.843750 0
347 3387.331000 3387.843750 0
348 3397.331000 3397.891305 9
349 3403.895000 3407.891305 0
350 3413.895000 3417.891305 0
351 3423.625000 3427.891305 0
352 3434.501000 3437.891305 0
353 3444.227000 3444.220449 9
354 3454.999000 3455.067193 10
355 3464.135000 3465.067193 0
356 3474.135000 3475.067193 0
357 3484.135000 3484.144992 13
358 3493.815000 3494.144992 0
359 3503.474000 3504.144992 0
360 3513.133000 3512.930430 8
361 3522.614000 3522.556285 11
362 3532.614000 3532.477382 10
363 3540.698000 3542.477382 0
364 3549.319000 3552.477382 0
365 3560.035000 3562.477382 0
366 3570.427000 3572.477382 0
367 3579.853000 3579.987133 8
368 3588.868000 3589.987133 0
369 3597.758000 3599.987133 0
370 3608.598000 3609.987133 0
371 3619.205000 3619.987133 0
372 3630.495000 3630.259073 9
373 3639.841000 3640.057049 8
374 3650.150000 3650.057049 0
375 3658.773000 3660.057049 0
376 3669.988000 3670.057049 0
377 3675.443000 3680.057049 0
378 3686.082000 3690.057049 0
379 3696.082000 3700.057049 0
380 3707.480000 3710.057049 0
381 3717.480000 3720.057049 0
382 3727.480000 3730.057049 0
383 3737.086000 3740.057049 0
384 3746.943000 3750.057049 0
385 3756.241000 3760.057049 0
386 3766.400000 3770.057049 0
387 3776.400000 3780.057049 0
388 3786.400000 3790.057049 0
389 3795.665000 3795.488816 9
390 3803.874000 3805.488816 0
391 3813.588000 3815.488816 0
392 3823.819000 3824.091722 10
393 3833.460000 3834.091722 0
394 3842.278000 3844.091722 0
395 3852.672000 3852.830083 8
396 3863.100000 3862.830083 0
397 3873.868000 3872.830083 0
398 3883.688000 3883.645843 10
399 3892.560000 3893.645843 0
400 3903.079000 3902.978683 11
401 3913.113000 3912.978683 0
402 3922.683000 3922.978683 0
403 3932.467000 3932.978683 0
404 3942.324000 3942.978683 0
405 3950.945000 3952.978683 0
406 3960.478000 3960.786021 10
407 3970.818000 3970.786021 0
408 3980.709000 3980.785185 10
409 3987.524000 3990.785185 0
410 3997.721000 3997.743427 15
411 4007.827000 4007.743427 0
412 4017.827000 4017.743427 0
413 4027.055000 4027.102246 13
414 4036.481000 4036.515526 10
415 4046.481000 4046.515526 0
416 4055.175000 4056.515526 0
417 4064.458000 4066.515526 0
418 4073.867000 4076.515526 0
419 4082.614000 4086.515526 0
420 4093.775000 4096.515526 0
421 4102.647000 4102.893507 9
422 4111.877000 4111.954856 12
423 4121.715000 4121.608929 13
424 4130.747000 4131.608929 0
425 4140.193000 4140.233657 15
426 4150.031000 4150.214023 8
427 4159.457000 4160.214023 0
428 4170.041000 4170.035165 9
429 4179.827000 4179.704554 21
430 4189.240000 4188.804253 9
431 4198.753000 4198.804253 0
432 4208.351000 4208.241156 10
433 4217.789000 4218.241156 0
434 4227.286000 4228.241156 0
435 4236.999000 4238.241156 0
436 4244.888000 4248.241156 0
437 4254.888000 4254.646396 13
438 4264.439000 4264.646396 0
439 4274.258000 4274.548344 9
440 4284.043000 4284.548344 0
441 4294.402000 4294.548344 0
442 4303.916000 4303.901566 9
443 4313.916000 4313.901566 0
444 4323.916000 4323.901566 0
445 4333.452000 4333.901566 0
446 4343.452000 4343.901566 0
447 4353.696000 4353.901566 0
448 4363.535000 4363.752258 11
449 4373.659000 4373.752258 0
450 4384.141000 4383.752258 0
451 4393.800000 4394.009660 9
452 4403.011000 4403.325745 8
453 4412.922000 4413.325745 0
454 4421.741000 4421.487307 10
455 4431.202000 4431.487307 0
456 4440.558000 4441.487307 0
457 4450.718000 4451.487307 0
458 4460.914000 4461.487307 0
459 4468.980000 4471.487307 0
460 4477.834000 4477.371344 9
461 4487.834000 4487.371344 0
462 4496.760000 4496.849066 8
463 4505.714000 4506.849066 0
464 4514.669000 4516.849066 0
465 4522.896000 4526.849066 0
466 4532.554000 4536.849066 0
467 4540.771000 4546.849066 0
468 4549.692000 4556.849066 0
469 4558.663000 4559.186282 8
470 4568.567000 4569.186282 0
471 4579.446000 4579.186282 0
472 4586.385000 4589.186282 0
473 4596.676000 4599.186282 0
474 4606.008000 4609.186282 0
475 4615.820000 4619.186282 0
476 4624.232000 4629.186282 0
477 4633.843000 4633.810103 8
478 4643.506000 4643.798161 9
479 4652.917000 4653.798161 0
480 4662.917000 4662.877715 9
481 4672.917000 4672.878258 16
