001 0.000000 0.005257 29
002 10.000000 10.033581 20
003 20.000000 20.033581 0
004 28.072000 30.033581 0
005 38.058000 38.088442 20
006 48.059000 48.088442 0
007 58.056000 58.088442 0
008 68.056000 68.088442 0
009 78.056000 78.071495 34
010 88.056000 88.072404 10
011 98.056000 98.088291 19
012 108.056000 108.103385 25
013 118.056000 118.070430 12
014 128.056000 128.094852 38
015 138.056000 138.087194 24
016 148.056000 148.078670 32
017 158.056000 158.079404 27
018 168.056000 168.079334 33
019 178.056000 177.925391 11
020 188.056000 188.097229 30
021 198.056000 198.075532 22
022 208.056000 208.082903 23
023 218.056000 218.087489 25
024 228.056000 227.989488 18
025 238.056000 243.787652 8
026 248.056000 253.787652 0
027 258.311000 263.787652 0
028 268.392000 273.787652 0
029 278.457000 278.222354 12
030 288.680000 288.222354 0
031 299.265000 298.222354 0
032 309.265000 309.266732 8
033 319.460000 319.266732 0
034 329.886000 329.266732 0
035 331.489000 339.266732 0
036 341.050000 349.266732 0
037 352.269000 359.266732 0
038 362.269000 369.266732 0
039 372.483000 379.266732 0
040 382.483000 389.266732 0
041 392.844000 392.742907 13
042 403.556000 402.742907 0
043 414.326000 412.742907 0
044 424.449000 424.241837 9
045 434.768000 434.241837 0
046 444.768000 444.241837 0
047 452.651000 454.241837 0
048 462.775000 464.241837 0
049 472.194000 474.241837 0
050 482.194000 484.241837 0
051 491.877000 494.241837 0
052 501.624000 504.241837 0
053 511.427000 514.241837 0
054 520.978000 520.561528 14
055 530.978000 531.062528 9
056 541.619000 541.963955 9
057 550.842000 551.963955 0
058 560.228000 561.963955 0
059 569.286000 571.963955 0
060 578.659000 578.573228 8
061 588.915000 588.573228 0
062 598.555000 598.573228 0
063 608.681000 608.559288 15
064 619.259000 619.264901 25
065 628.721000 628.549248 9
066 638.369000 638.549248 0
067 647.991000 648.549248 0
068 657.851000 659.066908 8
069 666.916000 666.984860 9
070 675.899000 676.984860 0
071 685.573000 686.984860 0
072 695.248000 695.522223 11
073 705.586000 705.522223 0
074 715.395000 715.508686 8
075 725.261000 725.121411 13
076 734.717000 735.121411 0
077 745.217000 745.052444 14
078 755.217000 755.127553 8
079 764.858000 765.127553 0
080 774.506000 775.127553 0
081 785.429000 785.127553 0
082 796.513000 795.127553 0
083 806.746000 805.127553 0
084 816.819000 816.682881 9
085 826.819000 826.844751 14
086 836.249000 836.636985 12
087 846.163000 846.636985 0
088 856.163000 856.636985 0
089 864.873000 864.833888 9
090 873.220000 874.833888 0
091 883.027000 884.833888 0
092 892.860000 892.740505 9
093 902.860000 902.740505 0
094 912.210000 912.740505 0
095 921.433000 922.740505 0
096 931.433000 931.710408 10
097 940.742000 941.710408 0
098 949.547000 951.710408 0
099 958.617000 961.710408 0
100 968.324000 968.380879 14
101 977.329000 977.454363 12
102 987.329000 987.454363 0
103 997.595000 997.454363 0
104 1007.336000 1007.454363 0
105 1017.463000 1017.454363 0
106 1028.014000 1027.454363 0
107 1037.881000 1037.454363 0
108 1046.619000 1046.436091 9
109 1056.878000 1056.879602 10
110 1066.607000 1066.509383 8
111 1076.607000 1076.509383 0
112 1085.691000 1086.509383 0
113 1095.691000 1095.839517 9
114 1104.986000 1104.982107 11
115 1115.086000 1115.147278 10
116 1124.734000 1125.147278 0
117 1133.904000 1133.775750 15
118 1143.738000 1143.660476 11
119 1153.068000 1153.660476 0
120 1162.582000 1163.660476 0
121 1172.470000 1173.660476 0
122 1181.693000 1181.526153 9
123 1191.553000 1191.526153 0
124 1201.148000 1201.426418 10
125 1211.148000 1211.426418 0
126 1220.338000 1221.426418 0
127 1229.986000 1231.426418 0
128 1239.076000 1239.164461 10
129 1249.076000 1249.164461 0
130 1257.800000 1259.164461 0
131 1267.668000 1269.164461 0
132 1278.014000 1279.164461 0
133 1288.014000 1288.082750 9
134 1297.789000 1298.082750 0
135 1307.517000 1308.082750 0
136 1317.517000 1318.082750 0
137 1327.250000 1327.025755 8
138 1336.985000 1336.935000 14
139 1346.985000 1346.935000 0
140 1356.581000 1356.196468 11
141 1365.299000 1366.196468 0
142 1375.105000 1376.196468 0
143 1385.579000 1386.196468 0
144 1395.579000 1395.575282 13
145 1405.579000 1406.015722 14
146 1415.931000 1415.912190 13
147 1425.340000 1425.912190 0
148 1434.351000 1435.912190 0
149 1443.813000 1445.912190 0
150 1453.703000 1453.745169 9
151 1463.450000 1463.745169 0
152 1471.333000 1473.745169 0
153 1481.566000 1483.745169 0
154 1491.044000 1493.745169 0
155 1500.579000 1503.745169 0
156 1510.173000 1513.745169 0
157 1520.607000 1523.745169 0
158 1530.868000 1533.745169 0
159 1540.607000 1543.745169 0
160 1549.968000 1553.745169 0
161 1560.345000 1560.201936 11
162 1570.539000 1570.201936 0
163 1579.858000 1579.788563 8
164 1589.858000 1589.788563 0
165 1599.858000 1599.788563 0
166 1610.086000 1609.788563 0
167 1620.615000 1619.788563 0
168 1631.827000 1629.788563 0
169 1641.168000 1641.331320 13
170 1651.300000 1651.331320 0
171 1663.636000 1661.331320 0
172 1672.749000 1672.748786 17
173 1683.172000 1682.748786 0
174 1693.095000 1692.944357 8
175 1702.956000 1703.110635 22
176 1713.607000 1713.398535 10
177 1724.031000 1723.398535 0
178 1734.031000 1733.398535 0
179 1742.838000 1743.398535 0
180 1752.449000 1753.398535 0
181 1760.542000 1763.398535 0
182 1770.715000 1773.398535 0
183 1780.992000 1783.398535 0
184 1790.832000 1790.844225 9
185 1800.832000 1800.844225 0
186 1810.721000 1812.051830 8
187 1820.617000 1822.051830 0
188 1830.360000 1830.329594 18
189 1840.013000 1840.329594 0
190 1849.209000 1850.329594 0
191 1860.090000 1860.329594 0
192 1869.680000 1870.329594 0
193 1879.478000 1880.329594 0
194 1889.402000 1889.392073 8
195 1899.097000 1899.016420 17
196 1908.417000 1909.016420 0
197 1917.757000 1919.016420 0
198 1926.911000 1929.016420 0
199 1937.293000 1939.016420 0
200 1946.883000 1949.016420 0
201 1954.809000 1959.016420 0
202 1964.620000 1969.016420 0
203 1974.782000 1974.919967 8
204 1985.579000 1984.919967 0
205 1995.308000 1994.919967 0
206 2005.308000 2004.919967 0
207 2015.204000 2014.919967 0
208 2024.919000 2024.919967 0
209 2034.823000 2034.919967 0
210 2044.823000 2045.162420 11
211 2053.733000 2055.162420 0
212 2065.736000 2065.162420 0
213 2075.432000 2075.280804 10
214 2085.432000 2085.627306 12
215 2095.640000 2095.912357 10
216 2105.535000 2105.912357 0
217 2116.249000 2115.912357 0
218 2125.944000 2126.207209 10
219 2135.944000 2136.207209 0
220 2146.477000 2146.128282 11
221 2156.339000 2156.128282 0
222 2166.172000 2165.967087 10
223 2176.248000 2175.967087 0
224 2185.589000 2185.967087 0
225 2195.326000 2195.967087 0
226 2205.520000 2204.421907 8
227 2217.024000 2214.421907 0
228 2227.821000 2224.421907 0
229 2237.286000 2237.198117 14
230 2246.071000 2247.198117 0
231 2256.071000 2257.198117 0
232 2265.092000 2265.166685 11
233 2275.092000 2275.067093 10
234 2284.908000 2284.918892 9
235 2294.908000 2294.918892 0
236 2304.609000 2304.918892 0
237 2314.609000 2314.918892 0
238 2324.304000 2324.918892 0
239 2334.304000 2334.918892 0
240 2344.486000 2344.481464 12
241 2353.057000 2354.481464 0
242 2362.985000 2364.481464 0
243 2372.520000 2372.435211 11
244 2381.683000 2381.978523 8
245 2392.797000 2393.025617 13
246 2402.524000 2403.025617 0
247 2412.524000 2412.683552 13
248 2422.603000 2422.683552 0
249 2432.623000 2432.713964 18
250 2442.623000 2442.501718 18
251 2451.774000 2452.501718 0
252 2461.676000 2462.501718 0
253 2470.754000 2472.501718 0
254 2481.214000 2481.239764 14
255 2491.098000 2491.239764 0
256 2500.447000 2501.239764 0
257 2509.765000 2509.682291 9
258 2518.890000 2519.682291 0
259 2529.280000 2529.682291 0
260 2538.944000 2539.682291 0
261 2548.529000 2548.594788 13
262 2558.036000 2558.594788 0
263 2567.093000 2568.594788 0
264 2575.836000 2578.594788 0
265 2585.931000 2585.962671 8
266 2595.244000 2595.326220 9
267 2605.244000 2605.326220 0
268 2615.042000 2615.055748 12
269 2624.843000 2625.055748 0
270 2635.057000 2635.055748 0
271 2645.270000 2645.776993 8
272 2654.752000 2655.776993 0
273 2664.938000 2664.938596 9
274 2674.439000 2674.335703 9
275 2684.201000 2684.335703 0
276 2693.355000 2693.263719 8
277 2703.021000 2703.263719 0
278 2712.409000 2713.263719 0
279 2722.955000 2722.866054 9
280 2733.351000 2733.378907 10
281 2743.508000 2743.378907 0
282 2753.438000 2753.378907 0
283 2763.906000 2763.378907 0
284 2774.276000 2774.192119 11
285 2783.156000 2782.591953 10
286 2792.350000 2792.591953 0
287 2802.543000 2802.591953 0
288 2812.446000 2812.467860 13
289 2821.794000 2822.467860 0
290 2830.771000 2832.467860 0
291 2841.083000 2842.467860 0
292 2851.257000 2852.467860 0
293 2861.257000 2862.467860 0
294 2871.591000 2872.467860 0
295 2880.480000 2882.467860 0
296 2890.480000 2892.467860 0
297 2900.383000 2900.357395 10
298 2910.232000 2910.357395 0
299 2920.525000 2920.357395 0
300 2930.148000 2930.120486 10
301 2939.843000 2940.120486 0
302 2949.985000 2949.933658 11
303 2959.411000 2959.933658 0
304 2969.411000 2969.361638 8
305 2979.660000 2979.361638 0
306 2989.373000 2989.361638 0
307 2999.373000 2999.361638 0
308 3009.156000 3009.361638 0
309 3018.995000 3019.361638 0
310 3028.707000 3028.755421 8
311 3038.277000 3038.755421 0
312 3046.041000 3048.755421 0
313 3054.913000 3058.755421 0
314 3064.767000 3068.755421 0
315 3074.767000 3074.793081 13
316 3084.516000 3084.793081 0
317 3092.780000 3092.806625 9
318 3102.278000 3102.254795 15
319 3113.010000 3112.254795 0
320 3122.474000 3122.254795 0
321 3132.329000 3132.254795 0
322 3140.879000 3140.584226 12
323 3150.790000 3150.584226 0
324 3160.555000 3160.644451 10
325 3169.624000 3170.644451 0
326 3177.834000 3180.644451 0
327 3187.548000 3187.623317 14
328 3198.656000 3198.907718 12
329 3208.441000 3208.447983 15
330 3217.491000 3218.447983 0
331 3228.026000 3228.447983 0
332 3238.294000 3238.447983 0
333 3248.222000 3248.447983 0
334 3258.222000 3258.447983 0
335 3267.432000 3267.362828 15
336 3277.002000 3277.083104 17
337 3287.002000 3287.083104 0
338 3297.002000 3297.083104 0
339 3307.002000 3307.083104 0
340 3316.855000 3317.083104 0
341 3326.855000 3327.083104 0
342 3335.816000 3335.907442 8
343 3346.780000 3346.402928 9
344 3357.496000 3356.402928 0
345 3367.780000 3367.848412 14
346 3377.690000 3377.848412 0
347 3387.331000 3387.848412 0
348 3397.331000 3397.848412 0
349 3403.895000 3407.848412 0
350 3413.895000 3413.643756 8
351 3423.625000 3423.643756 0
352 3434.501000 3433.643756 0
353 3444.227000 3444.211641 8
354 3454.999000 3455.069278 10
355 3464.135000 3465.069278 0
356 3474.135000 3474.229842 10
357 3484.135000 3484.148645 12
358 3493.815000 3494.148645 0
359 3503.474000 3504.148645 0
360 3513.133000 3514.148645 0
361 3522.614000 3522.718344 11
362 3532.614000 3532.477382 10
363 3540.698000 3542.477382 0
364 3549.319000 3552.477382 0
365 3560.035000 3562.477382 0
366 3570.427000 3572.477382 0
367 3579.853000 3582.477382 0
368 3588.868000 3592.477382 0
369 3597.758000 3602.477382 0
370 3608.598000 3612.477382 0
371 3619.205000 3622.477382 0
372 3630.495000 3630.531015 9
373 3639.841000 3640.531015 0
374 3650.150000 3650.531015 0
375 3658.773000 3660.531015 0
376 3669.988000 3670.531015 0
377 3675.443000 3680.531015 0
378 3686.082000 3686.193148 9
379 3696.082000 3696.193148 0
380 3707.480000 3706.193148 0
381 3717.480000 3716.193148 0
382 3727.480000 3726.193148 0
383 3737.086000 3736.193148 0
384 3746.943000 3746.193148 0
385 3756.241000 3756.193148 0
386 3766.400000 3766.193148 0
387 3776.400000 3776.193148 0
388 3786.400000 3786.193148 0
389 3795.665000 3795.500587 10
390 3803.874000 3805.500587 0
391 3813.588000 3815.500587 0
392 3823.819000 3824.146237 8
393 3833.460000 3834.146237 0
394 3842.278000 3844.146237 0
395 3852.672000 3854.146237 0
396 3863.100000 3864.146237 0
397 3873.868000 3874.146237 0
398 3883.688000 3884.146237 0
399 3892.560000 3894.146237 0
400 3903.079000 3902.975293 12
401 3913.113000 3912.975293 0
402 3922.683000 3922.975293 0
403 3932.467000 3932.975293 0
404 3942.324000 3942.975293 0
405 3950.945000 3951.109286 8
406 3960.478000 3960.785462 8
407 3970.818000 3970.785462 0
408 3980.709000 3980.785462 0
409 3987.524000 3990.785462 0
410 3997.721000 3997.744098 14
411 4007.827000 4007.955451 8
412 4017.827000 4017.955451 0
413 4027.055000 4027.095876 14
414 4036.481000 4036.542772 9
415 4046.481000 4046.542772 0
416 4055.175000 4056.542772 0
417 4064.458000 4066.542772 0
418 4073.867000 4076.542772 0
419 4082.614000 4086.542772 0
420 4093.775000 4096.542772 0
421 4102.647000 4102.752849 8
422 4111.877000 4111.953841 12
423 4121.715000 4121.590662 14
424 4130.747000 4131.590662 0
425 4140.193000 4140.234347 16
426 4150.031000 4150.234347 0
427 4159.457000 4160.234347 0
428 4170.041000 4170.035165 9
429 4179.827000 4179.704554 21
430 4189.240000 4189.131767 11
431 4198.753000 4199.131767 0
432 4208.351000 4208.280590 10
433 4217.789000 4218.280590 0
434 4227.286000 4228.280590 0
435 4236.999000 4238.280590 0
436 4244.888000 4248.280590 0
437 4254.888000 4254.646396 13
438 4264.439000 4264.646396 0
439 4274.258000 4274.646396 0
440 4284.043000 4284.646396 0
441 4294.402000 4294.357882 8
442 4303.916000 4303.895866 8
443 4313.916000 4313.895866 0
444 4323.916000 4323.895866 0
445 4333.452000 4333.895866 0
446 4343.452000 4343.895866 0
447 4353.696000 4353.895866 0
448 4363.535000 4363.740912 11
449 4373.659000 4373.740912 0
450 4384.141000 4383.740912 0
451 4393.800000 4393.896696 8
452 4403.011000 4403.550543 8
453 4412.922000 4413.550543 0
454 4421.741000 4423.550543 0
455 4431.202000 4433.550543 0
456 4440.558000 4443.550543 0
457 4450.718000 4453.550543 0
458 4460.914000 4463.550543 0
459 4468.980000 4473.550543 0
460 4477.834000 4477.371344 9
461 4487.834000 4487.371344 0
462 4496.760000 4497.371344 0
463 4505.714000 4507.371344 0
464 4514.669000 4517.371344 0
465 4522.896000 4527.371344 0
466 4532.554000 4537.371344 0
467 4540.771000 4547.371344 0
468 4549.692000 4587.409646 9
469 4558.663000 4559.186282 8
470 4568.567000 4569.186282 0
471 4579.446000 4579.186282 0
472 4586.385000 4589.186282 0
473 4596.676000 4599.186282 0
474 4606.008000 4609.186282 0
475 4615.820000 4619.186282 0
476 4624.232000 4629.186282 0
477 4633.843000 4639.186282 0
478 4643.506000 4649.186282 0
479 4652.917000 4659.186282 0
480 4662.917000 4662.878757 11
481 4672.917000 4672.878258 16
