001 0.000000 0.004612 25
002 10.000000 10.160168 16
003 20.000000 20.160168 0
004 30.000000 30.160168 0
005 39.500000 39.457150 11
006 49.500000 49.489569 15
007 59.500000 59.489569 0
008 69.500000 69.480047 8
009 79.500000 79.454545 21
010 89.500000 89.485037 19
011 99.500000 99.467238 17
012 109.500000 109.477517 24
013 119.495000 119.469138 17
014 129.495000 129.477214 30
015 139.495000 139.475014 23
016 149.495000 149.552044 25
017 159.495000 159.455359 28
018 169.495000 169.460450 24
019 179.496000 179.519276 27
020 189.496000 189.460320 26
021 199.496000 199.455902 28
022 209.496000 209.442268 20
023 219.496000 219.469228 22
024 229.496000 229.661403 15
025 239.496000 239.661403 0
026 249.496000 251.168149 12
027 257.833000 261.168149 0
028 268.070000 271.168149 0
029 278.273000 278.304794 15
030 288.681000 288.304794 0
031 299.870000 299.937802 9
032 309.155000 309.937802 0
033 319.459000 319.937802 0
034 327.623000 329.937802 0
035 333.710000 339.937802 0
036 343.710000 349.937802 0
037 353.913000 359.937802 0
038 362.483000 369.937802 0
039 374.999000 379.937802 0
040 385.304000 385.079280 10
041 395.507000 395.079280 0
042 405.814000 406.201258 15
043 416.151000 416.201258 0
044 426.151000 426.306428 8
045 436.526000 436.306428 0
046 446.591000 446.306428 0
047 454.821000 456.306428 0
048 464.821000 466.306428 0
049 473.425000 476.306428 0
050 483.288000 486.306428 0
051 493.185000 496.306428 0
052 502.674000 506.306428 0
053 512.129000 516.306428 0
054 521.822000 526.306428 0
055 532.195000 536.306428 0
056 540.665000 546.306428 0
057 550.665000 556.306428 0
058 560.936000 566.306428 0
059 570.219000 576.306428 0
060 580.219000 586.306428 0
061 590.965000 590.958910 9
062 600.454000 600.958910 0
063 610.340000 610.958910 0
064 620.425000 620.503398 13
065 630.553000 630.503398 0
066 641.140000 640.503398 0
067 650.220000 650.503398 0
068 660.064000 660.158804 15
069 670.064000 669.963620 8
070 679.938000 679.939990 10
071 689.580000 689.720927 20
072 699.835000 699.771165 11
073 709.835000 709.674741 13
074 719.292000 719.674741 0
075 729.031000 729.674741 0
076 738.875000 739.674741 0
077 748.746000 749.674741 0
078 758.152000 758.233032 12
079 767.529000 768.233032 0
080 777.609000 778.233032 0
081 787.844000 788.233032 0
082 798.130000 798.434976 10
083 808.001000 808.434976 0
084 818.288000 818.289610 11
085 828.471000 828.389487 8
086 837.900000 838.389487 0
087 848.134000 848.389487 0
088 857.721000 858.389487 0
089 866.734000 868.389487 0
090 875.852000 875.934677 8
091 885.852000 885.976041 11
092 894.867000 895.976041 0
093 904.998000 905.976041 0
094 914.582000 914.392628 10
095 924.168000 924.392628 0
096 934.168000 934.249709 10
097 943.521000 944.249709 0
098 952.743000 952.702329 9
099 962.718000 962.702329 0
100 972.147000 972.702329 0
101 982.147000 982.285371 10
102 991.915000 991.837661 13
103 1002.124000 1001.853150 11
104 1012.593000 1011.853150 0
105 1022.696000 1021.853150 0
106 1032.179000 1032.322332 9
107 1041.271000 1042.322332 0
108 1051.090000 1051.071433 10
109 1061.324000 1061.071433 0
110 1071.092000 1070.886856 10
111 1081.067000 1080.886856 0
112 1090.341000 1090.235969 8
113 1100.264000 1100.291425 16
114 1110.601000 1110.291425 0
115 1120.188000 1120.231775 9
116 1129.695000 1129.688957 9
117 1139.543000 1139.688957 0
118 1148.939000 1148.769231 10
119 1159.306000 1158.769231 0
120 1168.955000 1169.130369 9
121 1178.580000 1179.130369 0
122 1188.580000 1189.130369 0
123 1198.222000 1198.474317 10
124 1208.379000 1208.521842 9
125 1218.491000 1218.521842 0
126 1228.491000 1228.521842 0
127 1237.938000 1237.972602 9
128 1248.097000 1247.972602 0
129 1257.411000 1257.972602 0
130 1267.338000 1267.972602 0
131 1277.474000 1277.488631 10
132 1287.371000 1287.488631 0
133 1295.957000 1297.488631 0
134 1306.140000 1307.488631 0
135 1316.557000 1317.488631 0
136 1325.905000 1327.488631 0
137 1336.205000 1335.765366 8
138 1346.205000 1346.749758 13
139 1355.472000 1355.476490 22
140 1365.786000 1365.476490 0
141 1375.106000 1375.476490 0
142 1384.732000 1385.476490 0
143 1394.373000 1395.476490 0
144 1403.969000 1404.147979 8
145 1413.772000 1414.147979 0
146 1423.807000 1424.147979 0
147 1432.759000 1434.147979 0
148 1442.185000 1442.145180 8
149 1452.185000 1452.286645 10
150 1461.552000 1462.286645 0
151 1469.403000 1472.286645 0
152 1481.218000 1482.286645 0
153 1491.130000 1491.680671 9
154 1501.296000 1501.680671 0
155 1511.430000 1511.680671 0
156 1521.754000 1521.684154 10
157 1531.842000 1531.684154 0
158 1540.884000 1541.684154 0
159 1551.794000 1551.684154 0
160 1561.076000 1560.982186 10
161 1570.996000 1571.096821 9
162 1580.996000 1581.096821 0
163 1590.875000 1591.096821 0
164 1600.220000 1601.096821 0
165 1609.660000 1611.096821 0
166 1616.952000 1621.096821 0
167 1627.628000 1631.096821 0
168 1638.073000 1641.096821 0
169 1647.976000 1648.017391 9
170 1659.699000 1658.017391 0
171 1669.718000 1668.017391 0
172 1680.298000 1680.308307 14
173 1690.007000 1689.828674 8
174 1700.007000 1699.828674 0
175 1710.047000 1710.314807 10
176 1719.833000 1720.314807 0
177 1729.931000 1729.924840 10
178 1740.105000 1739.924840 0
179 1750.008000 1749.995444 8
180 1759.659000 1759.705944 9
181 1768.983000 1769.705944 0
182 1778.325000 1779.705944 0
183 1786.836000 1789.705944 0
184 1796.991000 1799.705944 0
185 1806.991000 1807.016428 8
186 1817.339000 1817.016428 0
187 1826.856000 1826.959154 25
188 1836.740000 1836.959154 0
189 1847.455000 1846.959154 0
190 1858.635000 1856.959154 0
191 1868.326000 1866.959154 0
192 1878.248000 1876.959154 0
193 1887.920000 1887.950712 15
194 1897.340000 1897.283886 14
195 1905.560000 1906.335136 9
196 1915.773000 1915.722047 14
197 1925.308000 1925.298299 10
198 1935.308000 1935.298299 0
199 1945.308000 1945.298299 0
200 1955.077000 1955.298299 0
201 1964.709000 1965.298299 0
202 1974.265000 1975.298299 0
203 1984.091000 1985.298299 0
204 1994.419000 1995.298299 0
205 2003.917000 2003.528042 10
206 2014.342000 2013.528042 0
207 2024.342000 2024.506794 11
208 2034.748000 2034.506794 0
209 2044.497000 2044.506794 0
210 2052.930000 2054.506794 0
211 2063.510000 2064.506794 0
212 2073.510000 2073.356869 8
213 2083.181000 2083.147371 12
214 2092.775000 2093.147371 0
215 2102.699000 2102.892324 8
216 2113.085000 2112.892324 0
217 2122.582000 2122.892324 0
218 2132.582000 2132.892324 0
219 2142.621000 2142.892324 0
220 2152.621000 2152.892324 0
221 2162.408000 2162.892324 0
222 2171.964000 2171.900737 10
223 2181.132000 2181.900737 0
224 2192.079000 2191.900737 0
225 2201.906000 2201.988077 14
226 2212.564000 2211.988077 0
227 2222.486000 2222.579054 10
228 2231.635000 2232.579054 0
229 2240.552000 2242.579054 0
230 2248.869000 2252.579054 0
231 2259.720000 2262.579054 0
232 2269.584000 2272.579054 0
233 2279.663000 2282.579054 0
234 2289.295000 2289.324557 9
235 2299.140000 2299.058625 17
236 2308.309000 2308.404554 13
237 2318.309000 2318.404554 0
238 2328.433000 2328.404554 0
239 2338.700000 2338.404554 0
240 2348.841000 2348.404554 0
241 2357.638000 2358.404554 0
242 2367.556000 2368.404554 0
243 2377.556000 2378.404554 0
244 2387.492000 2388.404554 0
245 2397.492000 2398.404554 0
246 2407.245000 2407.166150 16
247 2416.888000 2416.923354 8
248 2426.625000 2426.385845 9
249 2436.625000 2436.385845 0
250 2446.625000 2446.385845 0
251 2455.791000 2455.869004 14
252 2465.563000 2465.869004 0
253 2475.219000 2475.100118 9
254 2484.752000 2485.100118 0
255 2494.345000 2495.100118 0
256 2503.590000 2505.100118 0
257 2513.327000 2515.100118 0
258 2522.425000 2525.100118 0
259 2532.425000 2535.100118 0
260 2542.010000 2545.100118 0
261 2551.132000 2555.100118 0
262 2560.594000 2560.356672 10
263 2569.813000 2569.777721 9
264 2579.056000 2579.777721 0
265 2588.033000 2589.777721 0
266 2597.181000 2599.777721 0
267 2607.181000 2609.777721 0
268 2616.802000 2616.731866 10
269 2625.949000 2626.731866 0
270 2635.336000 2636.731866 0
271 2645.336000 2646.731866 0
272 2654.752000 2656.731866 0
273 2664.938000 2664.892691 9
274 2673.879000 2674.892691 0
275 2684.329000 2684.892691 0
276 2693.608000 2694.892691 0
277 2703.396000 2703.504567 9
278 2712.325000 2713.504567 0
279 2723.233000 2723.504567 0
280 2733.586000 2733.504567 0
281 2743.313000 2743.504567 0
282 2753.123000 2753.504567 0
283 2760.110000 2763.504567 0
284 2770.319000 2773.504567 0
285 2780.069000 2783.504567 0
286 2790.069000 2793.504567 0
287 2800.298000 2803.504567 0
288 2810.104000 2813.504567 0
289 2819.480000 2823.504567 0
290 2829.025000 2829.088519 17
291 2839.102000 2839.103888 8
292 2849.021000 2849.103888 0
293 2858.916000 2859.103888 0
294 2869.329000 2869.103888 0
295 2877.668000 2879.103888 0
296 2887.442000 2887.388456 17
297 2897.795000 2897.857381 11
298 2907.293000 2907.857381 0
299 2917.175000 2917.107421 11
300 2926.998000 2927.107421 0
301 2935.746000 2935.648664 9
302 2945.436000 2945.309570 8
303 2955.356000 2956.131385 12
304 2964.522000 2966.131385 0
305 2974.983000 2976.131385 0
306 2985.603000 2985.107409 13
307 2995.729000 2995.107409 0
308 3006.629000 3006.501900 16
309 3014.953000 3014.778663 13
310 3024.823000 3024.778663 0
311 3034.477000 3034.778663 0
312 3043.168000 3044.778663 0
313 3051.342000 3054.778663 0
314 3061.468000 3064.778663 0
315 3071.381000 3071.117309 10
316 3080.242000 3080.232917 10
317 3090.518000 3090.541025 9
318 3099.379000 3100.541025 0
319 3109.614000 3110.541025 0
320 3119.010000 3120.541025 0
321 3128.279000 3130.541025 0
322 3137.870000 3140.541025 0
323 3146.021000 3146.473301 9
324 3155.866000 3156.473301 0
325 3165.193000 3166.473301 0
326 3174.701000 3176.473301 0
327 3184.357000 3186.473301 0
328 3194.357000 3196.473301 0
329 3204.267000 3206.473301 0
330 3213.801000 3216.473301 0
331 3224.560000 3226.473301 0
332 3234.264000 3236.473301 0
333 3244.615000 3246.473301 0
334 3253.814000 3256.473301 0
335 3263.814000 3266.473301 0
336 3273.940000 3274.144565 8
337 3283.138000 3284.144565 0
338 3294.383000 3294.144565 0
339 3302.959000 3304.144565 0
340 3312.556000 3314.144565 0
341 3323.005000 3324.144565 0
342 3334.161000 3334.144565 0
343 3344.480000 3344.313187 9
344 3354.582000 3354.766824 10
345 3364.582000 3364.593464 8
346 3374.424000 3374.403012 12
347 3384.424000 3384.403012 0
348 3394.511000 3394.403012 0
349 3404.275000 3404.258634 14
350 3414.420000 3414.258634 0
351 3423.839000 3424.258634 0
352 3434.227000 3434.258634 0
353 3443.973000 3443.939515 10
354 3454.135000 3454.357115 11
355 3463.796000 3464.357115 0
356 3473.317000 3473.333775 8
357 3483.002000 3483.333775 0
358 3491.710000 3493.333775 0
359 3501.231000 3503.333775 0
360 3511.079000 3511.171991 11
361 3520.698000 3520.726319 10
362 3530.154000 3530.726319 0
363 3539.741000 3540.726319 0
364 3549.838000 3550.726319 0
365 3559.823000 3560.726319 0
366 3571.457000 3570.726319 0
367 3581.369000 3581.278099 8
368 3590.500000 3591.278099 0
369 3600.241000 3600.101520 9
370 3610.648000 3610.101520 0
371 3620.496000 3620.101520 0
372 3631.869000 3631.820522 21
373 3640.968000 3641.064706 9
374 3651.042000 3650.276306 12
375 3660.726000 3660.276306 0
376 3667.063000 3670.276306 0
377 3675.057000 3680.276306 0
378 3686.171000 3686.114967 9
379 3694.652000 3696.114967 0
380 3705.060000 3706.114967 0
381 3715.001000 3715.083331 14
382 3725.044000 3715.081498 12
383 3733.674000 3725.081498 0
384 3743.809000 3743.663864 9
385 3753.461000 3753.663864 0
386 3763.193000 3763.663864 0
387 3772.288000 3773.663864 0
388 3781.697000 3783.663864 0
389 3791.239000 3791.489264 10
390 3799.153000 3801.489264 0
391 3809.153000 3811.489264 0
392 3818.946000 3821.489264 0
393 3828.946000 3831.489264 0
394 3839.290000 3841.489264 0
395 3849.127000 3851.489264 0
396 3859.366000 3861.489264 0
397 3869.880000 3871.489264 0
398 3879.793000 3880.177845 11
399 3889.165000 3890.177845 0
400 3898.538000 3900.177845 0
401 3908.473000 3910.177845 0
402 3918.296000 3920.177845 0
403 3928.034000 3930.177845 0
404 3937.025000 3937.018187 10
405 3945.670000 3947.018187 0
406 3954.797000 3957.018187 0
407 3963.756000 3963.670262 9
408 3975.048000 3973.670262 0
409 3981.645000 3983.670262 0
410 3992.690000 3993.670262 0
411 4002.457000 4002.651325 8
412 4011.982000 4012.651325 0
413 4021.430000 4022.651325 0
414 4030.624000 4032.651325 0
415 4040.513000 4040.724345 10
416 4049.727000 4050.724345 0
417 4058.371000 4060.724345 0
418 4068.258000 4070.724345 0
419 4076.974000 4080.724345 0
420 4085.661000 4090.724345 0
421 4096.585000 4100.724345 0
422 4105.894000 4105.863948 13
423 4115.448000 4115.863948 0
424 4123.311000 4125.863948 0
425 4132.804000 4135.863948 0
426 4142.148000 4142.256301 18
427 4151.574000 4151.542629 10
428 4160.897000 4161.542629 0
429 4170.041000 4171.542629 0
430 4180.202000 4179.955015 16
431 4189.466000 4189.455124 18
432 4198.878000 4199.455124 0
433 4208.352000 4209.455124 0
434 4218.124000 4218.069928 19
435 4228.124000 4227.975405 13
436 4237.399000 4236.984586 8
437 4245.914000 4246.984586 0
438 4255.326000 4255.308801 12
439 4264.948000 4264.741065 9
440 4274.331000 4274.657160 11
441 4284.331000 4284.657160 0
442 4294.866000 4294.782991 13
443 4304.488000 4304.623971 14
444 4314.081000 4314.623971 0
445 4323.524000 4324.623971 0
446 4333.314000 4334.623971 0
447 4342.679000 4344.623971 0
448 4351.252000 4354.623971 0
449 4361.175000 4364.623971 0
450 4371.247000 4374.623971 0
451 4380.061000 4384.623971 0
452 4388.724000 4388.651973 12
453 4397.957000 4398.651973 0
454 4408.286000 4408.651973 0
455 4418.401000 4418.452623 15
456 4427.665000 4428.452623 0
457 4437.586000 4437.559663 8
458 4447.586000 4447.591199 11
459 4457.586000 4457.105094 11
460 4466.965000 4466.928294 14
461 4476.557000 4476.726837 9
462 4485.941000 4486.726837 0
463 4495.941000 4496.726837 0
464 4504.556000 4506.726837 0
465 4514.556000 4516.726837 0
466 4524.310000 4526.726837 0
467 4532.555000 4532.704287 9
468 4542.555000 4542.704287 0
469 4551.201000 4551.022405 17
470 4561.332000 4561.128431 12
471 4572.125000 4571.128431 0
472 4581.268000 4581.128431 0
473 4590.771000 4591.128431 0
474 4600.003000 4601.128431 0
475 4610.003000 4610.594490 9
476 4619.399000 4620.594490 0
477 4627.343000 4630.594490 0
478 4636.335000 4636.574698 10
479 4646.109000 4646.125778 11
480 4655.421000 4656.125778 0
481 4665.421000 4665.200980 16
