001 0.000000 0.001298 25
002 10.000000 10.164325 16
003 20.000000 20.164325 0
004 30.000000 30.164325 0
005 39.500000 39.457150 11
006 49.500000 49.489679 14
007 59.500000 59.489679 0
008 69.500000 69.480047 8
009 79.500000 79.454645 22
010 89.500000 89.485584 20
011 99.500000 99.468464 20
012 109.500000 109.477517 24
013 119.495000 119.661970 19
014 129.495000 129.477214 30
015 139.495000 139.474375 24
016 149.495000 149.552044 25
017 159.495000 159.455359 28
018 169.495000 169.460450 24
019 179.496000 179.466635 25
020 189.496000 189.459373 25
021 199.496000 199.455982 27
022 209.496000 209.442525 20
023 219.496000 219.469494 23
024 229.496000 229.676942 14
025 239.496000 232.689950 8
026 249.496000 242.689950 0
027 257.833000 257.640566 8
028 268.070000 267.640566 0
029 278.273000 278.299442 14
030 288.681000 288.299442 0
031 299.870000 299.936479 10
032 309.155000 309.936479 0
033 319.459000 319.936479 0
034 327.623000 329.936479 0
035 333.710000 339.936479 0
036 343.710000 349.936479 0
037 353.913000 359.936479 0
038 362.483000 369.936479 0
039 374.999000 379.936479 0
040 385.304000 385.079280 10
041 395.507000 395.079280 0
042 405.814000 406.201258 15
043 416.151000 416.201258 0
044 426.151000 426.201258 0
045 436.526000 436.201258 0
046 446.591000 446.201258 0
047 454.821000 456.201258 0
048 464.821000 466.201258 0
049 473.425000 476.201258 0
050 483.288000 483.245103 9
051 493.185000 493.240075 10
052 502.674000 503.240075 0
053 512.129000 513.240075 0
054 521.822000 523.240075 0
055 532.195000 533.240075 0
056 540.665000 543.240075 0
057 550.665000 553.240075 0
058 560.936000 563.240075 0
059 570.219000 573.240075 0
060 580.219000 583.240075 0
061 590.965000 590.958910 9
062 600.454000 600.958910 0
063 610.340000 610.958910 0
064 620.425000 620.508841 11
065 630.553000 630.508841 0
066 641.140000 640.508841 0
067 650.220000 650.508841 0
068 660.064000 660.207887 16
069 670.064000 669.963620 8
070 679.938000 679.939990 10
071 689.580000 689.677013 20
072 699.835000 699.773127 10
073 709.835000 709.666772 12
074 719.292000 719.666772 0
075 729.031000 729.666772 0
076 738.875000 739.666772 0
077 748.746000 749.666772 0
078 758.152000 758.231729 11
079 767.529000 768.231729 0
080 777.609000 778.231729 0
081 787.844000 788.231729 0
082 798.130000 798.434976 10
083 808.001000 808.434976 0
084 818.288000 818.284461 11
085 828.471000 828.284461 0
086 837.900000 838.284461 0
087 848.134000 848.284461 0
088 857.721000 858.284461 0
089 866.734000 868.284461 0
090 875.852000 875.933380 9
091 885.852000 885.971635 10
092 894.867000 895.971635 0
093 904.998000 905.971635 0
094 914.582000 914.376779 9
095 924.168000 924.376779 0
096 934.168000 934.376779 0
097 943.521000 944.376779 0
098 952.743000 952.702329 9
099 962.718000 962.702329 0
100 972.147000 972.702329 0
101 982.147000 982.270573 11
102 991.915000 991.856968 15
103 1002.124000 1001.853150 11
104 1012.593000 1011.853150 0
105 1022.696000 1022.780955 8
106 1032.179000 1032.780955 0
107 1041.271000 1042.780955 0
108 1051.090000 1051.060947 8
109 1061.324000 1061.060947 0
110 1071.092000 1071.060947 0
111 1081.067000 1081.060947 0
112 1090.341000 1090.235969 8
113 1100.264000 1100.279013 14
114 1110.601000 1110.279013 0
115 1120.188000 1120.389334 11
116 1129.695000 1130.389334 0
117 1139.543000 1140.389334 0
118 1148.939000 1148.767168 9
119 1159.306000 1158.767168 0
120 1168.955000 1169.192969 8
121 1178.580000 1179.192969 0
122 1188.580000 1189.192969 0
123 1198.222000 1199.192969 0
124 1208.379000 1174.964904 8
125 1218.491000 1184.964904 0
126 1228.491000 1194.964904 0
127 1237.938000 1237.964596 8
128 1248.097000 1247.964596 0
129 1257.411000 1257.964596 0
130 1267.338000 1267.964596 0
131 1277.474000 1277.488631 10
132 1287.371000 1287.488631 0
133 1295.957000 1297.488631 0
134 1306.140000 1307.488631 0
135 1316.557000 1317.488631 0
136 1325.905000 1327.488631 0
137 1336.205000 1337.488631 0
138 1346.205000 1346.770364 12
139 1355.472000 1355.468751 20
140 1365.786000 1365.468751 0
141 1375.106000 1375.468751 0
142 1384.732000 1385.468751 0
143 1394.373000 1395.468751 0
144 1403.969000 1404.139991 9
145 1413.772000 1414.139991 0
146 1423.807000 1424.139991 0
147 1432.759000 1434.139991 0
148 1442.185000 1444.139991 0
149 1452.185000 1452.275801 8
150 1461.552000 1462.275801 0
151 1469.403000 1472.275801 0
152 1481.218000 1482.275801 0
153 1491.130000 1492.275801 0
154 1501.296000 1502.275801 0
155 1511.430000 1511.417553 8
156 1521.754000 1521.667271 11
157 1531.842000 1531.667271 0
158 1540.884000 1541.667271 0
159 1551.794000 1551.667271 0
160 1561.076000 1560.982186 10
161 1570.996000 1570.982186 0
162 1580.996000 1581.012371 8
163 1590.875000 1591.012371 0
164 1600.220000 1601.012371 0
165 1609.660000 1611.012371 0
166 1616.952000 1621.012371 0
167 1627.628000 1631.012371 0
168 1638.073000 1641.012371 0
169 1647.976000 1648.026332 11
170 1659.699000 1658.026332 0
171 1669.718000 1668.026332 0
172 1680.298000 1680.324937 12
173 1690.007000 1689.829027 8
174 1700.007000 1699.829027 0
175 1710.047000 1710.276681 10
176 1719.833000 1720.276681 0
177 1729.931000 1730.138269 9
178 1740.105000 1740.138269 0
179 1750.008000 1750.138269 0
180 1759.659000 1759.672283 8
181 1768.983000 1769.672283 0
182 1778.325000 1779.672283 0
183 1786.836000 1789.672283 0
184 1796.991000 1799.672283 0
185 1806.991000 1809.672283 0
186 1817.339000 1819.672283 0
187 1826.856000 1826.868587 20
188 1836.740000 1836.868587 0
189 1847.455000 1846.868587 0
190 1858.635000 1856.868587 0
191 1868.326000 1866.868587 0
192 1878.248000 1876.868587 0
193 1887.920000 1887.938838 16
194 1897.340000 1897.273242 15
195 1905.560000 1906.335136 9
196 1915.773000 1915.818342 13
197 1925.308000 1925.291688 11
198 1935.308000 1935.291688 0
199 1945.308000 1945.291688 0
200 1955.077000 1955.291688 0
201 1964.709000 1965.291688 0
202 1974.265000 1975.291688 0
203 1984.091000 1984.214970 8
204 1994.419000 1994.214970 0
205 2003.917000 2003.538482 11
206 2014.342000 2013.538482 0
207 2024.342000 2024.506794 11
208 2034.748000 2034.506794 0
209 2044.497000 2044.506794 0
210 2052.930000 2054.506794 0
211 2063.510000 2064.506794 0
212 2073.510000 2073.138778 8
213 2083.181000 2083.147371 12
214 2092.775000 2093.147371 0
215 2102.699000 2102.848023 8
216 2113.085000 2112.848023 0
217 2122.582000 2122.848023 0
218 2132.582000 2132.848023 0
219 2142.621000 2142.848023 0
220 2152.621000 2152.848023 0
221 2162.408000 2162.848023 0
222 2171.964000 2171.912653 10
223 2181.132000 2181.912653 0
224 2192.079000 2191.912653 0
225 2201.906000 2201.957464 12
226 2212.564000 2211.821533 8
227 2222.486000 2222.576624 9
228 2231.635000 2232.576624 0
229 2240.552000 2242.576624 0
230 2248.869000 2252.576624 0
231 2259.720000 2262.576624 0
232 2269.584000 2272.576624 0
233 2279.663000 2282.576624 0
234 2289.295000 2289.324557 9
235 2299.140000 2299.050325 16
236 2308.309000 2308.482966 13
237 2318.309000 2318.482966 0
238 2328.433000 2328.482966 0
239 2338.700000 2338.482966 0
240 2348.841000 2348.482966 0
241 2357.638000 2357.562126 8
242 2367.556000 2367.562126 0
243 2377.556000 2377.557668 8
244 2387.492000 2387.557668 0
245 2397.492000 2397.557668 0
246 2407.245000 2407.178894 18
247 2416.888000 2417.178894 0
248 2426.625000 2426.441960 11
249 2436.625000 2436.441960 0
250 2446.625000 2446.441960 0
251 2455.791000 2455.882612 15
252 2465.563000 2465.882612 0
253 2475.219000 2475.117537 10
254 2484.752000 2485.117537 0
255 2494.345000 2495.117537 0
256 2503.590000 2505.117537 0
257 2513.327000 2515.117537 0
258 2522.425000 2525.117537 0
259 2532.425000 2535.117537 0
260 2542.010000 2545.117537 0
261 2551.132000 2555.117537 0
262 2560.594000 2560.417655 10
263 2569.813000 2569.777721 9
264 2579.056000 2579.777721 0
265 2588.033000 2589.777721 0
266 2597.181000 2599.777721 0
267 2607.181000 2609.777721 0
268 2616.802000 2616.737656 11
269 2625.949000 2626.737656 0
270 2635.336000 2636.737656 0
271 2645.336000 2646.737656 0
272 2654.752000 2656.737656 0
273 2664.938000 2664.657187 8
274 2673.879000 2674.657187 0
275 2684.329000 2684.657187 0
276 2693.608000 2694.657187 0
277 2703.396000 2703.519686 9
278 2712.325000 2713.519686 0
279 2723.233000 2723.519686 0
280 2733.586000 2733.519686 0
281 2743.313000 2743.519686 0
282 2753.123000 2753.519686 0
283 2760.110000 2763.519686 0
284 2770.319000 2773.519686 0
285 2780.069000 2783.519686 0
286 2790.069000 2793.519686 0
287 2800.298000 2803.519686 0
288 2810.104000 2813.519686 0
289 2819.480000 2823.519686 0
290 2829.025000 2829.084490 16
291 2839.102000 2839.084490 0
292 2849.021000 2849.084490 0
293 2858.916000 2859.084490 0
294 2869.329000 2869.084490 0
295 2877.668000 2879.084490 0
296 2887.442000 2887.285227 19
297 2897.795000 2897.857381 11
298 2907.293000 2907.857381 0
299 2917.175000 2917.118462 12
300 2926.998000 2927.118462 0
301 2935.746000 2935.663213 9
302 2945.436000 2945.309570 8
303 2955.356000 2956.192576 11
304 2964.522000 2966.192576 0
305 2974.983000 2976.192576 0
306 2985.603000 2985.321060 10
307 2995.729000 2995.321060 0
308 3006.629000 3006.478129 14
309 3014.953000 3014.762548 12
310 3024.823000 3024.762548 0
311 3034.477000 3034.762548 0
312 3043.168000 3044.762548 0
313 3051.342000 3054.762548 0
314 3061.468000 3064.762548 0
315 3071.381000 3071.428196 10
316 3080.242000 3080.058449 9
317 3090.518000 3090.058449 0
318 3099.379000 3100.058449 0
319 3109.614000 3110.058449 0
320 3119.010000 3120.058449 0
321 3128.279000 3130.058449 0
322 3137.870000 3140.058449 0
323 3146.021000 3146.626325 10
324 3155.866000 3156.626325 0
325 3165.193000 3166.626325 0
326 3174.701000 3176.626325 0
327 3184.357000 3186.626325 0
328 3194.357000 3196.626325 0
329 3204.267000 3204.031438 8
330 3213.801000 3214.031438 0
331 3224.560000 3224.031438 0
332 3234.264000 3234.031438 0
333 3244.615000 3244.031438 0
334 3253.814000 3254.031438 0
335 3263.814000 3264.031438 0
336 3273.940000 3274.031438 0
337 3283.138000 3284.031438 0
338 3294.383000 3294.031438 0
339 3302.959000 3304.031438 0
340 3312.556000 3314.031438 0
341 3323.005000 3324.031438 0
342 3334.161000 3334.031438 0
343 3344.480000 3344.031438 0
344 3354.582000 3354.537984 8
345 3364.582000 3364.537984 0
346 3374.424000 3374.392720 10
347 3384.424000 3384.392720 0
348 3394.511000 3394.392720 0
349 3404.275000 3404.259452 14
350 3414.420000 3414.259452 0
351 3423.839000 3424.259452 0
352 3434.227000 3434.259452 0
353 3443.973000 3443.934958 9
354 3454.135000 3454.130547 11
355 3463.796000 3464.130547 0
356 3473.317000 3473.329877 9
357 3483.002000 3483.329877 0
358 3491.710000 3576.265718 8
359 3501.231000 3586.265718 0
360 3511.079000 3596.265718 0
361 3520.698000 3606.265718 0
362 3530.154000 3616.265718 0
363 3539.741000 3626.265718 0
364 3549.838000 3636.265718 0
365 3559.823000 3646.265718 0
366 3571.457000 3656.265718 0
367 3581.369000 3666.265718 0
368 3590.500000 3676.265718 0
369 3600.241000 3686.265718 0
370 3610.648000 3696.265718 0
371 3620.496000 3706.265718 0
372 3631.869000 3716.265718 0
373 3640.968000 3726.265718 0
374 3651.042000 3736.265718 0
375 3660.726000 3746.265718 0
376 3667.063000 3756.265718 0
377 3675.057000 3766.265718 0
378 3686.171000 3776.265718 0
379 3694.652000 3786.265718 0
380 3705.060000 3796.265718 0
381 3715.001000 3806.265718 0
382 3725.044000 3816.265718 0
383 3733.674000 3826.265718 0
384 3743.809000 3836.265718 0
385 3753.461000 3846.265718 0
386 3763.193000 3856.265718 0
387 3772.288000 3866.265718 0
388 3781.697000 3876.265718 0
389 3791.239000 3886.265718 0
390 3799.153000 3896.265718 0
391 3809.153000 3906.265718 0
392 3818.946000 3916.265718 0
393 3828.946000 3926.265718 0
394 3839.290000 3936.265718 0
395 3849.127000 3946.265718 0
396 3859.366000 3956.265718 0
397 3869.880000 3966.265718 0
398 3879.793000 3976.265718 0
399 3889.165000 3986.265718 0
400 3898.538000 3996.265718 0
401 3908.473000 4006.265718 0
402 3918.296000 4016.265718 0
403 3928.034000 4026.265718 0
404 3937.025000 4036.265718 0
405 3945.670000 4046.265718 0
406 3954.797000 4056.265718 0
407 3963.756000 4066.265718 0
408 3975.048000 4076.265718 0
409 3981.645000 4086.265718 0
410 3992.690000 4096.265718 0
411 4002.457000 4106.265718 0
412 4011.982000 4116.265718 0
413 4021.430000 4126.265718 0
414 4030.624000 4136.265718 0
415 4040.513000 4146.265718 0
416 4049.727000 4156.265718 0
417 4058.371000 4166.265718 0
418 4068.258000 4176.265718 0
419 4076.974000 4186.265718 0
420 4085.661000 4196.265718 0
421 4096.585000 4206.265718 0
422 4105.894000 4216.265718 0
423 4115.448000 4226.265718 0
424 4123.311000 4236.265718 0
425 4132.804000 4246.265718 0
426 4142.148000 4256.265718 0
427 4151.574000 4266.265718 0
428 4160.897000 4276.265718 0
429 4170.041000 4286.265718 0
430 4180.202000 4296.265718 0
431 4189.466000 4306.265718 0
432 4198.878000 4316.265718 0
433 4208.352000 4326.265718 0
434 4218.124000 4336.265718 0
435 4228.124000 4346.265718 0
436 4237.399000 4356.265718 0
437 4245.914000 4366.265718 0
438 4255.326000 4376.265718 0
439 4264.948000 4386.265718 0
440 4274.331000 4396.265718 0
441 4284.331000 4406.265718 0
442 4294.866000 4416.265718 0
443 4304.488000 4426.265718 0
444 4314.081000 4436.265718 0
445 4323.524000 4446.265718 0
446 4333.314000 4456.265718 0
447 4342.679000 4466.265718 0
448 4351.252000 4476.265718 0
449 4361.175000 4486.265718 0
450 4371.247000 4496.265718 0
451 4380.061000 4506.265718 0
452 4388.724000 4516.265718 0
453 4397.957000 4526.265718 0
454 4408.286000 4536.265718 0
455 4418.401000 4546.265718 0
456 4427.665000 4556.265718 0
457 4437.586000 4566.265718 0
458 4447.586000 4576.265718 0
459 4457.586000 4586.265718 0
460 4466.965000 4596.265718 0
461 4476.557000 4606.265718 0
462 4485.941000 4616.265718 0
463 4495.941000 4610.900362 8
464 4504.556000 4620.900362 0
465 4514.556000 4630.900362 0
466 4524.310000 4640.900362 0
467 4532.555000 4650.900362 0
468 4542.555000 4660.900362 0
469 4551.201000 4670.900362 0
470 4561.332000 4561.122912 11
471 4572.125000 4571.122912 0
472 4581.268000 4581.122912 0
473 4590.771000 4591.122912 0
474 4600.003000 4601.122912 0
475 4610.003000 4610.690334 8
476 4619.399000 4620.690334 0
477 4627.343000 4630.690334 0
478 4636.335000 4636.528183 8
479 4646.109000 4646.020103 13
480 4655.421000 4656.020103 0
481 4665.421000 4665.204171 14
