001 0.000000 0.005624 28
002 10.000000 10.033610 21
003 20.000000 20.033610 0
004 28.072000 30.033610 0
005 38.058000 38.088442 20
006 48.059000 48.088442 0
007 58.056000 58.088442 0
008 68.056000 68.088442 0
009 78.056000 78.071495 34
010 88.056000 88.072404 10
011 98.056000 98.220201 20
012 108.056000 108.103385 25
013 118.056000 118.077043 12
014 128.056000 128.094852 38
015 138.056000 138.087194 24
016 148.056000 148.079034 31
017 158.056000 158.079404 27
018 168.056000 168.079435 33
019 178.056000 177.925391 11
020 188.056000 188.098670 28
021 198.056000 198.074523 21
022 208.056000 208.082903 23
023 218.056000 218.087722 23
024 228.056000 227.962258 19
025 238.056000 237.962258 0
026 248.056000 247.962258 0
027 258.311000 257.962258 0
028 268.392000 267.962258 0
029 278.457000 278.459040 10
030 288.680000 288.459040 0
031 299.265000 298.459040 0
032 309.265000 308.459040 0
033 319.460000 318.459040 0
034 329.886000 328.459040 0
035 331.489000 338.459040 0
036 341.050000 348.459040 0
037 352.269000 358.459040 0
038 362.269000 368.459040 0
039 372.483000 378.459040 0
040 382.483000 388.459040 0
041 392.844000 392.742907 13
042 403.556000 403.246640 8
043 414.326000 413.246640 0
044 424.449000 424.241837 9
045 434.768000 434.241837 0
046 444.768000 444.241837 0
047 452.651000 454.241837 0
048 462.775000 464.241837 0
049 472.194000 474.241837 0
050 482.194000 482.250154 8
051 491.877000 492.250154 0
052 501.624000 502.250154 0
053 511.427000 512.250154 0
054 520.978000 520.716167 13
055 530.978000 530.716167 0
056 541.619000 542.017350 8
057 550.842000 552.017350 0
058 560.228000 562.017350 0
059 569.286000 572.017350 0
060 578.659000 578.575855 8
061 588.915000 588.575855 0
062 598.555000 598.575855 0
063 608.681000 608.543897 14
064 619.259000 619.251718 23
065 628.721000 628.549248 9
066 638.369000 638.549248 0
067 647.991000 648.549248 0
068 657.851000 659.066908 8
069 666.916000 666.976169 8
070 675.899000 676.976169 0
071 685.573000 686.976169 0
072 695.248000 695.522223 11
073 705.586000 705.522223 0
074 715.395000 715.494241 8
075 725.261000 725.121411 13
076 734.717000 735.121411 0
077 745.217000 745.151913 14
078 755.217000 755.172060 8
079 764.858000 765.172060 0
080 774.506000 775.172060 0
081 785.429000 785.172060 0
082 796.513000 795.172060 0
083 806.746000 805.172060 0
084 816.819000 816.662688 10
085 826.819000 826.847250 15
086 836.249000 836.677054 12
087 846.163000 846.677054 0
088 856.163000 856.677054 0
089 864.873000 864.871173 8
090 873.220000 874.871173 0
091 883.027000 884.871173 0
092 892.860000 892.734344 8
093 902.860000 902.734344 0
094 912.210000 912.734344 0
095 921.433000 922.734344 0
096 931.433000 931.708644 11
097 940.742000 941.708644 0
098 949.547000 951.708644 0
099 958.617000 961.708644 0
100 968.324000 968.315000 13
101 977.329000 977.441991 13
102 987.329000 987.441991 0
103 997.595000 997.441991 0
104 1007.336000 1007.441991 0
105 1017.463000 1017.441991 0
106 1028.014000 1027.441991 0
107 1037.881000 1037.441991 0
108 1046.619000 1046.436091 9
109 1056.878000 1056.893972 9
110 1066.607000 1066.509383 8
111 1076.607000 1076.509383 0
112 1085.691000 1086.509383 0
113 1095.691000 1095.839517 9
114 1104.986000 1104.977404 11
115 1115.086000 1115.043936 12
116 1124.734000 1125.043936 0
117 1133.904000 1133.770447 16
118 1143.738000 1143.657217 12
119 1153.068000 1153.110275 8
120 1162.582000 1163.110275 0
121 1172.470000 1172.520522 8
122 1181.693000 1181.504521 9
123 1191.553000 1191.504521 0
124 1201.148000 1201.165903 8
125 1211.148000 1211.165903 0
126 1220.338000 1221.165903 0
127 1229.986000 1231.165903 0
128 1239.076000 1239.095098 8
129 1249.076000 1249.095098 0
130 1257.800000 1259.095098 0
131 1267.668000 1269.095098 0
132 1278.014000 1279.095098 0
133 1288.014000 1288.082750 9
134 1297.789000 1298.082750 0
135 1307.517000 1308.082750 0
136 1317.517000 1318.082750 0
137 1327.250000 1328.082750 0
138 1336.985000 1336.915279 10
139 1346.985000 1347.430584 8
140 1356.581000 1356.264141 10
141 1365.299000 1366.264141 0
142 1375.105000 1376.264141 0
143 1385.579000 1386.264141 0
144 1395.579000 1395.575282 13
145 1405.579000 1406.055657 12
146 1415.931000 1415.922250 11
147 1425.340000 1425.922250 0
148 1434.351000 1435.922250 0
149 1443.813000 1445.922250 0
150 1453.703000 1453.661086 8
151 1463.450000 1463.661086 0
152 1471.333000 1473.661086 0
153 1481.566000 1483.661086 0
154 1491.044000 1493.661086 0
155 1500.579000 1503.661086 0
156 1510.173000 1513.661086 0
157 1520.607000 1523.661086 0
158 1530.868000 1533.661086 0
159 1540.607000 1543.661086 0
160 1549.968000 1553.661086 0
161 1560.345000 1560.190408 10
162 1570.539000 1570.190408 0
163 1579.858000 1579.788563 8
164 1589.858000 1589.788563 0
165 1599.858000 1599.788563 0
166 1610.086000 1609.788563 0
167 1620.615000 1619.788563 0
168 1631.827000 1629.788563 0
169 1641.168000 1641.358638 12
170 1651.300000 1651.358638 0
171 1663.636000 1661.358638 0
172 1672.749000 1672.724405 20
173 1683.172000 1682.724405 0
174 1693.095000 1692.724405 0
175 1702.956000 1703.023652 20
176 1713.607000 1713.398535 10
177 1724.031000 1723.398535 0
178 1734.031000 1733.398535 0
179 1742.838000 1743.398535 0
180 1752.449000 1753.398535 0
181 1760.542000 1763.398535 0
182 1770.715000 1773.398535 0
183 1780.992000 1783.398535 0
184 1790.832000 1790.846654 12
185 1800.832000 1800.846654 0
186 1810.721000 1810.846654 0
187 1820.617000 1820.846654 0
188 1830.360000 1830.331900 18
189 1840.013000 1840.008878 8
190 1849.209000 1850.008878 0
191 1860.090000 1860.008878 0
192 1869.680000 1870.008878 0
193 1879.478000 1880.008878 0
194 1889.402000 1889.392073 8
195 1899.097000 1898.998367 14
196 1908.417000 1908.998367 0
197 1917.757000 1918.998367 0
198 1926.911000 1928.998367 0
199 1937.293000 1938.998367 0
200 1946.883000 1948.998367 0
201 1954.809000 1958.998367 0
202 1964.620000 1968.998367 0
203 1974.782000 1978.998367 0
204 1985.579000 1988.998367 0
205 1995.308000 1998.998367 0
206 2005.308000 2008.998367 0
207 2015.204000 2018.998367 0
208 2024.919000 2028.998367 0
209 2034.823000 2038.998367 0
210 2044.823000 2045.162420 11
211 2053.733000 2055.162420 0
212 2065.736000 2065.162420 0
213 2075.432000 2074.936044 14
214 2085.432000 2085.620372 11
215 2095.640000 2095.963671 12
216 2105.535000 2105.963671 0
217 2116.249000 2115.963671 0
218 2125.944000 2126.207209 10
219 2135.944000 2136.207209 0
220 2146.477000 2146.125880 12
221 2156.339000 2156.125880 0
222 2166.172000 2166.176692 8
223 2176.248000 2176.176692 0
224 2185.589000 2186.176692 0
225 2195.326000 2196.176692 0
226 2205.520000 2204.132490 10
227 2217.024000 2214.132490 0
228 2227.821000 2224.132490 0
229 2237.286000 2237.184378 16
230 2246.071000 2247.184378 0
231 2256.071000 2257.184378 0
232 2265.092000 2265.166685 11
233 2275.092000 2275.056684 8
234 2284.908000 2284.914225 8
235 2294.908000 2294.914225 0
236 2304.609000 2304.914225 0
237 2314.609000 2314.914225 0
238 2324.304000 2324.914225 0
239 2334.304000 2334.914225 0
240 2344.486000 2344.470174 11
241 2353.057000 2354.470174 0
242 2362.985000 2364.470174 0
243 2372.520000 2372.458035 8
244 2381.683000 2381.978523 8
245 2392.797000 2393.025617 13
246 2402.524000 2403.025617 0
247 2412.524000 2413.175969 9
248 2422.603000 2423.175969 0
249 2432.623000 2432.609083 21
250 2442.623000 2442.442148 19
251 2451.774000 2452.442148 0
252 2461.676000 2462.442148 0
253 2470.754000 2472.442148 0
254 2481.214000 2481.258425 15
255 2491.098000 2491.258425 0
256 2500.447000 2501.258425 0
257 2509.765000 2509.687585 8
258 2518.890000 2519.687585 0
259 2529.280000 2529.687585 0
260 2538.944000 2539.687585 0
261 2548.529000 2548.589488 14
262 2558.036000 2558.589488 0
263 2567.093000 2568.589488 0
264 2575.836000 2578.589488 0
265 2585.931000 2585.970998 8
266 2595.244000 2595.335575 10
267 2605.244000 2605.335575 0
268 2615.042000 2615.055748 12
269 2624.843000 2625.055748 0
270 2635.057000 2635.055748 0
271 2645.270000 2645.055748 0
272 2654.752000 2655.055748 0
273 2664.938000 2664.939961 9
274 2674.439000 2674.324657 8
275 2684.201000 2684.324657 0
276 2693.355000 2694.324657 0
277 2703.021000 2704.324657 0
278 2712.409000 2714.324657 0
279 2722.955000 2722.543118 9
280 2733.351000 2733.387934 9
281 2743.508000 2743.387934 0
282 2753.438000 2753.387934 0
283 2763.906000 2763.387934 0
284 2774.276000 2774.208114 10
285 2783.156000 2783.299290 11
286 2792.350000 2793.299290 0
287 2802.543000 2803.299290 0
288 2812.446000 2812.467860 13
289 2821.794000 2822.467860 0
290 2830.771000 2832.467860 0
291 2841.083000 2842.467860 0
292 2851.257000 2852.467860 0
293 2861.257000 2862.467860 0
294 2871.591000 2872.467860 0
295 2880.480000 2882.467860 0
296 2890.480000 2892.467860 0
297 2900.383000 2900.358805 10
298 2910.232000 2910.358805 0
299 2920.525000 2920.358805 0
300 2930.148000 2930.105865 9
301 2939.843000 2940.105865 0
302 2949.985000 2949.938140 10
303 2959.411000 2959.938140 0
304 2969.411000 2969.361638 8
305 2979.660000 2979.361638 0
306 2989.373000 2989.361638 0
307 2999.373000 2999.361638 0
308 3009.156000 3009.361638 0
309 3018.995000 3019.092854 9
310 3028.707000 3029.092854 0
311 3038.277000 3039.092854 0
312 3046.041000 3049.092854 0
313 3054.913000 3059.092854 0
314 3064.767000 3069.092854 0
315 3074.767000 3074.793081 13
316 3084.516000 3084.651337 8
317 3092.780000 3094.651337 0
318 3102.278000 3102.252087 14
319 3113.010000 3112.252087 0
320 3122.474000 3122.252087 0
321 3132.329000 3132.252087 0
322 3140.879000 3140.588639 12
323 3150.790000 3150.588639 0
324 3160.555000 3160.644451 10
325 3169.624000 3170.644451 0
326 3177.834000 3180.644451 0
327 3187.548000 3187.578591 15
328 3198.656000 3198.865620 15
329 3208.441000 3208.447441 13
330 3217.491000 3218.447441 0
331 3228.026000 3228.447441 0
332 3238.294000 3238.447441 0
333 3248.222000 3248.447441 0
334 3258.222000 3258.167889 9
335 3267.432000 3267.365301 13
336 3277.002000 3277.085397 17
337 3287.002000 3287.085397 0
338 3297.002000 3297.085397 0
339 3307.002000 3307.085397 0
340 3316.855000 3317.085397 0
341 3326.855000 3327.085397 0
342 3335.816000 3335.907442 8
343 3346.780000 3346.402928 9
344 3357.496000 3356.402928 0
345 3367.780000 3367.848412 14
346 3377.690000 3377.848412 0
347 3387.331000 3387.848412 0
348 3397.331000 3397.848412 0
349 3403.895000 3407.848412 0
350 3413.895000 3413.643756 8
351 3423.625000 3423.643756 0
352 3434.501000 3433.643756 0
353 3444.227000 3444.220449 9
354 3454.999000 3455.081020 11
355 3464.135000 3465.081020 0
356 3474.135000 3474.197460 9
357 3484.135000 3484.144992 13
358 3493.815000 3494.144992 0
359 3503.474000 3504.144992 0
360 3513.133000 3512.930430 8
361 3522.614000 3522.681486 13
362 3532.614000 3532.482833 8
363 3540.698000 3542.482833 0
364 3549.319000 3552.482833 0
365 3560.035000 3562.482833 0
366 3570.427000 3572.482833 0
367 3579.853000 3579.987133 8
368 3588.868000 3589.987133 0
369 3597.758000 3599.987133 0
370 3608.598000 3609.987133 0
371 3619.205000 3619.987133 0
372 3630.495000 3630.536856 11
373 3639.841000 3640.057049 8
374 3650.150000 3650.057049 0
375 3658.773000 3660.057049 0
376 3669.988000 3670.057049 0
377 3675.443000 3680.057049 0
378 3686.082000 3686.103029 8
379 3696.082000 3696.103029 0
380 3707.480000 3706.103029 0
381 3717.480000 3716.103029 0
382 3727.480000 3726.103029 0
383 3737.086000 3736.103029 0
384 3746.943000 3746.103029 0
385 3756.241000 3756.103029 0
386 3766.400000 3766.607309 9
387 3776.400000 3776.607309 0
388 3786.400000 3786.607309 0
389 3795.665000 3795.475290 9
390 3803.874000 3805.475290 0
391 3813.588000 3815.475290 0
392 3823.819000 3824.091722 10
393 3833.460000 3834.091722 0
394 3842.278000 3842.370868 8
395 3852.672000 3852.830083 8
396 3863.100000 3862.830083 0
397 3873.868000 3872.830083 0
398 3883.688000 3883.645843 10
399 3892.560000 3893.645843 0
400 3903.079000 3902.975293 12
401 3913.113000 3912.975293 0
402 3922.683000 3922.975293 0
403 3932.467000 3932.975293 0
404 3942.324000 3942.975293 0
405 3950.945000 3951.109286 8
406 3960.478000 3960.785462 8
407 3970.818000 3970.785462 0
408 3980.709000 3980.785185 10
409 3987.524000 3990.785185 0
410 3997.721000 3997.743427 15
411 4007.827000 4007.743427 0
412 4017.827000 4017.743427 0
413 4027.055000 4027.099910 11
414 4036.481000 4036.540803 8
415 4046.481000 4046.540803 0
416 4055.175000 4056.540803 0
417 4064.458000 4066.540803 0
418 4073.867000 4076.540803 0
419 4082.614000 4086.540803 0
420 4093.775000 4096.540803 0
421 4102.647000 4102.893507 9
422 4111.877000 4111.957637 13
423 4121.715000 4121.590662 14
424 4130.747000 4131.590662 0
425 4140.193000 4140.233854 15
426 4150.031000 4150.214023 8
427 4159.457000 4160.214023 0
428 4170.041000 4170.032148 8
429 4179.827000 4179.710460 19
430 4189.240000 4189.243772 9
431 4198.753000 4199.243772 0
432 4208.351000 4208.263272 11
433 4217.789000 4218.263272 0
434 4227.286000 4228.263272 0
435 4236.999000 4236.934400 10
436 4244.888000 4246.934400 0
437 4254.888000 4254.632894 12
438 4264.439000 4264.632894 0
439 4274.258000 4274.632894 0
440 4284.043000 4284.632894 0
441 4294.402000 4294.632894 0
442 4303.916000 4303.895866 8
443 4313.916000 4313.895866 0
444 4323.916000 4323.895866 0
445 4333.452000 4333.895866 0
446 4343.452000 4343.895866 0
447 4353.696000 4353.895866 0
448 4363.535000 4363.752258 11
449 4373.659000 4373.752258 0
450 4384.141000 4321.692754 8
451 4393.800000 4393.982207 10
452 4403.011000 4403.982207 0
453 4412.922000 4413.982207 0
454 4421.741000 4421.039572 11
455 4431.202000 4431.039572 0
456 4440.558000 4441.039572 0
457 4450.718000 4451.087347 12
458 4460.914000 4461.087347 0
459 4468.980000 4471.087347 0
460 4477.834000 4477.371344 9
461 4487.834000 4487.433388 8
462 4496.760000 4496.849066 8
463 4505.714000 4506.849066 0
464 4514.669000 4516.849066 0
465 4522.896000 4526.849066 0
466 4532.554000 4536.849066 0
467 4540.771000 4546.849066 0
468 4549.692000 4556.849066 0
469 4558.663000 4559.186282 8
470 4568.567000 4569.186282 0
471 4579.446000 4579.186282 0
472 4586.385000 4589.186282 0
473 4596.676000 4599.186282 0
474 4606.008000 4609.186282 0
475 4615.820000 4619.186282 0
476 4624.232000 4629.186282 0
477 4633.843000 4633.810103 8
478 4643.506000 4643.837957 8
479 4652.917000 4653.837957 0
480 4662.917000 4663.837957 0
481 4672.917000 4672.883033 14
