001 0.000000 0.367164 49
002 10.000000 10.277978 19
003 20.000000 20.277978 0
004 30.000000 30.158778 12
005 39.500000 43.384446 21
006 49.500000 49.231586 38
007 59.500000 48.759289 23
008 69.500000 69.853284 34
009 79.500000 78.675763 32
010 89.500000 89.726393 49
011 99.500000 99.537243 61
012 109.500000 108.945549 53
013 119.495000 119.477961 51
014 129.495000 129.627569 60
015 139.495000 139.333882 52
016 149.495000 149.586436 53
017 159.495000 159.427095 63
018 169.495000 169.177273 65
019 179.496000 179.633640 74
020 189.496000 189.413777 60
021 199.496000 199.414700 71
022 209.496000 209.530315 70
023 219.496000 218.790516 33
024 229.496000 245.671535 22
025 239.496000 240.499337 32
026 249.496000 248.820759 15
027 257.833000 258.703974 18
028 268.070000 268.955771 12
029 278.273000 277.204132 23
030 288.681000 280.971266 11
031 299.870000 299.661152 36
032 309.155000 309.341898 18
033 319.459000 374.742015 9
034 327.623000 382.109462 8
035 333.710000 392.109462 0
036 343.710000 402.109462 0
037 353.913000 369.058279 11
038 362.483000 369.947792 11
039 374.999000 374.032079 8
040 385.304000 384.904336 21
041 395.507000 394.042549 13
042 405.814000 406.033712 26
043 416.151000 447.817242 9
044 426.151000 381.714731 12
045 436.526000 436.194899 20
046 446.591000 448.755518 14
047 454.821000 453.678659 25
048 464.821000 494.200904 10
049 473.425000 504.200904 0
050 483.288000 483.337350 17
051 493.185000 492.731327 27
052 502.674000 501.640101 20
053 512.129000 511.640101 0
054 521.822000 520.664911 11
055 532.195000 530.664911 0
056 540.665000 540.664911 0
057 550.665000 622.249117 13
058 560.936000 562.556546 15
059 570.219000 570.607492 15
060 580.219000 579.867635 24
061 590.965000 589.867635 0
062 600.454000 601.153192 16
063 610.340000 609.983020 17
064 620.425000 620.603478 26
065 630.553000 633.558564 21
066 641.140000 639.316547 16
067 650.220000 648.678098 15
068 660.064000 618.385530 9
069 670.064000 672.156048 11
070 679.938000 679.730386 27
071 689.580000 689.538886 29
072 699.835000 699.538886 0
073 709.835000 709.538886 0
074 719.292000 719.538886 0
075 729.031000 729.538886 0
076 738.875000 739.792655 19
077 748.746000 750.422403 13
078 758.152000 757.808590 25
079 767.529000 766.677539 21
080 777.609000 776.677539 0
081 787.844000 788.544606 17
082 798.130000 797.540611 23
083 808.001000 806.441626 15
084 818.288000 818.075178 20
085 828.471000 826.244358 19
086 837.900000 805.947675 12
087 848.134000 848.698535 15
088 857.721000 857.962161 13
089 866.734000 866.095731 19
090 875.852000 875.869357 20
091 885.852000 885.347584 20
092 894.867000 895.347584 0
093 904.998000 905.139154 18
094 914.582000 915.110547 18
095 924.168000 925.024520 24
096 934.168000 934.128499 18
097 943.521000 985.158085 8
098 952.743000 949.392639 11
099 962.718000 965.264874 12
100 972.147000 972.681497 13
101 982.147000 981.945742 29
102 991.915000 991.495150 24
103 1002.124000 1000.821131 15
104 1012.593000 1012.367445 17
105 1022.696000 1022.367445 0
106 1032.179000 1032.619572 27
107 1041.271000 1041.555898 22
108 1051.090000 1051.216931 14
109 1061.324000 1057.127374 10
110 1071.092000 1070.501648 14
111 1081.067000 1080.501648 0
112 1090.341000 1090.501648 0
113 1100.264000 1101.574883 14
114 1110.601000 1110.748865 21
115 1120.188000 1118.107489 12
116 1129.695000 1128.148184 22
117 1139.543000 1143.568895 9
118 1148.939000 1149.497653 24
119 1159.306000 1159.539926 9
120 1168.955000 1169.539926 0
121 1178.580000 1177.836757 18
122 1188.580000 1219.864735 10
123 1198.222000 1165.513564 9
124 1208.379000 1208.656897 17
125 1218.491000 1218.736777 13
126 1228.491000 1228.404500 20
127 1237.938000 1237.345291 23
128 1248.097000 1221.996198 10
129 1257.411000 1231.996198 0
130 1267.338000 1267.740382 20
131 1277.474000 1277.901766 21
132 1287.371000 1285.101791 24
133 1295.957000 1295.959352 19
134 1306.140000 1305.959352 0
135 1316.557000 1285.544561 8
136 1325.905000 1325.793165 27
137 1336.205000 1338.075742 17
138 1346.205000 1345.743694 26
139 1355.472000 1355.691694 13
140 1365.786000 1365.719367 20
141 1375.106000 1375.719367 0
142 1384.732000 1388.883302 10
143 1394.373000 1395.758922 17
144 1403.969000 1404.479634 27
145 1413.772000 1412.408573 28
146 1423.807000 1422.408573 0
147 1432.759000 1432.408573 0
148 1442.185000 1404.938802 9
149 1452.185000 1451.812956 33
150 1461.552000 1406.952859 10
151 1469.403000 1467.194397 9
152 1481.218000 1479.983642 11
153 1491.130000 1490.347184 26
154 1501.296000 1474.502589 11
155 1511.430000 1511.958750 14
156 1521.754000 1457.949895 9
157 1531.842000 1467.949895 0
158 1540.884000 1477.949895 0
159 1551.794000 1551.574535 21
160 1561.076000 1512.797614 10
161 1570.996000 1572.198701 18
162 1580.996000 1581.327718 25
163 1590.875000 1592.287731 11
164 1600.220000 1598.970149 16
165 1609.660000 1608.970149 0
166 1616.952000 1618.970149 0
167 1627.628000 1629.002703 15
168 1638.073000 1638.562031 27
169 1647.976000 1647.862598 18
170 1659.699000 1652.615132 16
171 1669.718000 1668.779335 17
172 1680.298000 1680.557467 28
173 1690.007000 1689.871633 19
174 1700.007000 1700.209179 19
175 1710.047000 1710.898759 10
176 1719.833000 1718.748490 19
177 1729.931000 1728.748490 0
178 1740.105000 1741.317496 19
179 1750.008000 1749.487528 31
180 1759.659000 1759.912912 12
181 1768.983000 1769.630700 10
182 1778.325000 1776.809762 15
183 1786.836000 1819.164987 14
184 1796.991000 1799.841569 14
185 1806.991000 1806.639077 24
186 1817.339000 1817.138488 30
187 1826.856000 1826.737411 35
188 1836.740000 1837.576247 27
189 1847.455000 1847.576247 0
190 1858.635000 1857.576247 0
191 1868.326000 1868.195233 27
192 1878.248000 1877.886042 27
193 1887.920000 1888.162254 19
194 1897.340000 1896.784802 20
195 1905.560000 1905.239495 11
196 1915.773000 1917.125572 15
197 1925.308000 1926.154745 33
198 1935.308000 1936.248668 17
199 1945.308000 1945.704031 19
200 1955.077000 1954.535684 12
201 1964.709000 1964.483500 17
202 1974.265000 1974.483500 0
203 1984.091000 1985.816120 15
204 1994.419000 1995.863579 12
205 2003.917000 2004.135495 12
206 2014.342000 2010.437908 10
207 2024.342000 2021.772513 19
208 2034.748000 2046.801959 12
209 2044.497000 2046.083365 11
210 2052.930000 2060.960033 12
211 2063.510000 2062.698675 14
212 2073.510000 2072.827020 17
213 2083.181000 2081.825254 15
214 2092.775000 2123.972576 8
215 2102.699000 2104.061049 18
216 2113.085000 2114.930452 18
217 2122.582000 2123.186889 23
218 2132.582000 2132.786620 11
219 2142.621000 2141.788227 15
220 2152.621000 2151.788227 0
221 2162.408000 2120.473982 9
222 2171.964000 2172.245942 14
223 2181.132000 2180.986624 28
224 2192.079000 2192.525355 22
225 2201.906000 2199.817664 22
226 2212.564000 2211.881885 18
227 2222.486000 2222.478908 31
228 2231.635000 2231.254279 28
229 2240.552000 2240.385772 22
230 2248.869000 2250.496885 8
231 2259.720000 2259.832046 20
232 2269.584000 2265.365255 10
233 2279.663000 2280.158590 21
234 2289.295000 2290.742017 18
235 2299.140000 2298.756573 22
236 2308.309000 2308.875881 27
237 2318.309000 2318.875881 0
238 2328.433000 2325.409644 10
239 2338.700000 2338.938098 32
240 2348.841000 2318.517932 11
241 2357.638000 2358.798174 17
242 2367.556000 2367.606816 19
243 2377.556000 2376.923926 25
244 2387.492000 2387.747643 23
245 2397.492000 2397.747643 0
246 2407.245000 2407.680047 40
247 2416.888000 2416.276737 19
248 2426.625000 2426.059457 21
249 2436.625000 2436.874046 18
250 2446.625000 2446.604700 19
251 2455.791000 2456.604700 0
252 2465.563000 2434.821329 9
253 2475.219000 2475.634210 22
254 2484.752000 2483.890094 16
255 2494.345000 2494.012415 15
256 2503.590000 2504.899694 17
257 2513.327000 2508.017137 12
258 2522.425000 2471.059832 10
259 2532.425000 2532.331027 22
260 2542.010000 2543.147517 18
261 2551.132000 2551.463675 19
262 2560.594000 2561.463675 0
263 2569.813000 2571.463675 0
264 2579.056000 2608.546047 12
265 2588.033000 2588.540924 18
266 2597.181000 2598.540924 0
267 2607.181000 2610.775442 8
268 2616.802000 2614.898548 10
269 2625.949000 2625.332058 31
270 2635.336000 2635.332058 0
271 2645.336000 2645.470475 15
272 2654.752000 2655.649125 12
273 2664.938000 2668.046637 11
274 2673.879000 2674.547579 26
275 2684.329000 2684.547579 0
276 2693.608000 2694.547579 0
277 2703.396000 2669.232446 8
278 2712.325000 2712.224785 26
279 2723.233000 2724.308040 16
280 2733.586000 2732.854435 18
281 2743.313000 2742.854435 0
282 2753.123000 2752.854435 0
283 2760.110000 2771.822694 8
284 2770.319000 2770.511102 15
285 2780.069000 2779.982331 24
286 2790.069000 2789.982331 0
287 2800.298000 2798.525954 16
288 2810.104000 2797.302988 8
289 2819.480000 2792.087512 9
290 2829.025000 2788.474817 9
291 2839.102000 2839.146967 21
292 2849.021000 2848.338835 12
293 2858.916000 2858.338835 0
294 2869.329000 2896.131142 11
295 2877.668000 2878.871286 20
296 2887.442000 2888.337583 14
297 2897.795000 2897.412183 36
298 2907.293000 2906.071270 14
299 2917.175000 2916.782727 31
300 2926.998000 2926.782727 0
301 2935.746000 2936.782727 0
302 2945.436000 2948.032985 10
303 2955.356000 2956.161716 9
304 2964.522000 2964.021174 11
305 2974.983000 2975.507174 24
306 2985.603000 2984.447697 26
307 2995.729000 2994.447697 0
308 3006.629000 3006.218624 15
309 3014.953000 3015.436788 23
310 3024.823000 3023.946599 18
311 3034.477000 3034.151031 15
312 3043.168000 3042.658417 9
313 3051.342000 3052.658417 0
314 3061.468000 3034.486809 8
315 3071.381000 3071.253472 21
316 3080.242000 3079.701629 16
317 3090.518000 3148.998382 12
318 3099.379000 3099.397072 32
319 3109.614000 3109.397072 0
320 3119.010000 3119.397072 0
321 3128.279000 3128.491052 29
322 3137.870000 3135.887355 13
323 3146.021000 3147.554520 14
324 3155.866000 3155.811593 41
325 3165.193000 3164.859267 10
326 3174.701000 3164.531465 11
327 3184.357000 3174.531465 0
328 3194.357000 3195.016978 17
329 3204.267000 3204.834789 25
330 3213.801000 3212.973768 9
331 3224.560000 3224.213642 17
332 3234.264000 3234.213642 0
333 3244.615000 3251.970958 11
334 3253.814000 3253.949449 13
335 3263.814000 3264.132659 22
336 3273.940000 3272.370560 17
337 3283.138000 3282.370560 0
338 3294.383000 3292.370560 0
339 3302.959000 3302.370560 0
340 3312.556000 3312.401269 15
341 3323.005000 3323.368242 26
342 3334.161000 3332.945977 16
343 3344.480000 3391.038451 11
344 3354.582000 3366.415809 12
345 3364.582000 3376.415809 0
346 3374.424000 3374.287658 16
347 3384.424000 3384.287658 0
348 3394.511000 3394.440444 25
349 3404.275000 3404.440444 0
350 3414.420000 3414.440444 0
351 3423.839000 3424.440444 0
352 3434.227000 3434.933223 16
353 3443.973000 3443.121190 20
354 3454.135000 3454.583068 21
355 3463.796000 3463.411642 39
356 3473.317000 3504.345683 9
357 3483.002000 3492.533691 9
358 3491.710000 3575.621571 11
359 3501.231000 3500.891451 24
360 3511.079000 3510.169375 16
361 3520.698000 3520.966092 28
362 3530.154000 3528.345082 12
363 3539.741000 3538.345082 0
364 3549.838000 3548.345082 0
365 3559.823000 3559.473816 19
366 3571.457000 3569.985866 15
367 3581.369000 3627.165063 12
368 3590.500000 3616.245310 11
369 3600.241000 3689.614661 10
370 3610.648000 3610.489237 12
371 3620.496000 3620.489237 0
372 3631.869000 3631.695851 14
373 3640.968000 3641.006397 22
374 3651.042000 3651.006397 0
375 3660.726000 3648.264393 12
376 3667.063000 3675.194027 10
377 3675.057000 3679.716877 11
378 3686.171000 3686.170626 19
379 3694.652000 3696.170626 0
380 3705.060000 3732.561684 11
381 3715.001000 3711.524065 19
382 3725.044000 3721.524065 0
383 3733.674000 3733.091831 10
384 3743.809000 3742.432657 21
385 3753.461000 3753.469890 18
386 3763.193000 3763.879509 16
387 3772.288000 3793.640494 11
388 3781.697000 3741.810819 8
389 3791.239000 3791.053542 27
390 3799.153000 3798.300291 13
391 3809.153000 3807.560670 13
392 3818.946000 3817.254779 11
393 3828.946000 3826.487246 14
394 3839.290000 3839.479971 16
395 3849.127000 3849.483331 18
396 3859.366000 3859.469987 16
397 3869.880000 3870.372194 15
398 3879.793000 3879.129271 19
399 3889.165000 3888.883309 14
400 3898.538000 3899.512846 30
401 3908.473000 3908.963493 16
402 3918.296000 3919.063013 26
403 3928.034000 3927.922431 20
404 3937.025000 3934.333390 21
405 3945.670000 3944.333390 0
406 3954.797000 3954.333390 0
407 3963.756000 3964.333390 0
408 3975.048000 3974.979226 19
409 3981.645000 3984.865288 12
410 3992.690000 3992.677483 38
411 4002.457000 4001.911277 28
412 4011.982000 4054.973401 8
413 4021.430000 4022.092836 21
414 4030.624000 4108.767963 11
415 4040.513000 4040.085769 14
416 4049.727000 4049.120546 19
417 4058.371000 4058.502131 12
418 4068.258000 4068.502131 0
419 4076.974000 4078.502131 0
420 4085.661000 4088.502131 0
421 4096.585000 4164.055994 13
422 4105.894000 4105.742667 30
423 4115.448000 4115.742667 0
424 4123.311000 4172.170808 15
425 4132.804000 4132.620331 18
426 4142.148000 4145.411251 16
427 4151.574000 4153.891828 10
428 4160.897000 4160.041435 18
429 4170.041000 4170.969116 21
430 4180.202000 4178.867935 25
431 4189.466000 4188.709310 25
432 4198.878000 4198.709310 0
433 4208.352000 4208.709310 0
434 4218.124000 4217.939782 21
435 4228.124000 4228.007193 24
436 4237.399000 4288.310213 14
437 4245.914000 4244.903000 21
438 4255.326000 4254.903000 0
439 4264.948000 4266.627830 10
440 4274.331000 4274.165053 22
441 4284.331000 4284.867758 27
442 4294.866000 4293.647908 22
443 4304.488000 4304.519202 27
444 4314.081000 4296.633430 8
445 4323.524000 4325.227106 16
446 4333.314000 4333.849493 43
447 4342.679000 4342.969778 28
448 4351.252000 4351.414175 24
449 4361.175000 4360.695656 20
450 4371.247000 4402.563270 8
451 4380.061000 4412.563270 0
452 4388.724000 4388.934728 20
453 4397.957000 4399.384400 14
454 4408.286000 4408.211738 15
455 4418.401000 4418.192557 45
456 4427.665000 4428.192557 0
457 4437.586000 4438.341414 33
458 4447.586000 4448.840915 20
459 4457.586000 4456.119590 20
460 4466.965000 4467.179757 28
461 4476.557000 4524.293260 8
462 4485.941000 4485.814208 12
463 4495.941000 4495.814208 0
464 4504.556000 4505.814208 0
465 4514.556000 4515.196083 16
466 4524.310000 4525.196083 0
467 4532.555000 4532.650574 12
468 4542.555000 4541.007454 16
469 4551.201000 4536.260261 20
470 4561.332000 4535.423770 10
471 4572.125000 4572.676034 11
472 4581.268000 4582.676034 0
473 4590.771000 4590.400099 16
474 4600.003000 4603.092210 9
475 4610.003000 4608.233943 13
476 4619.399000 4620.124790 11
477 4627.343000 4593.502112 8
478 4636.335000 4636.438320 34
479 4646.109000 4645.579434 24
480 4655.421000 4655.438908 30
481 4665.421000 4665.438908 0
