001 0.000000 0.656914 45
002 10.000000 10.384614 18
003 20.000000 20.384614 0
004 30.000000 29.709332 12
005 39.500000 43.243383 21
006 49.500000 49.231586 38
007 59.500000 48.759289 23
008 69.500000 69.394198 35
009 79.500000 78.665551 31
010 89.500000 89.529880 50
011 99.500000 99.466156 64
012 109.500000 108.984213 57
013 119.495000 119.560013 54
014 129.495000 129.459567 57
015 139.495000 139.330191 51
016 149.495000 149.644746 54
017 159.495000 159.355845 63
018 169.495000 169.313515 64
019 179.496000 179.637994 72
020 189.496000 189.495725 60
021 199.496000 199.411505 66
022 209.496000 209.531236 69
023 219.496000 218.822868 34
024 229.496000 230.076186 22
025 239.496000 240.499337 32
026 249.496000 248.883571 14
027 257.833000 258.385669 18
028 268.070000 268.594440 15
029 278.273000 276.594935 25
030 288.681000 282.682864 11
031 299.870000 299.732835 37
032 309.155000 309.340441 21
033 319.459000 319.171558 9
034 327.623000 329.171558 0
035 333.710000 339.171558 0
036 343.710000 349.171558 0
037 353.913000 369.628296 10
038 362.483000 369.947792 11
039 374.999000 379.947792 0
040 385.304000 385.275380 19
041 395.507000 394.335248 14
042 405.814000 405.794444 27
043 416.151000 394.856193 8
044 426.151000 380.363642 11
045 436.526000 436.357077 19
046 446.591000 448.624150 12
047 454.821000 453.210387 23
048 464.821000 460.765763 10
049 473.425000 470.765763 0
050 483.288000 483.486382 18
051 493.185000 492.554009 30
052 502.674000 501.617094 22
053 512.129000 498.212125 8
054 521.822000 518.307892 9
055 532.195000 528.307892 0
056 540.665000 538.307892 0
057 550.665000 548.307892 0
058 560.936000 564.409738 17
059 570.219000 570.114638 14
060 580.219000 579.448883 25
061 590.965000 635.337027 8
062 600.454000 601.128680 16
063 610.340000 609.989169 18
064 620.425000 620.668977 25
065 630.553000 633.145717 21
066 641.140000 639.063149 16
067 650.220000 649.400484 13
068 660.064000 615.804150 8
069 670.064000 672.105221 8
070 679.938000 679.527107 27
071 689.580000 689.770095 29
072 699.835000 699.770095 0
073 709.835000 700.849185 9
074 719.292000 720.596273 11
075 729.031000 730.596273 0
076 738.875000 739.869321 19
077 748.746000 815.276380 9
078 758.152000 757.720591 24
079 767.529000 766.993256 17
080 777.609000 776.993256 0
081 787.844000 788.792335 16
082 798.130000 797.883127 23
083 808.001000 806.332446 14
084 818.288000 818.248248 20
085 828.471000 824.011714 15
086 837.900000 806.854027 10
087 848.134000 848.643135 17
088 857.721000 857.590216 11
089 866.734000 866.066977 13
090 875.852000 875.552708 21
091 885.852000 885.281802 18
092 894.867000 895.281802 0
093 904.998000 905.084470 20
094 914.582000 915.467867 17
095 924.168000 925.501713 23
096 934.168000 934.065910 21
097 943.521000 944.065910 0
098 952.743000 954.065910 0
099 962.718000 964.713673 14
100 972.147000 972.750272 11
101 982.147000 982.023083 28
102 991.915000 991.226208 22
103 1002.124000 999.559841 13
104 1012.593000 1009.559841 0
105 1022.696000 1025.293906 8
106 1032.179000 1032.716056 30
107 1041.271000 1041.643293 27
108 1051.090000 1050.886626 16
109 1061.324000 1058.185266 13
110 1071.092000 1070.733170 20
111 1081.067000 1080.733170 0
112 1090.341000 1090.733170 0
113 1100.264000 1101.517182 19
114 1110.601000 1110.713241 23
115 1120.188000 1118.216889 13
116 1129.695000 1129.121900 24
117 1139.543000 1139.121900 0
118 1148.939000 1149.726112 24
119 1159.306000 1159.803228 10
120 1168.955000 1170.102351 11
121 1178.580000 1177.628199 16
122 1188.580000 1236.383647 8
123 1198.222000 1165.758562 9
124 1208.379000 1211.106263 9
125 1218.491000 1220.199273 11
126 1228.491000 1228.155333 17
127 1237.938000 1237.265248 21
128 1248.097000 1222.284632 9
129 1257.411000 1232.284632 0
130 1267.338000 1267.791862 20
131 1277.474000 1277.335377 26
132 1287.371000 1285.704298 24
133 1295.957000 1295.939151 21
134 1306.140000 1306.004419 20
135 1316.557000 1316.004419 0
136 1325.905000 1325.704202 23
137 1336.205000 1336.923990 19
138 1346.205000 1345.708780 24
139 1355.472000 1355.064046 13
140 1365.786000 1365.746577 19
141 1375.106000 1329.836138 9
142 1384.732000 1387.563935 9
143 1394.373000 1396.544934 12
144 1403.969000 1404.345077 25
145 1413.772000 1413.708988 33
146 1423.807000 1423.708988 0
147 1432.759000 1433.708988 0
148 1442.185000 1445.039170 11
149 1452.185000 1451.974100 33
150 1461.552000 1462.389154 11
151 1469.403000 1523.582728 8
152 1481.218000 1533.582728 0
153 1491.130000 1575.230178 19
154 1501.296000 1503.755966 11
155 1511.430000 1511.977613 13
156 1521.754000 1521.763775 11
157 1531.842000 1531.763775 0
158 1540.884000 1539.755891 8
159 1551.794000 1547.506256 13
160 1561.076000 1560.943372 18
161 1570.996000 1571.866245 21
162 1580.996000 1581.352828 28
163 1590.875000 1591.520049 10
164 1600.220000 1652.330818 11
165 1609.660000 1662.330818 0
166 1616.952000 1672.330818 0
167 1627.628000 1628.670164 15
168 1638.073000 1638.412019 25
169 1647.976000 1647.047006 14
170 1659.699000 1649.955773 8
171 1669.718000 1669.634700 21
172 1680.298000 1680.549523 33
173 1690.007000 1689.717889 22
174 1700.007000 1699.701864 17
175 1710.047000 1709.350609 10
176 1719.833000 1719.441197 17
177 1729.931000 1729.441197 0
178 1740.105000 1741.388105 18
179 1750.008000 1750.236249 28
180 1759.659000 1759.927357 11
181 1768.983000 1769.150723 11
182 1778.325000 1776.615767 16
183 1786.836000 1818.915997 9
184 1796.991000 1800.021789 12
185 1806.991000 1806.610086 22
186 1817.339000 1816.943905 30
187 1826.856000 1827.003419 36
188 1836.740000 1837.055237 29
189 1847.455000 1847.055237 0
190 1858.635000 1857.055237 0
191 1868.326000 1868.249049 25
192 1878.248000 1877.876134 32
193 1887.920000 1888.118007 24
194 1897.340000 1896.938815 20
195 1905.560000 1905.243080 14
196 1915.773000 1915.243080 0
197 1925.308000 1925.606549 35
198 1935.308000 1936.014138 24
199 1945.308000 1945.759527 18
200 1955.077000 1954.581236 13
201 1964.709000 1963.863518 11
202 1974.265000 1999.009294 8
203 1984.091000 1984.307417 15
204 1994.419000 1994.960200 13
205 2003.917000 2004.076080 13
206 2014.342000 2012.540539 9
207 2024.342000 2022.404605 22
208 2034.748000 2046.995195 13
209 2044.497000 2046.083365 11
210 2052.930000 2061.768761 9
211 2063.510000 2062.892500 16
212 2073.510000 2073.339235 17
213 2083.181000 2081.913197 16
214 2092.775000 2084.623185 8
215 2102.699000 2103.720809 16
216 2113.085000 2114.644272 18
217 2122.582000 2123.050919 26
218 2132.582000 2132.792092 12
219 2142.621000 2142.232432 15
220 2152.621000 2151.907381 9
221 2162.408000 2161.907381 0
222 2171.964000 2172.154239 15
223 2181.132000 2180.770867 28
224 2192.079000 2192.287336 20
225 2201.906000 2200.422110 22
226 2212.564000 2211.536703 20
227 2222.486000 2222.482497 32
228 2231.635000 2231.271984 28
229 2240.552000 2240.186622 21
230 2248.869000 2250.186622 0
231 2259.720000 2259.601632 20
232 2269.584000 2284.222637 11
233 2279.663000 2280.367017 20
234 2289.295000 2290.954198 18
235 2299.140000 2298.973247 22
236 2308.309000 2308.599031 25
237 2318.309000 2318.599031 0
238 2328.433000 2328.599031 0
239 2338.700000 2338.987953 31
240 2348.841000 2317.991680 10
241 2357.638000 2358.028194 13
242 2367.556000 2370.860169 15
243 2377.556000 2375.950874 22
244 2387.492000 2387.566702 25
245 2397.492000 2397.566702 0
246 2407.245000 2407.182357 43
247 2416.888000 2416.786232 18
248 2426.625000 2425.933120 16
249 2436.625000 2437.008168 21
250 2446.625000 2446.415055 17
251 2455.791000 2456.415055 0
252 2465.563000 2471.099294 8
253 2475.219000 2476.065145 24
254 2484.752000 2484.183354 13
255 2494.345000 2494.053039 13
256 2503.590000 2503.972778 16
257 2513.327000 2510.177589 22
258 2522.425000 2471.087022 13
259 2532.425000 2532.406710 22
260 2542.010000 2543.275378 19
261 2551.132000 2551.583833 19
262 2560.594000 2561.583833 0
263 2569.813000 2612.104884 8
264 2579.056000 2535.289670 11
265 2588.033000 2545.289670 0
266 2597.181000 2555.289670 0
267 2607.181000 2608.479159 13
268 2616.802000 2614.898548 10
269 2625.949000 2625.360822 28
270 2635.336000 2661.040185 8
271 2645.336000 2671.040185 0
272 2654.752000 2709.890147 10
273 2664.938000 2668.177318 9
274 2673.879000 2674.264660 28
275 2684.329000 2648.310546 11
276 2693.608000 2709.989496 9
277 2703.396000 2707.082202 12
278 2712.325000 2712.433070 27
279 2723.233000 2723.608227 14
280 2733.586000 2732.686348 21
281 2743.313000 2742.686348 0
282 2753.123000 2752.686348 0
283 2760.110000 2762.686348 0
284 2770.319000 2770.538521 18
285 2780.069000 2780.033647 23
286 2790.069000 2790.033647 0
287 2800.298000 2798.902507 18
288 2810.104000 2797.302988 8
289 2819.480000 2791.138868 9
290 2829.025000 2801.138868 0
291 2839.102000 2839.191338 21
292 2849.021000 2849.191338 0
293 2858.916000 2859.191338 0
294 2869.329000 2896.153092 13
295 2877.668000 2878.467893 28
296 2887.442000 2887.798990 15
297 2897.795000 2897.371850 34
298 2907.293000 2906.647931 14
299 2917.175000 2917.256288 29
300 2926.998000 2927.256288 0
301 2935.746000 2937.256288 0
302 2945.436000 2947.256288 0
303 2955.356000 2955.581768 15
304 2964.522000 2964.440192 14
305 2974.983000 2975.543344 28
306 2985.603000 2985.545297 27
307 2995.729000 2977.414301 10
308 3006.629000 3005.656353 21
309 3014.953000 3014.844138 22
310 3024.823000 3024.045650 21
311 3034.477000 3033.946387 12
312 3043.168000 3040.531031 8
313 3051.342000 3050.531031 0
314 3061.468000 3060.531031 0
315 3071.381000 3071.032143 25
316 3080.242000 3079.656595 17
317 3090.518000 3083.045825 15
318 3099.379000 3099.899895 32
319 3109.614000 3109.899895 0
320 3119.010000 3080.711431 10
321 3128.279000 3128.921571 32
322 3137.870000 3091.849806 12
323 3146.021000 3146.379282 18
324 3155.866000 3155.742381 39
325 3165.193000 3162.837474 11
326 3174.701000 3164.610674 11
327 3184.357000 3174.610674 0
328 3194.357000 3194.700645 17
329 3204.267000 3204.789014 27
330 3213.801000 3214.355183 9
331 3224.560000 3224.252898 18
332 3234.264000 3259.675844 9
333 3244.615000 3246.459611 16
334 3253.814000 3254.134271 18
335 3263.814000 3263.893535 20
336 3273.940000 3266.944276 9
337 3283.138000 3276.944276 0
338 3294.383000 3286.944276 0
339 3302.959000 3296.944276 0
340 3312.556000 3313.060695 14
341 3323.005000 3323.849036 25
342 3334.161000 3332.857961 15
343 3344.480000 3391.038451 11
344 3354.582000 3365.320148 9
345 3364.582000 3369.375502 8
346 3374.424000 3374.275826 15
347 3384.424000 3384.275826 0
348 3394.511000 3394.650989 26
349 3404.275000 3400.902088 9
350 3414.420000 3410.902088 0
351 3423.839000 3393.917244 9
352 3434.227000 3435.402051 15
353 3443.973000 3443.668813 17
354 3454.135000 3454.111555 20
355 3463.796000 3463.537163 39
356 3473.317000 3505.258014 8
357 3483.002000 3492.317487 8
358 3491.710000 3574.037287 12
359 3501.231000 3500.897870 25
360 3511.079000 3510.051139 13
361 3520.698000 3520.788298 27
362 3530.154000 3530.788298 0
363 3539.741000 3542.748371 13
364 3549.838000 3552.748371 0
365 3559.823000 3559.210599 19
366 3571.457000 3569.986829 15
367 3581.369000 3628.301067 11
368 3590.500000 3638.301067 0
369 3600.241000 3600.441943 13
370 3610.648000 3610.500695 16
371 3620.496000 3620.500695 0
372 3631.869000 3631.532093 14
373 3640.968000 3641.056117 22
374 3651.042000 3651.056117 0
375 3660.726000 3661.056117 0
376 3667.063000 3676.694782 8
377 3675.057000 3678.005374 13
378 3686.171000 3685.899899 21
379 3694.652000 3695.899899 0
380 3705.060000 3733.476481 9
381 3715.001000 3711.595281 19
382 3725.044000 3721.595281 0
383 3733.674000 3733.740219 10
384 3743.809000 3742.508470 22
385 3753.461000 3753.473597 18
386 3763.193000 3764.061968 14
387 3772.288000 3796.188564 8
388 3781.697000 3806.188564 0
389 3791.239000 3791.201561 28
390 3799.153000 3798.300291 13
391 3809.153000 3807.057512 14
392 3818.946000 3816.846380 9
393 3828.946000 3826.506856 15
394 3839.290000 3839.923398 18
395 3849.127000 3849.405103 18
396 3859.366000 3859.492479 15
397 3869.880000 3872.435242 18
398 3879.793000 3879.431435 19
399 3889.165000 3888.735078 17
400 3898.538000 3899.406654 30
401 3908.473000 3909.072230 15
402 3918.296000 3918.872854 25
403 3928.034000 3927.495674 19
404 3937.025000 3934.612468 21
405 3945.670000 3944.612468 0
406 3954.797000 3930.080941 8
407 3963.756000 3940.080941 0
408 3975.048000 3974.971553 18
409 3981.645000 3984.650836 11
410 3992.690000 3992.727063 36
411 4002.457000 4001.868488 25
412 4011.982000 4011.868488 0
413 4021.430000 4021.592341 19
414 4030.624000 4033.178551 11
415 4040.513000 4039.756534 14
416 4049.727000 4048.482599 19
417 4058.371000 4058.744980 13
418 4068.258000 4114.569175 8
419 4076.974000 4124.569175 0
420 4085.661000 4153.402629 9
421 4096.585000 4096.342961 11
422 4105.894000 4105.920779 32
423 4115.448000 4115.920779 0
424 4123.311000 4171.144837 12
425 4132.804000 4132.715141 18
426 4142.148000 4115.353121 10
427 4151.574000 4083.412546 13
428 4160.897000 4160.311471 17
429 4170.041000 4170.512960 22
430 4180.202000 4179.302191 27
431 4189.466000 4188.872525 29
432 4198.878000 4198.872525 0
433 4208.352000 4209.584850 10
434 4218.124000 4217.889440 22
435 4228.124000 4228.011675 23
436 4237.399000 4287.812093 14
437 4245.914000 4244.862228 20
438 4255.326000 4254.862228 0
439 4264.948000 4265.589618 11
440 4274.331000 4274.552558 21
441 4284.331000 4284.899421 26
442 4294.866000 4293.412604 25
443 4304.488000 4304.602918 29
444 4314.081000 4299.137311 8
445 4323.524000 4324.887219 15
446 4333.314000 4333.547312 43
447 4342.679000 4342.685705 29
448 4351.252000 4351.522082 21
449 4361.175000 4361.128803 17
450 4371.247000 4371.128803 0
451 4380.061000 4380.509929 10
452 4388.724000 4388.841386 21
453 4397.957000 4399.689213 11
454 4408.286000 4408.484568 12
455 4418.401000 4417.870373 42
456 4427.665000 4425.769261 15
457 4437.586000 4438.077221 33
458 4447.586000 4448.137079 23
459 4457.586000 4455.586734 19
460 4466.965000 4467.136936 24
461 4476.557000 4525.331821 8
462 4485.941000 4484.918050 13
463 4495.941000 4494.918050 0
464 4504.556000 4504.918050 0
465 4514.556000 4515.450840 14
466 4524.310000 4525.450840 0
467 4532.555000 4532.650574 12
468 4542.555000 4540.800998 17
469 4551.201000 4535.763359 19
470 4561.332000 4561.211215 18
471 4572.125000 4574.169567 10
472 4581.268000 4584.169567 0
473 4590.771000 4590.903826 19
474 4600.003000 4603.528987 8
475 4610.003000 4608.042548 15
476 4619.399000 4621.284057 10
477 4627.343000 4631.284057 0
478 4636.335000 4636.368911 29
479 4646.109000 4645.634421 22
480 4655.421000 4655.365418 32
481 4665.421000 4665.365418 0
