001 0.000000 0.485287 51
002 10.000000 10.134400 20
003 20.000000 15.402040 8
004 30.000000 29.990244 15
005 39.500000 43.072151 22
006 49.500000 49.002303 37
007 59.500000 48.830967 22
008 69.500000 69.476168 33
009 79.500000 78.764965 30
010 89.500000 89.667953 45
011 99.500000 99.502983 64
012 109.500000 108.984355 56
013 119.495000 119.565382 51
014 129.495000 129.541479 60
015 139.495000 139.327520 50
016 149.495000 149.697519 53
017 159.495000 159.426441 62
018 169.495000 169.095120 65
019 179.496000 179.544364 70
020 189.496000 189.495990 58
021 199.496000 199.483626 70
022 209.496000 209.465652 71
023 219.496000 218.754533 36
024 229.496000 244.801165 23
025 239.496000 240.527041 32
026 249.496000 249.399630 13
027 257.833000 260.765794 11
028 268.070000 268.906991 14
029 278.273000 276.785962 23
030 288.681000 282.245039 11
031 299.870000 299.781340 38
032 309.155000 309.417406 18
033 319.459000 373.889412 10
034 327.623000 321.493939 10
035 333.710000 331.493939 0
036 343.710000 341.493939 0
037 353.913000 369.537752 8
038 362.483000 370.536084 11
039 374.999000 446.881070 9
040 385.304000 384.891191 20
041 395.507000 394.607875 10
042 405.814000 405.662856 25
043 416.151000 415.662856 0
044 426.151000 428.448145 11
045 436.526000 436.353862 18
046 446.591000 447.436360 9
047 454.821000 453.544031 25
048 464.821000 462.292218 11
049 473.425000 472.292218 0
050 483.288000 483.448469 21
051 493.185000 493.001006 25
052 502.674000 501.854636 20
053 512.129000 511.854636 0
054 521.822000 520.260774 11
055 532.195000 530.260774 0
056 540.665000 540.260774 0
057 550.665000 622.297779 8
058 560.936000 562.838863 18
059 570.219000 569.939637 16
060 580.219000 579.591707 26
061 590.965000 626.078918 8
062 600.454000 601.040808 18
063 610.340000 609.786431 17
064 620.425000 620.687111 25
065 630.553000 632.712600 23
066 641.140000 638.292873 18
067 650.220000 649.031816 15
068 660.064000 623.038724 11
069 670.064000 671.760067 11
070 679.938000 679.540974 28
071 689.580000 689.686925 29
072 699.835000 763.063580 9
073 709.835000 695.556466 8
074 719.292000 705.556466 0
075 729.031000 739.697304 8
076 738.875000 739.901080 19
077 748.746000 749.430872 10
078 758.152000 757.840121 24
079 767.529000 767.045786 19
080 777.609000 777.045786 0
081 787.844000 789.056163 16
082 798.130000 797.865668 22
083 808.001000 805.464011 13
084 818.288000 818.075178 20
085 828.471000 823.903785 14
086 837.900000 806.705337 11
087 848.134000 848.647355 16
088 857.721000 857.509481 13
089 866.734000 866.592594 16
090 875.852000 875.877965 23
091 885.852000 885.347584 20
092 894.867000 895.347584 0
093 904.998000 905.685496 18
094 914.582000 915.134464 20
095 924.168000 923.775784 25
096 934.168000 934.184518 19
097 943.521000 985.789232 9
098 952.743000 948.171530 12
099 962.718000 920.185335 13
100 972.147000 972.750272 11
101 982.147000 982.213264 28
102 991.915000 991.419179 26
103 1002.124000 1000.973186 15
104 1012.593000 1010.973186 0
105 1022.696000 1020.973186 0
106 1032.179000 1032.716056 30
107 1041.271000 1041.549227 23
108 1051.090000 1051.325391 16
109 1061.324000 1059.605380 13
110 1071.092000 1070.535700 21
111 1081.067000 1080.535700 0
112 1090.341000 1090.535700 0
113 1100.264000 1101.574883 14
114 1110.601000 1111.162582 20
115 1120.188000 1117.389882 12
116 1129.695000 1129.247221 21
117 1139.543000 1142.969542 9
118 1148.939000 1149.861085 18
119 1159.306000 1159.647502 9
120 1168.955000 1169.647502 0
121 1178.580000 1177.736379 18
122 1188.580000 1187.736379 0
123 1198.222000 1197.736379 0
124 1208.379000 1208.662222 17
125 1218.491000 1218.982402 13
126 1228.491000 1228.666222 20
127 1237.938000 1237.017507 22
128 1248.097000 1221.610765 10
129 1257.411000 1231.610765 0
130 1267.338000 1267.809906 19
131 1277.474000 1277.873854 25
132 1287.371000 1285.477770 21
133 1295.957000 1296.090510 19
134 1306.140000 1306.070282 19
135 1316.557000 1316.070282 0
136 1325.905000 1325.690481 20
137 1336.205000 1337.371689 19
138 1346.205000 1345.734214 22
139 1355.472000 1355.531141 12
140 1365.786000 1365.672998 25
141 1375.106000 1375.672998 0
142 1384.732000 1388.643076 10
143 1394.373000 1398.680203 8
144 1403.969000 1404.349390 25
145 1413.772000 1412.346600 25
146 1423.807000 1422.346600 0
147 1432.759000 1432.346600 0
148 1442.185000 1444.357741 13
149 1452.185000 1451.859506 35
150 1461.552000 1461.785180 12
151 1469.403000 1471.785180 0
152 1481.218000 1479.341819 14
153 1491.130000 1489.523162 14
154 1501.296000 1503.203523 14
155 1511.430000 1576.772285 8
156 1521.754000 1521.775907 9
157 1531.842000 1531.775907 0
158 1540.884000 1541.775907 0
159 1551.794000 1550.405321 20
160 1561.076000 1562.401616 12
161 1570.996000 1572.068211 17
162 1580.996000 1581.156345 24
163 1590.875000 1591.597785 9
164 1600.220000 1651.385255 9
165 1609.660000 1661.385255 0
166 1616.952000 1671.385255 0
167 1627.628000 1629.195268 13
168 1638.073000 1638.443127 27
169 1647.976000 1647.215158 14
170 1659.699000 1653.619329 12
171 1669.718000 1669.204950 18
172 1680.298000 1680.619801 31
173 1690.007000 1689.721468 22
174 1700.007000 1699.717959 18
175 1710.047000 1708.633926 8
176 1719.833000 1718.309487 15
177 1729.931000 1728.309487 0
178 1740.105000 1740.871351 17
179 1750.008000 1749.798843 32
180 1759.659000 1759.319748 11
181 1768.983000 1769.520948 12
182 1778.325000 1777.054937 18
183 1786.836000 1819.314733 13
184 1796.991000 1801.589562 8
185 1806.991000 1807.599352 26
186 1817.339000 1816.993901 29
187 1826.856000 1826.884868 36
188 1836.740000 1837.260839 28
189 1847.455000 1847.260839 0
190 1858.635000 1859.204749 12
191 1868.326000 1868.229615 23
192 1878.248000 1877.683979 29
193 1887.920000 1888.223914 19
194 1897.340000 1896.539344 17
195 1905.560000 1905.136713 13
196 1915.773000 1915.136713 0
197 1925.308000 1925.770033 37
198 1935.308000 1935.961334 23
199 1945.308000 1945.126603 18
200 1955.077000 1954.028906 12
201 1964.709000 1962.925056 11
202 1974.265000 1972.925056 0
203 1984.091000 1984.633882 12
204 1994.419000 1995.994613 13
205 2003.917000 2003.899599 14
206 2014.342000 2013.899599 0
207 2024.342000 2021.213834 18
208 2034.748000 2047.222407 11
209 2044.497000 2046.083365 11
210 2052.930000 2138.169240 12
211 2063.510000 2062.789291 17
212 2073.510000 2073.004274 16
213 2083.181000 2081.508509 16
214 2092.775000 2091.508509 0
215 2102.699000 2103.573822 16
216 2113.085000 2114.921068 17
217 2122.582000 2123.197056 24
218 2132.582000 2132.581981 10
219 2142.621000 2142.359103 15
220 2152.621000 2152.359103 0
221 2162.408000 2121.540110 8
222 2171.964000 2171.747849 21
223 2181.132000 2181.001741 28
224 2192.079000 2192.282102 21
225 2201.906000 2200.261064 24
226 2212.564000 2210.261064 0
227 2222.486000 2222.490359 31
228 2231.635000 2231.399774 28
229 2240.552000 2240.173705 22
230 2248.869000 2249.556939 10
231 2259.720000 2259.290022 14
232 2269.584000 2283.883236 11
233 2279.663000 2280.218735 17
234 2289.295000 2290.846331 17
235 2299.140000 2298.515304 24
236 2308.309000 2308.631652 22
237 2318.309000 2318.631652 0
238 2328.433000 2326.084563 13
239 2338.700000 2338.945666 34
240 2348.841000 2318.221174 9
241 2357.638000 2358.026863 13
242 2367.556000 2368.336968 18
243 2377.556000 2376.299437 24
244 2387.492000 2387.652498 27
245 2397.492000 2397.652498 0
246 2407.245000 2407.435471 39
247 2416.888000 2416.855337 17
248 2426.625000 2426.079791 24
249 2436.625000 2437.008168 21
250 2446.625000 2446.371781 20
251 2455.791000 2456.371781 0
252 2465.563000 2466.371781 0
253 2475.219000 2476.166874 22
254 2484.752000 2484.774177 14
255 2494.345000 2494.050346 15
256 2503.590000 2504.842888 18
257 2513.327000 2508.171051 15
258 2522.425000 2471.376074 15
259 2532.425000 2532.799934 20
260 2542.010000 2543.215790 17
261 2551.132000 2551.192434 19
262 2560.594000 2561.192434 0
263 2569.813000 2610.139304 13
264 2579.056000 2608.221997 10
265 2588.033000 2588.670006 18
266 2597.181000 2597.496127 9
267 2607.181000 2607.836294 10
268 2616.802000 2612.614105 8
269 2625.949000 2625.374886 32
270 2635.336000 2635.374886 0
271 2645.336000 2645.352331 14
272 2654.752000 2655.155736 9
273 2664.938000 2667.495380 10
274 2673.879000 2674.128714 28
275 2684.329000 2684.128714 0
276 2693.608000 2709.761602 8
277 2703.396000 2704.684709 14
278 2712.325000 2711.765351 28
279 2723.233000 2724.001219 16
280 2733.586000 2733.004561 21
281 2743.313000 2743.004561 0
282 2753.123000 2753.004561 0
283 2760.110000 2765.815868 21
284 2770.319000 2770.829178 12
285 2780.069000 2780.118450 25
286 2790.069000 2790.118450 0
287 2800.298000 2797.489379 14
288 2810.104000 2807.489379 0
289 2819.480000 2791.435063 8
290 2829.025000 2801.435063 0
291 2839.102000 2840.173931 16
292 2849.021000 2847.437992 9
293 2858.916000 2854.075898 9
294 2869.329000 2896.342347 11
295 2877.668000 2878.628644 27
296 2887.442000 2888.282356 15
297 2897.795000 2897.428871 40
298 2907.293000 2906.854269 14
299 2917.175000 2916.925184 32
300 2926.998000 2926.925184 0
301 2935.746000 2936.925184 0
302 2945.436000 2946.925184 0
303 2955.356000 2955.444742 14
304 2964.522000 2963.783818 17
305 2974.983000 2974.611320 17
306 2985.603000 2984.677131 21
307 2995.729000 2973.217556 8
308 3006.629000 3006.539340 10
309 3014.953000 3015.266035 21
310 3024.823000 3024.101683 23
311 3034.477000 3032.924671 9
312 3043.168000 3042.924671 0
313 3051.342000 3052.924671 0
314 3061.468000 3062.924671 0
315 3071.381000 3071.447923 23
316 3080.242000 3079.604676 16
317 3090.518000 3150.063937 11
318 3099.379000 3099.556543 31
319 3109.614000 3109.556543 0
320 3119.010000 3119.556543 0
321 3128.279000 3128.599270 31
322 3137.870000 3135.246588 11
323 3146.021000 3146.480582 17
324 3155.866000 3155.804676 40
325 3165.193000 3165.804676 0
326 3174.701000 3165.483132 13
327 3184.357000 3175.483132 0
328 3194.357000 3194.622479 17
329 3204.267000 3204.549731 27
330 3213.801000 3264.875737 9
331 3224.560000 3224.242326 19
332 3234.264000 3260.541021 9
333 3244.615000 3245.932576 17
334 3253.814000 3254.002415 15
335 3263.814000 3263.707772 21
336 3273.940000 3272.582390 17
337 3283.138000 3282.582390 0
338 3294.383000 3292.582390 0
339 3302.959000 3247.739595 9
340 3312.556000 3312.920137 11
341 3323.005000 3323.264645 27
342 3334.161000 3332.868808 15
343 3344.480000 3393.830124 10
344 3354.582000 3403.830124 0
345 3364.582000 3369.954702 8
346 3374.424000 3374.459211 15
347 3384.424000 3384.459211 0
348 3394.511000 3394.650989 26
349 3404.275000 3441.096897 8
350 3414.420000 3451.096897 0
351 3423.839000 3461.096897 0
352 3434.227000 3436.752083 12
353 3443.973000 3443.266415 16
354 3454.135000 3454.283025 24
355 3463.796000 3463.529721 40
356 3473.317000 3503.721403 8
357 3483.002000 3488.154190 12
358 3491.710000 3575.475641 11
359 3501.231000 3500.947955 23
360 3511.079000 3509.835282 16
361 3520.698000 3520.689913 30
362 3530.154000 3530.689913 0
363 3539.741000 3542.095199 12
364 3549.838000 3552.095199 0
365 3559.823000 3559.397114 19
366 3571.457000 3569.892336 15
367 3581.369000 3626.030411 9
368 3590.500000 3636.030411 0
369 3600.241000 3600.441221 13
370 3610.648000 3610.499917 14
371 3620.496000 3683.229293 8
372 3631.869000 3631.493920 11
373 3640.968000 3641.115337 24
374 3651.042000 3648.334099 13
375 3660.726000 3646.619443 9
376 3667.063000 3674.495881 8
377 3675.057000 3678.820027 14
378 3686.171000 3685.910391 22
379 3694.652000 3695.910391 0
380 3705.060000 3733.787824 10
381 3715.001000 3711.376074 18
382 3725.044000 3721.376074 0
383 3733.674000 3731.990127 9
384 3743.809000 3742.328707 23
385 3753.461000 3753.469081 19
386 3763.193000 3764.065644 16
387 3772.288000 3796.983564 9
388 3781.697000 3740.555087 9
389 3791.239000 3790.988898 27
390 3799.153000 3798.124043 15
391 3809.153000 3807.649487 14
392 3818.946000 3815.532246 12
393 3828.946000 3826.931486 13
394 3839.290000 3840.630492 9
395 3849.127000 3849.649499 17
396 3859.366000 3859.618725 13
397 3869.880000 3870.871498 20
398 3879.793000 3879.397890 22
399 3889.165000 3889.284522 23
400 3898.538000 3900.655953 18
401 3908.473000 3908.550447 11
402 3918.296000 3918.605030 29
403 3928.034000 3927.960150 19
404 3937.025000 3934.415624 20
405 3945.670000 3944.415624 0
406 3954.797000 3945.073790 8
407 3963.756000 3955.073790 0
408 3975.048000 3974.995300 17
409 3981.645000 3984.331015 10
410 3992.690000 3992.652936 39
411 4002.457000 4001.805015 27
412 4011.982000 4011.805015 0
413 4021.430000 4022.239893 20
414 4030.624000 4037.656121 8
415 4040.513000 4039.818829 15
416 4049.727000 4049.040647 18
417 4058.371000 4057.321292 9
418 4068.258000 4067.919257 13
419 4076.974000 4077.919257 0
420 4085.661000 4087.919257 0
421 4096.585000 4099.125668 13
422 4105.894000 4105.555299 27
423 4115.448000 4113.779103 8
424 4123.311000 4173.119240 17
425 4132.804000 4132.931110 18
426 4142.148000 4145.105227 14
427 4151.574000 4153.727110 10
428 4160.897000 4160.242144 20
429 4170.041000 4170.049734 19
430 4180.202000 4179.059128 26
431 4189.466000 4189.212922 24
432 4198.878000 4167.827633 11
433 4208.352000 4209.617226 9
434 4218.124000 4217.775213 20
435 4228.124000 4227.875103 25
436 4237.399000 4289.230027 14
437 4245.914000 4244.857930 20
438 4255.326000 4290.279389 8
439 4264.948000 4229.846651 11
440 4274.331000 4274.643253 17
441 4284.331000 4284.886285 27
442 4294.866000 4293.775647 25
443 4304.488000 4304.520575 26
444 4314.081000 4314.520575 0
445 4323.524000 4327.641845 9
446 4333.314000 4333.738958 44
447 4342.679000 4342.837873 25
448 4351.252000 4351.276490 21
449 4361.175000 4360.977474 18
450 4371.247000 4370.977474 0
451 4380.061000 4337.521553 8
452 4388.724000 4388.848559 22
453 4397.957000 4342.344401 12
454 4408.286000 4408.176238 14
455 4418.401000 4418.200780 48
456 4427.665000 4424.564401 8
457 4437.586000 4437.969770 33
458 4447.586000 4449.599283 21
459 4457.586000 4455.895981 19
460 4466.965000 4467.427871 25
461 4476.557000 4477.427871 0
462 4485.941000 4485.122735 14
463 4495.941000 4495.122735 0
464 4504.556000 4505.122735 0
465 4514.556000 4515.107844 14
466 4524.310000 4525.107844 0
467 4532.555000 4532.481344 14
468 4542.555000 4540.803984 17
469 4551.201000 4536.633099 19
470 4561.332000 4562.421016 15
471 4572.125000 4571.601481 11
472 4581.268000 4581.601481 0
473 4590.771000 4590.891075 18
474 4600.003000 4603.773329 10
475 4610.003000 4608.218752 13
476 4619.399000 4620.124790 11
477 4627.343000 4644.988215 8
478 4636.335000 4636.422906 35
479 4646.109000 4645.981184 23
480 4655.421000 4655.245670 33
481 4665.421000 4665.245670 0
