001 0.000000 0.349386 34
002 10.000000 9.809665 21
003 20.000000 23.302212 9
004 28.072000 28.426972 10
005 38.058000 38.426972 0
006 48.059000 48.069768 24
007 58.056000 59.756403 15
008 68.056000 68.230136 16
009 78.056000 77.832485 21
010 88.056000 88.550677 25
011 98.056000 97.834188 50
012 108.056000 107.840222 38
013 118.056000 118.559147 31
014 128.056000 127.958284 47
015 138.056000 137.912770 41
016 148.056000 148.527888 49
017 158.056000 157.976342 29
018 168.056000 167.669323 32
019 178.056000 178.222708 30
020 188.056000 188.569748 51
021 198.056000 198.200334 42
022 208.056000 207.980305 46
023 218.056000 217.203586 23
024 228.056000 227.203586 0
025 238.056000 239.529712 15
026 248.056000 248.468492 13
027 258.311000 259.549758 14
028 268.392000 268.639755 13
029 278.457000 275.595019 16
030 288.680000 288.684062 19
031 299.265000 299.987860 27
032 309.265000 309.032805 12
033 319.460000 319.032805 0
034 329.886000 329.032805 0
035 331.489000 339.032805 0
036 341.050000 332.820038 8
037 352.269000 342.820038 0
038 362.269000 375.755339 9
039 372.483000 371.582799 9
040 382.483000 383.071976 16
041 392.844000 393.018124 15
042 403.556000 404.678999 29
043 414.326000 414.678999 0
044 424.449000 424.931630 13
045 434.768000 434.692890 19
046 444.768000 526.216363 8
047 452.651000 491.173755 9
048 462.775000 487.772362 12
049 472.194000 497.772362 0
050 482.194000 482.122217 16
051 491.877000 491.002751 17
052 501.624000 501.097476 12
053 511.427000 509.678927 11
054 520.978000 520.718902 20
055 530.978000 530.718902 0
056 541.619000 540.718902 0
057 550.842000 550.718902 0
058 560.228000 560.878719 9
059 569.286000 569.793460 16
060 578.659000 576.259797 11
061 588.915000 585.672738 12
062 598.555000 595.672738 0
063 608.681000 610.450642 15
064 619.259000 620.354531 24
065 628.721000 628.423743 23
066 638.369000 674.373465 11
067 647.991000 684.373465 0
068 657.851000 662.761675 12
069 666.916000 667.757364 18
070 675.899000 675.293983 22
071 685.573000 684.987408 14
072 695.248000 694.695193 17
073 705.586000 706.295809 10
074 715.395000 716.295809 0
075 725.261000 725.389079 14
076 734.717000 735.389079 0
077 745.217000 745.023105 11
078 755.217000 755.250524 9
079 764.858000 764.097667 12
080 774.506000 774.097667 0
081 785.429000 784.097667 0
082 796.513000 796.636451 15
083 806.746000 806.502167 10
084 816.819000 816.274849 20
085 826.819000 825.108537 14
086 836.249000 835.108537 0
087 846.163000 846.408538 12
088 856.163000 856.408538 0
089 864.873000 863.204455 15
090 873.220000 873.245667 16
091 883.027000 883.468923 14
092 892.860000 893.468923 0
093 902.860000 903.468923 0
094 912.210000 911.767026 19
095 921.433000 921.231155 14
096 931.433000 931.462049 23
097 940.742000 941.267898 10
098 949.547000 951.267898 0
099 958.617000 961.267898 0
100 968.324000 1048.752197 10
101 977.329000 977.796822 16
102 987.329000 988.104884 26
103 997.595000 998.104884 0
104 1007.336000 1006.543009 18
105 1017.463000 1016.543009 0
106 1028.014000 1038.290193 11
107 1037.881000 1048.290193 0
108 1046.619000 1046.800972 23
109 1056.878000 1057.186487 23
110 1066.607000 1065.548869 13
111 1076.607000 1075.548869 0
112 1085.691000 1085.548869 0
113 1095.691000 1096.241982 18
114 1104.986000 1108.964869 9
115 1115.086000 1114.759363 25
116 1124.734000 1124.759363 0
117 1133.904000 1134.759363 0
118 1143.738000 1106.205563 8
119 1153.068000 1156.476715 8
120 1162.582000 1162.731347 18
121 1172.470000 1222.804758 9
122 1181.693000 1181.171404 11
123 1191.553000 1187.024648 12
124 1201.148000 1197.024648 0
125 1211.148000 1210.267464 11
126 1220.338000 1221.526266 14
127 1229.986000 1226.679395 9
128 1239.076000 1236.552775 11
129 1249.076000 1246.552775 0
130 1257.800000 1231.629156 10
131 1267.668000 1269.173639 12
132 1278.014000 1278.030725 22
133 1288.014000 1286.505165 20
134 1297.789000 1297.925008 23
135 1307.517000 1307.925008 0
136 1317.517000 1317.930996 14
137 1327.250000 1328.412952 12
138 1336.985000 1337.184633 27
139 1346.985000 1347.614010 18
140 1356.581000 1356.349837 10
141 1365.299000 1364.165880 15
142 1375.105000 1377.628714 11
143 1385.579000 1387.628714 0
144 1395.579000 1396.169273 18
145 1405.579000 1406.176672 17
146 1415.931000 1415.816072 20
147 1425.340000 1423.968652 9
148 1434.351000 1433.968652 0
149 1443.813000 1443.968652 0
150 1453.703000 1453.254011 18
151 1463.450000 1463.254011 0
152 1471.333000 1473.254011 0
153 1481.566000 1479.254930 10
154 1491.044000 1487.462541 11
155 1500.579000 1497.462541 0
156 1510.173000 1509.718780 8
157 1520.607000 1523.100462 9
158 1530.868000 1533.100462 0
159 1540.607000 1543.100462 0
160 1549.968000 1567.056273 9
161 1560.345000 1577.056273 0
162 1570.539000 1570.226372 13
163 1579.858000 1580.157438 20
164 1589.858000 1590.157438 0
165 1599.858000 1598.288252 8
166 1610.086000 1608.288252 0
167 1620.615000 1620.848198 18
168 1631.827000 1719.043316 8
169 1641.168000 1641.106527 25
170 1651.300000 1651.468760 8
171 1663.636000 1661.468760 0
172 1672.749000 1671.004395 17
173 1683.172000 1681.004395 0
174 1693.095000 1693.159459 20
175 1702.956000 1701.212513 11
176 1713.607000 1711.212513 0
177 1724.031000 1723.063306 8
178 1734.031000 1733.063306 0
179 1742.838000 1743.063306 0
180 1752.449000 1751.806557 14
181 1760.542000 1759.934620 12
182 1770.715000 1770.078415 9
183 1780.992000 1780.078415 0
184 1790.832000 1790.078415 0
185 1800.832000 1799.721819 18
186 1810.721000 1810.851123 30
187 1820.617000 1820.677706 20
188 1830.360000 1829.952752 24
189 1840.013000 1839.396242 24
190 1849.209000 1849.396242 0
191 1860.090000 1859.396242 0
192 1869.680000 1814.685807 8
193 1879.478000 1879.323078 22
194 1889.402000 1889.238699 20
195 1899.097000 1896.508249 18
196 1908.417000 1955.562057 9
197 1917.757000 1965.562057 0
198 1926.911000 1929.113433 23
199 1937.293000 1937.597355 12
200 1946.883000 1947.368642 9
201 1954.809000 1954.029176 11
202 1964.620000 1964.621183 18
203 1974.782000 1974.621183 0
204 1985.579000 1986.758267 16
205 1995.308000 1995.330423 15
206 2005.308000 2005.330423 0
207 2015.204000 2015.330423 0
208 2024.919000 2023.652397 19
209 2034.823000 2044.767570 14
210 2044.823000 2044.561329 29
211 2053.733000 2054.561329 0
212 2065.736000 2065.850749 12
213 2075.432000 2074.446270 10
214 2085.432000 2084.446270 0
215 2095.640000 2094.446270 0
216 2105.535000 2113.375182 9
217 2116.249000 2116.271078 11
218 2125.944000 2125.742466 14
219 2135.944000 2135.742466 0
220 2146.477000 2145.445948 18
221 2156.339000 2155.445948 0
222 2166.172000 2165.948567 15
223 2176.248000 2175.948567 0
224 2185.589000 2185.948567 0
225 2195.326000 2196.990347 16
226 2205.520000 2205.313818 13
227 2217.024000 2218.783440 11
228 2227.821000 2227.296288 9
229 2237.286000 2236.971182 23
230 2246.071000 2245.258006 9
231 2256.071000 2257.641817 11
232 2265.092000 2264.620099 14
233 2275.092000 2274.620099 0
234 2284.908000 2284.512643 17
235 2294.908000 2294.909671 20
236 2304.609000 2304.110659 22
237 2314.609000 2314.110659 0
238 2324.304000 2323.828215 11
239 2334.304000 2333.828215 0
240 2344.486000 2344.670860 11
241 2353.057000 2355.838692 10
242 2362.985000 2365.838692 0
243 2372.520000 2411.918019 10
244 2381.683000 2421.918019 0
245 2392.797000 2414.398791 10
246 2402.524000 2403.446884 18
247 2412.524000 2413.141601 17
248 2422.603000 2421.576822 12
249 2432.623000 2431.897789 9
250 2442.623000 2441.548963 10
251 2451.774000 2489.727278 9
252 2461.676000 2499.727278 0
253 2470.754000 2509.727278 0
254 2481.214000 2481.239690 21
255 2491.098000 2491.239690 0
256 2500.447000 2501.239690 0
257 2509.765000 2507.995328 11
258 2518.890000 2519.563762 15
259 2529.280000 2529.563762 0
260 2538.944000 2539.175319 16
261 2548.529000 2549.011862 17
262 2558.036000 2538.223126 8
263 2567.093000 2565.581758 9
264 2575.836000 2575.581758 0
265 2585.931000 2587.294562 10
266 2595.244000 2597.294562 0
267 2605.244000 2605.488845 13
268 2615.042000 2616.461591 16
269 2624.843000 2623.993362 15
270 2635.057000 2636.772236 21
271 2645.270000 2646.772236 0
272 2654.752000 2657.455340 8
273 2664.938000 2666.544001 13
274 2674.439000 2674.118382 22
275 2684.201000 2682.385559 9
276 2693.355000 2700.239445 8
277 2703.021000 2703.264468 13
278 2712.409000 2711.563137 12
279 2722.955000 2722.854898 17
280 2733.351000 2733.670211 21
281 2743.508000 2743.327528 28
282 2753.438000 2743.420741 10
283 2763.906000 2765.507201 21
284 2774.276000 2843.955090 8
285 2783.156000 2783.121833 14
286 2792.350000 2788.383652 8
287 2802.543000 2798.383652 0
288 2812.446000 2808.383652 0
289 2821.794000 2818.383652 0
290 2830.771000 2833.482286 13
291 2841.083000 2840.561127 9
292 2851.257000 2851.115223 13
293 2861.257000 2861.115223 0
294 2871.591000 2871.115223 0
295 2880.480000 2891.322864 8
296 2890.480000 2891.790384 16
297 2900.383000 2899.739155 17
298 2910.232000 2907.223865 11
299 2920.525000 2979.600182 9
300 2930.148000 2989.600182 0
301 2939.843000 2999.600182 0
302 2949.985000 2950.910527 10
303 2959.411000 3045.952414 10
304 2969.411000 2968.770454 8
305 2979.660000 2980.041097 18
306 2989.373000 2990.041097 0
307 2999.373000 3004.918113 11
308 3009.156000 3014.918113 0
309 3018.995000 3021.606279 16
310 3028.707000 3028.579420 23
311 3038.277000 3038.579420 0
312 3046.041000 3048.579420 0
313 3054.913000 3058.579420 0
314 3064.767000 3068.579420 0
315 3074.767000 3074.274539 15
316 3084.516000 3083.329057 16
317 3092.780000 3092.119264 13
318 3102.278000 3100.260346 11
319 3113.010000 3110.260346 0
320 3122.474000 3123.914398 11
321 3132.329000 3131.643116 16
322 3140.879000 3137.959483 13
323 3150.790000 3150.529246 14
324 3160.555000 3157.576828 10
325 3169.624000 3167.576828 0
326 3177.834000 3177.576828 0
327 3187.548000 3132.515469 12
328 3198.656000 3198.470172 15
329 3208.441000 3206.289596 13
330 3217.491000 3216.289596 0
331 3228.026000 3224.152980 10
332 3238.294000 3234.152980 0
333 3248.222000 3244.152980 0
334 3258.222000 3257.562552 14
335 3267.432000 3267.469003 17
336 3277.002000 3274.174213 15
337 3287.002000 3285.621693 9
338 3297.002000 3263.596322 10
339 3307.002000 3308.185071 15
340 3316.855000 3317.933777 8
341 3326.855000 3327.933777 0
342 3335.816000 3337.933777 0
343 3346.780000 3346.291021 12
344 3357.496000 3358.768954 18
345 3367.780000 3367.550699 23
346 3377.690000 3377.550699 0
347 3387.331000 3387.799490 10
348 3397.331000 3397.799490 0
349 3403.895000 3407.799490 0
350 3413.895000 3417.799490 0
351 3423.625000 3424.229715 12
352 3434.501000 3434.229715 0
353 3444.227000 3443.080779 10
354 3454.999000 3453.813181 12
355 3464.135000 3464.309080 25
356 3474.135000 3474.309080 0
357 3484.135000 3485.277078 12
358 3493.815000 3494.822385 15
359 3503.474000 3503.110472 14
360 3513.133000 3513.907355 9
361 3522.614000 3522.589986 19
362 3532.614000 3532.589986 0
363 3540.698000 3500.385759 8
364 3549.319000 3549.830240 11
365 3560.035000 3559.830240 0
366 3570.427000 3566.907174 14
367 3579.853000 3578.490580 10
368 3588.868000 3588.490580 0
369 3597.758000 3598.490580 0
370 3608.598000 3610.906700 8
371 3619.205000 3620.906700 0
372 3630.495000 3630.745457 17
373 3639.841000 3638.607053 16
374 3650.150000 3648.607053 0
375 3658.773000 3658.607053 0
376 3669.988000 3668.607053 0
377 3675.443000 3683.762372 8
378 3686.082000 3686.510735 16
379 3696.082000 3696.510735 0
380 3707.480000 3719.905981 10
381 3717.480000 3729.905981 0
382 3727.480000 3723.699756 8
383 3737.086000 3733.699756 0
384 3746.943000 3746.685351 10
385 3756.241000 3754.139844 8
386 3766.400000 3764.277863 13
387 3776.400000 3814.857766 10
388 3786.400000 3824.857766 0
389 3795.665000 3795.676057 12
390 3803.874000 3803.305431 8
391 3813.588000 3813.330747 23
392 3823.819000 3821.706687 13
393 3833.460000 3831.706687 0
394 3842.278000 3842.305293 19
395 3852.672000 3852.439483 16
396 3863.100000 3862.833485 16
397 3873.868000 3875.109860 8
398 3883.688000 3883.229975 14
399 3892.560000 3892.673083 18
400 3903.079000 3903.047026 18
401 3913.113000 3914.538137 16
402 3922.683000 3923.397354 13
403 3932.467000 3932.607681 13
404 3942.324000 3942.607681 0
405 3950.945000 3952.607681 0
406 3960.478000 3930.895467 8
407 3970.818000 3987.505325 8
408 3980.709000 3997.505325 0
409 3987.524000 3988.139293 13
410 3997.721000 3997.663099 22
411 4007.827000 4006.370755 15
412 4017.827000 4020.428039 8
413 4027.055000 4027.188347 15
414 4036.481000 4036.278898 17
415 4046.481000 4045.829045 17
416 4055.175000 4055.501260 12
417 4064.458000 4053.921057 8
418 4073.867000 4119.051588 8
419 4082.614000 4129.051588 0
420 4093.775000 4094.248013 10
421 4102.647000 4102.738188 14
422 4111.877000 4111.968759 10
423 4121.715000 4121.968759 0
424 4130.747000 4130.153800 16
425 4140.193000 4142.193602 17
426 4150.031000 4152.193602 0
427 4159.457000 4162.193602 0
428 4170.041000 4169.383044 26
429 4179.827000 4179.905427 20
430 4189.240000 4188.595310 11
431 4198.753000 4167.490323 10
432 4208.351000 4210.216204 9
433 4217.789000 4217.415174 20
434 4227.286000 4226.733873 12
435 4236.999000 4235.507379 15
436 4244.888000 4242.877314 17
437 4254.888000 4252.877314 0
438 4264.439000 4237.459247 10
439 4274.258000 4275.051760 14
440 4284.043000 4283.822765 17
441 4294.402000 4293.432479 17
442 4303.916000 4299.813545 10
443 4313.916000 4310.887987 15
444 4323.916000 4327.155140 12
445 4333.452000 4333.749585 19
446 4343.452000 4343.276043 16
447 4353.696000 4352.985146 12
448 4363.535000 4363.350332 14
449 4373.659000 4373.350332 0
450 4384.141000 4383.350332 0
451 4393.800000 4393.202424 11
452 4403.011000 4403.906631 10
453 4412.922000 4412.748416 23
454 4421.741000 4419.847212 18
455 4431.202000 4429.847212 0
456 4440.558000 4441.595538 22
457 4450.718000 4450.196126 17
458 4460.914000 4460.909626 13
459 4468.980000 4469.428329 19
460 4477.834000 4478.558251 14
461 4487.834000 4486.368809 8
462 4496.760000 4496.368809 0
463 4505.714000 4527.614878 8
464 4514.669000 4537.614878 0
465 4522.896000 4547.614878 0
466 4532.554000 4531.829570 8
467 4540.771000 4540.046261 11
468 4549.692000 4540.158679 12
469 4558.663000 4536.498143 8
470 4568.567000 4546.498143 0
471 4579.446000 4577.204133 9
472 4586.385000 4587.797082 17
473 4596.676000 4597.357133 15
474 4606.008000 4606.896916 14
475 4615.820000 4616.896916 0
476 4624.232000 4624.303610 9
477 4633.843000 4633.681925 18
478 4643.506000 4644.710237 17
479 4652.917000 4653.101447 15
480 4662.917000 4663.101447 0
481 4672.917000 4671.057325 9
