001 0.000000 0.399198 35
002 10.000000 9.477017 18
003 20.000000 23.193031 10
004 28.072000 29.043317 10
005 38.058000 39.043317 0
006 48.059000 48.068634 22
007 58.056000 59.271061 14
008 68.056000 68.230136 16
009 78.056000 77.801124 19
010 88.056000 88.446887 24
011 98.056000 97.910784 51
012 108.056000 107.846555 39
013 118.056000 118.497537 32
014 128.056000 128.332702 33
015 138.056000 137.861058 36
016 148.056000 148.365191 47
017 158.056000 157.939058 30
018 168.056000 167.773442 32
019 178.056000 178.218782 31
020 188.056000 188.537948 48
021 198.056000 198.200334 42
022 208.056000 207.973311 45
023 218.056000 217.616790 25
024 228.056000 227.616790 0
025 238.056000 240.219719 18
026 248.056000 248.576934 11
027 258.311000 259.140127 12
028 268.392000 268.663725 12
029 278.457000 273.617004 12
030 288.680000 287.595521 15
031 299.265000 299.550965 24
032 309.265000 309.166817 11
033 319.460000 316.893185 9
034 329.886000 326.893185 0
035 331.489000 336.893185 0
036 341.050000 333.563706 10
037 352.269000 343.563706 0
038 362.269000 375.642775 8
039 372.483000 370.840372 10
040 382.483000 448.352396 11
041 392.844000 390.843570 13
042 403.556000 404.496266 27
043 414.326000 396.564375 8
044 424.449000 426.700445 14
045 434.768000 434.766950 16
046 444.768000 526.790421 11
047 452.651000 494.945414 8
048 462.775000 487.153930 10
049 472.194000 497.153930 0
050 482.194000 482.295963 13
051 491.877000 491.108365 18
052 501.624000 500.849793 12
053 511.427000 509.778788 12
054 520.978000 520.629287 21
055 530.978000 571.963230 8
056 541.619000 581.963230 0
057 550.842000 591.963230 0
058 560.228000 560.573934 13
059 569.286000 569.210956 18
060 578.659000 576.989604 12
061 588.915000 586.989604 0
062 598.555000 596.989604 0
063 608.681000 610.328623 16
064 619.259000 620.368884 16
065 628.721000 628.196976 20
066 638.369000 674.373465 11
067 647.991000 684.373465 0
068 657.851000 662.165374 8
069 666.916000 666.807883 16
070 675.899000 675.559904 23
071 685.573000 684.597366 12
072 695.248000 694.799932 16
073 705.586000 705.760038 18
074 715.395000 715.760038 0
075 725.261000 725.029938 14
076 734.717000 735.029938 0
077 745.217000 745.030220 13
078 755.217000 754.665626 11
079 764.858000 763.321743 12
080 774.506000 773.321743 0
081 785.429000 783.321743 0
082 796.513000 797.076893 17
083 806.746000 806.770667 11
084 816.819000 816.652714 20
085 826.819000 825.787039 12
086 836.249000 835.787039 0
087 846.163000 845.632221 15
088 856.163000 855.632221 0
089 864.873000 863.204455 15
090 873.220000 873.241604 17
091 883.027000 883.468923 14
092 892.860000 893.468923 0
093 902.860000 904.444087 9
094 912.210000 911.828115 18
095 921.433000 921.270461 16
096 931.433000 931.499829 21
097 940.742000 941.188636 11
098 949.547000 951.188636 0
099 958.617000 973.430369 8
100 968.324000 968.607486 10
101 977.329000 977.830697 15
102 987.329000 987.765781 25
103 997.595000 997.765781 0
104 1007.336000 1006.865142 16
105 1017.463000 1016.865142 0
106 1028.014000 1038.544644 10
107 1037.881000 1048.544644 0
108 1046.619000 1046.532874 19
109 1056.878000 1056.900150 21
110 1066.607000 1065.531312 13
111 1076.607000 1093.458373 8
112 1085.691000 1103.458373 0
113 1095.691000 1096.432694 14
114 1104.986000 1109.439827 11
115 1115.086000 1114.568014 25
116 1124.734000 1124.568014 0
117 1133.904000 1134.568014 0
118 1143.738000 1154.810158 13
119 1153.068000 1154.598570 10
120 1162.582000 1163.465831 21
121 1172.470000 1172.599267 8
122 1181.693000 1179.436728 9
123 1191.553000 1189.436728 0
124 1201.148000 1199.436728 0
125 1211.148000 1169.377212 10
126 1220.338000 1222.884771 14
127 1229.986000 1228.342517 10
128 1239.076000 1237.445230 11
129 1249.076000 1247.445230 0
130 1257.800000 1232.443212 10
131 1267.668000 1269.301820 11
132 1278.014000 1278.188468 22
133 1288.014000 1285.770266 18
134 1297.789000 1297.954349 23
135 1307.517000 1358.634946 8
136 1317.517000 1317.967756 14
137 1327.250000 1328.238956 14
138 1336.985000 1337.075395 26
139 1346.985000 1347.725626 18
140 1356.581000 1356.002712 11
141 1365.299000 1365.070012 17
142 1375.105000 1376.839540 14
143 1385.579000 1348.402664 8
144 1395.579000 1396.535769 21
145 1405.579000 1406.089889 21
146 1415.931000 1415.165143 20
147 1425.340000 1423.689466 9
148 1434.351000 1432.582604 8
149 1443.813000 1442.582604 0
150 1453.703000 1453.373296 18
151 1463.450000 1463.373296 0
152 1471.333000 1473.373296 0
153 1481.566000 1482.736232 13
154 1491.044000 1487.169086 15
155 1500.579000 1497.169086 0
156 1510.173000 1508.684425 9
157 1520.607000 1522.276976 9
158 1530.868000 1532.008951 8
159 1540.607000 1542.008951 0
160 1549.968000 1567.056273 9
161 1560.345000 1521.026510 11
162 1570.539000 1571.182498 11
163 1579.858000 1580.014664 24
164 1589.858000 1590.014664 0
165 1599.858000 1597.056689 9
166 1610.086000 1601.484012 8
167 1620.615000 1620.841751 17
168 1631.827000 1719.043316 8
169 1641.168000 1641.002080 24
170 1651.300000 1651.307072 10
171 1663.636000 1661.307072 0
172 1672.749000 1672.354302 19
173 1683.172000 1682.354302 0
174 1693.095000 1693.233023 20
175 1702.956000 1778.849729 13
176 1713.607000 1788.849729 0
177 1724.031000 1798.849729 0
178 1734.031000 1808.849729 0
179 1742.838000 1818.849729 0
180 1752.449000 1828.849729 0
181 1760.542000 1838.849729 0
182 1770.715000 1848.849729 0
183 1780.992000 1858.849729 0
184 1790.832000 1868.849729 0
185 1800.832000 1878.849729 0
186 1810.721000 1888.849729 0
187 1820.617000 1898.849729 0
188 1830.360000 1879.809296 11
189 1840.013000 1879.390043 11
190 1849.209000 1889.390043 0
191 1860.090000 1899.390043 0
192 1869.680000 1872.012069 9
193 1879.478000 1879.279219 21
194 1889.402000 1889.573181 21
195 1899.097000 1894.621518 10
196 1908.417000 1869.991139 9
197 1917.757000 1879.991139 0
198 1926.911000 1929.149887 23
199 1937.293000 1938.425456 12
200 1946.883000 1947.443661 8
201 1954.809000 1950.767461 8
202 1964.620000 1964.635817 17
203 1974.782000 1974.635817 0
204 1985.579000 1987.110529 12
205 1995.308000 1995.270392 14
206 2005.308000 2005.270392 0
207 2015.204000 2015.270392 0
208 2024.919000 2023.547642 19
209 2034.823000 2044.629348 13
210 2044.823000 2045.150412 27
211 2053.733000 2055.150412 0
212 2065.736000 2065.525521 15
213 2075.432000 2075.039134 11
214 2085.432000 2085.039134 0
215 2095.640000 2109.636631 8
216 2105.535000 2119.636631 0
217 2116.249000 2116.195772 12
218 2125.944000 2125.756974 15
219 2135.944000 2136.178288 13
220 2146.477000 2145.976822 16
221 2156.339000 2155.976822 0
222 2166.172000 2165.954281 16
223 2176.248000 2175.954281 0
224 2185.589000 2185.954281 0
225 2195.326000 2195.710901 12
226 2205.520000 2205.364799 14
227 2217.024000 2219.108889 9
228 2227.821000 2227.641494 11
229 2237.286000 2236.844519 27
230 2246.071000 2247.437313 9
231 2256.071000 2257.012395 10
232 2265.092000 2264.267806 15
233 2275.092000 2274.267806 0
234 2284.908000 2285.262868 16
235 2294.908000 2294.864768 18
236 2304.609000 2304.452969 21
237 2314.609000 2311.671604 9
238 2324.304000 2323.994516 16
239 2334.304000 2333.994516 0
240 2344.486000 2344.614558 19
241 2353.057000 2355.922756 9
242 2362.985000 2365.922756 0
243 2372.520000 2412.274185 10
244 2381.683000 2422.274185 0
245 2392.797000 2432.274185 0
246 2402.524000 2403.492658 17
247 2412.524000 2413.133743 17
248 2422.603000 2421.576822 12
249 2432.623000 2432.270828 8
250 2442.623000 2441.659266 11
251 2451.774000 2451.659266 0
252 2461.676000 2466.535610 9
253 2470.754000 2476.535610 0
254 2481.214000 2481.205012 20
255 2491.098000 2491.205012 0
256 2500.447000 2501.205012 0
257 2509.765000 2509.002787 12
258 2518.890000 2521.310552 14
259 2529.280000 2531.310552 0
260 2538.944000 2540.008677 18
261 2548.529000 2548.988680 17
262 2558.036000 2536.251085 9
263 2567.093000 2565.717815 11
264 2575.836000 2575.717815 0
265 2585.931000 2585.998610 10
266 2595.244000 2595.998610 0
267 2605.244000 2605.862791 15
268 2615.042000 2615.574115 13
269 2624.843000 2623.548776 15
270 2635.057000 2636.801054 19
271 2645.270000 2646.801054 0
272 2654.752000 2656.000147 10
273 2664.938000 2667.069848 10
274 2674.439000 2674.002338 24
275 2684.201000 2681.455937 8
276 2693.355000 2691.455937 0
277 2703.021000 2703.381594 9
278 2712.409000 2710.334164 18
279 2722.955000 2725.394879 17
280 2733.351000 2734.060630 17
281 2743.508000 2743.416775 29
282 2753.438000 2753.416775 0
283 2763.906000 2765.699617 20
284 2774.276000 2775.699617 0
285 2783.156000 2783.125067 15
286 2792.350000 2789.311350 13
287 2802.543000 2799.311350 0
288 2812.446000 2809.311350 0
289 2821.794000 2819.311350 0
290 2830.771000 2832.824125 13
291 2841.083000 2840.593331 10
292 2851.257000 2851.117270 14
293 2861.257000 2861.117270 0
294 2871.591000 2871.117270 0
295 2880.480000 2889.377794 10
296 2890.480000 2891.516565 16
297 2900.383000 2899.432698 18
298 2910.232000 2909.616731 14
299 2920.525000 2978.971955 9
300 2930.148000 2988.971955 0
301 2939.843000 2998.971955 0
302 2949.985000 2951.988726 9
303 2959.411000 2960.491918 14
304 2969.411000 2967.939618 8
305 2979.660000 2979.537763 17
306 2989.373000 2989.537763 0
307 2999.373000 3003.646712 14
308 3009.156000 3013.646712 0
309 3018.995000 3021.239845 18
310 3028.707000 3028.709932 22
311 3038.277000 3035.599629 9
312 3046.041000 3045.599629 0
313 3054.913000 3046.088192 9
314 3064.767000 3056.088192 0
315 3074.767000 3074.169492 17
316 3084.516000 3084.376835 23
317 3092.780000 3092.146740 12
318 3102.278000 3100.619682 13
319 3113.010000 3110.619682 0
320 3122.474000 3123.914398 11
321 3132.329000 3132.236574 17
322 3140.879000 3140.483061 12
323 3150.790000 3150.940270 11
324 3160.555000 3160.940270 0
325 3169.624000 3200.879466 8
326 3177.834000 3210.879466 0
327 3187.548000 3220.879466 0
328 3198.656000 3198.610197 16
329 3208.441000 3206.443073 14
330 3217.491000 3216.443073 0
331 3228.026000 3263.686308 13
332 3238.294000 3244.503231 8
333 3248.222000 3254.503231 0
334 3258.222000 3257.532192 15
335 3267.432000 3267.407647 18
336 3277.002000 3273.641824 12
337 3287.002000 3283.641824 0
338 3297.002000 3263.496522 12
339 3307.002000 3307.623675 15
340 3316.855000 3318.524302 10
341 3326.855000 3328.524302 0
342 3335.816000 3335.635807 8
343 3346.780000 3345.714428 12
344 3357.496000 3358.098062 16
345 3367.780000 3367.840369 25
346 3377.690000 3379.967326 9
347 3387.331000 3387.813832 9
348 3397.331000 3397.813832 0
349 3403.895000 3407.813832 0
350 3413.895000 3417.813832 0
351 3423.625000 3424.269653 11
352 3434.501000 3434.269653 0
353 3444.227000 3443.590446 8
354 3454.999000 3453.476269 13
355 3464.135000 3464.318682 24
356 3474.135000 3474.318682 0
357 3484.135000 3484.196796 18
358 3493.815000 3494.411067 17
359 3503.474000 3503.281950 17
360 3513.133000 3513.281950 0
361 3522.614000 3522.589986 19
362 3532.614000 3532.589986 0
363 3540.698000 3500.536155 8
364 3549.319000 3550.189215 13
365 3560.035000 3560.189215 0
366 3570.427000 3566.834211 15
367 3579.853000 3578.077019 9
368 3588.868000 3584.587512 9
369 3597.758000 3594.587512 0
370 3608.598000 3604.587512 0
371 3619.205000 3685.668268 8
372 3630.495000 3630.627602 17
373 3639.841000 3638.485576 15
374 3650.150000 3648.485576 0
375 3658.773000 3658.485576 0
376 3669.988000 3668.485576 0
377 3675.443000 3683.773137 8
378 3686.082000 3686.266580 13
379 3696.082000 3696.266580 0
380 3707.480000 3719.828427 10
381 3717.480000 3729.828427 0
382 3727.480000 3739.828427 0
383 3737.086000 3737.025868 9
384 3746.943000 3746.784571 11
385 3756.241000 3751.870709 12
386 3766.400000 3761.870709 0
387 3776.400000 3814.716003 11
388 3786.400000 3824.716003 0
389 3795.665000 3795.932033 12
390 3803.874000 3803.305431 8
391 3813.588000 3813.504705 20
392 3823.819000 3820.535359 11
393 3833.460000 3830.535359 0
394 3842.278000 3842.455427 20
395 3852.672000 3852.170686 16
396 3863.100000 3862.833423 18
397 3873.868000 3876.728531 9
398 3883.688000 3883.760854 12
399 3892.560000 3892.918986 18
400 3903.079000 3902.996197 17
401 3913.113000 3914.479585 15
402 3922.683000 3923.397354 13
403 3932.467000 3932.610328 12
404 3942.324000 3942.610328 0
405 3950.945000 3952.610328 0
406 3960.478000 3961.168323 15
407 3970.818000 3986.816169 8
408 3980.709000 3996.816169 0
409 3987.524000 3987.850183 12
410 3997.721000 3997.613415 18
411 4007.827000 4007.179712 17
412 4017.827000 4017.179712 0
413 4027.055000 4027.242866 14
414 4036.481000 4036.036424 18
415 4046.481000 4045.728763 19
416 4055.175000 4056.657239 13
417 4064.458000 4059.871239 10
418 4073.867000 4118.888826 8
419 4082.614000 4083.711921 8
420 4093.775000 4093.935788 8
421 4102.647000 4102.684952 16
422 4111.877000 4112.029753 12
423 4121.715000 4122.029753 0
424 4130.747000 4130.117176 14
425 4140.193000 4141.423790 17
426 4150.031000 4151.423790 0
427 4159.457000 4160.973201 9
428 4170.041000 4170.037158 22
429 4179.827000 4179.806248 22
430 4189.240000 4189.061072 9
431 4198.753000 4165.695764 10
432 4208.351000 4208.759662 8
433 4217.789000 4217.415174 20
434 4227.286000 4226.387937 12
435 4236.999000 4232.968218 9
436 4244.888000 4242.832623 17
437 4254.888000 4252.832623 0
438 4264.439000 4262.832623 0
439 4274.258000 4274.535375 16
440 4284.043000 4283.712887 13
441 4294.402000 4293.317561 20
442 4303.916000 4301.001147 15
443 4313.916000 4310.887987 15
444 4323.916000 4283.387138 9
445 4333.452000 4333.742033 20
446 4343.452000 4343.276043 16
447 4353.696000 4353.356908 12
448 4363.535000 4363.375413 16
449 4373.659000 4373.375413 0
450 4384.141000 4383.375413 0
451 4393.800000 4393.375413 0
452 4403.011000 4403.375413 0
453 4412.922000 4412.406902 21
454 4421.741000 4421.135276 27
455 4431.202000 4431.135276 0
456 4440.558000 4441.431860 21
457 4450.718000 4451.507959 16
458 4460.914000 4462.389169 14
459 4468.980000 4469.541339 17
460 4477.834000 4479.541339 0
461 4487.834000 4486.388645 11
462 4496.760000 4496.388645 0
463 4505.714000 4506.388645 0
464 4514.669000 4516.388645 0
465 4522.896000 4584.334579 10
466 4532.554000 4531.568565 8
467 4540.771000 4537.978855 9
468 4549.692000 4540.266291 12
469 4558.663000 4536.546888 9
470 4568.567000 4546.546888 0
471 4579.446000 4578.058109 11
472 4586.385000 4587.830027 17
473 4596.676000 4597.319595 12
474 4606.008000 4607.204361 15
475 4615.820000 4617.204361 0
476 4624.232000 4627.431928 10
477 4633.843000 4633.779501 18
478 4643.506000 4643.836406 15
479 4652.917000 4652.588778 14
480 4662.917000 4662.588778 0
481 4672.917000 4671.057325 9
