001 0.000000 0.286617 28
002 10.000000 9.798631 20
003 20.000000 23.193031 10
004 28.072000 29.246614 10
005 38.058000 38.704834 8
006 48.059000 48.069768 24
007 58.056000 59.756403 15
008 68.056000 68.230136 16
009 78.056000 77.835841 21
010 88.056000 88.550677 25
011 98.056000 97.823230 50
012 108.056000 107.902223 37
013 118.056000 118.594947 33
014 128.056000 128.348790 37
015 138.056000 137.844919 33
016 148.056000 148.383546 44
017 158.056000 157.915842 27
018 168.056000 167.882122 30
019 178.056000 178.094964 30
020 188.056000 188.442097 48
021 198.056000 198.109842 42
022 208.056000 207.933947 47
023 218.056000 217.205226 24
024 228.056000 227.205226 0
025 238.056000 239.794595 16
026 248.056000 248.129815 12
027 258.311000 259.367841 14
028 268.392000 268.670598 11
029 278.457000 275.713380 15
030 288.680000 288.838804 19
031 299.265000 299.852433 23
032 309.265000 283.428218 8
033 319.460000 316.257691 8
034 329.886000 326.257691 0
035 331.489000 336.257691 0
036 341.050000 346.257691 0
037 352.269000 356.257691 0
038 362.269000 375.008227 8
039 372.483000 371.355734 10
040 382.483000 385.096347 13
041 392.844000 391.689638 9
042 403.556000 404.571679 27
043 414.326000 414.571679 0
044 424.449000 424.571679 0
045 434.768000 434.876503 16
046 444.768000 525.911441 9
047 452.651000 491.797795 8
048 462.775000 487.992259 9
049 472.194000 497.992259 0
050 482.194000 482.122217 16
051 491.877000 491.306980 20
052 501.624000 501.805532 13
053 511.427000 510.305071 10
054 520.978000 520.797843 17
055 530.978000 530.797843 0
056 541.619000 540.797843 0
057 550.842000 550.797843 0
058 560.228000 560.878719 9
059 569.286000 568.811477 17
060 578.659000 576.259797 11
061 588.915000 585.051078 12
062 598.555000 595.051078 0
063 608.681000 610.115056 16
064 619.259000 620.819127 14
065 628.721000 628.520450 23
066 638.369000 637.192301 8
067 647.991000 647.192301 0
068 657.851000 662.115411 11
069 666.916000 667.323830 18
070 675.899000 675.555685 23
071 685.573000 684.897400 13
072 695.248000 694.889140 19
073 705.586000 705.742341 11
074 715.395000 715.742341 0
075 725.261000 725.029938 14
076 734.717000 818.073172 8
077 745.217000 745.033098 12
078 755.217000 754.859566 15
079 764.858000 763.486257 14
080 774.506000 773.486257 0
081 785.429000 783.486257 0
082 796.513000 796.646859 16
083 806.746000 806.433234 9
084 816.819000 816.608542 18
085 826.819000 825.565487 16
086 836.249000 835.565487 0
087 846.163000 845.726337 17
088 856.163000 855.630151 9
089 864.873000 863.101778 15
090 873.220000 873.396578 17
091 883.027000 883.468923 14
092 892.860000 893.468923 0
093 902.860000 903.914179 9
094 912.210000 911.565563 17
095 921.433000 921.082739 14
096 931.433000 931.491163 20
097 940.742000 941.416095 10
098 949.547000 951.416095 0
099 958.617000 961.416095 0
100 968.324000 1048.674900 11
101 977.329000 977.777340 17
102 987.329000 987.840255 22
103 997.595000 986.088351 9
104 1007.336000 1006.904768 18
105 1017.463000 1016.904768 0
106 1028.014000 1038.408425 10
107 1037.881000 1048.408425 0
108 1046.619000 1046.819428 21
109 1056.878000 1056.593867 20
110 1066.607000 1065.716374 12
111 1076.607000 1075.716374 0
112 1085.691000 1085.716374 0
113 1095.691000 1095.983301 17
114 1104.986000 1109.550493 11
115 1115.086000 1114.480384 25
116 1124.734000 1124.480384 0
117 1133.904000 1134.480384 0
118 1143.738000 1151.227567 10
119 1153.068000 1161.535461 8
120 1162.582000 1162.984765 19
121 1172.470000 1172.984765 0
122 1181.693000 1181.023638 11
123 1191.553000 1191.023638 0
124 1201.148000 1201.023638 0
125 1211.148000 1210.287231 12
126 1220.338000 1222.897234 11
127 1229.986000 1228.387246 10
128 1239.076000 1237.582626 12
129 1249.076000 1247.582626 0
130 1257.800000 1232.443212 10
131 1267.668000 1242.443212 0
132 1278.014000 1278.177456 21
133 1288.014000 1286.269864 21
134 1297.789000 1297.947674 24
135 1307.517000 1356.783370 8
136 1317.517000 1318.382127 17
137 1327.250000 1330.585321 9
138 1336.985000 1337.073981 27
139 1346.985000 1347.729512 15
140 1356.581000 1356.047448 11
141 1365.299000 1364.291113 17
142 1375.105000 1377.504818 14
143 1385.579000 1347.563145 8
144 1395.579000 1396.530373 22
145 1405.579000 1406.234839 17
146 1415.931000 1415.806568 18
147 1425.340000 1423.981130 8
148 1434.351000 1433.483325 10
149 1443.813000 1390.218868 8
150 1453.703000 1453.466557 20
151 1463.450000 1463.466557 0
152 1471.333000 1473.466557 0
153 1481.566000 1482.736232 13
154 1491.044000 1485.300921 10
155 1500.579000 1507.440146 8
156 1510.173000 1517.440146 0
157 1520.607000 1522.502320 11
158 1530.868000 1532.502320 0
159 1540.607000 1542.502320 0
160 1549.968000 1567.827834 10
161 1560.345000 1521.809162 12
162 1570.539000 1570.022880 18
163 1579.858000 1580.085860 21
164 1589.858000 1590.085860 0
165 1599.858000 1598.288252 8
166 1610.086000 1608.288252 0
167 1620.615000 1620.717114 17
168 1631.827000 1630.717114 0
169 1641.168000 1641.002762 24
170 1651.300000 1651.307072 10
171 1663.636000 1661.307072 0
172 1672.749000 1672.189218 18
173 1683.172000 1682.189218 0
174 1693.095000 1692.832750 20
175 1702.956000 1701.188662 11
176 1713.607000 1711.188662 0
177 1724.031000 1721.188662 0
178 1734.031000 1731.188662 0
179 1742.838000 1744.451910 14
180 1752.449000 1751.212559 11
181 1760.542000 1759.894738 11
182 1770.715000 1769.282787 8
183 1780.992000 1779.282787 0
184 1790.832000 1789.282787 0
185 1800.832000 1799.793459 19
186 1810.721000 1810.780497 31
187 1820.617000 1820.711585 20
188 1830.360000 1830.253656 23
189 1840.013000 1839.406912 23
190 1849.209000 1849.406912 0
191 1860.090000 1859.406912 0
192 1869.680000 1872.503596 11
193 1879.478000 1879.302849 20
194 1889.402000 1889.371416 20
195 1899.097000 1897.560498 17
196 1908.417000 1955.562057 9
197 1917.757000 1965.562057 0
198 1926.911000 1928.693226 22
199 1937.293000 1937.619421 11
200 1946.883000 1947.619421 0
201 1954.809000 1953.870646 9
202 1964.620000 1964.625501 18
203 1974.782000 1974.625501 0
204 1985.579000 1988.245753 14
205 1995.308000 1995.571907 19
206 2005.308000 2005.571907 0
207 2015.204000 2015.571907 0
208 2024.919000 2023.628398 18
209 2034.823000 2033.628398 0
210 2044.823000 2045.162325 27
211 2053.733000 2055.162325 0
212 2065.736000 2065.404066 13
213 2075.432000 2074.885685 10
214 2085.432000 2084.885685 0
215 2095.640000 2094.885685 0
216 2105.535000 2104.885685 0
217 2116.249000 2116.530490 12
218 2125.944000 2125.708121 14
219 2135.944000 2136.337160 14
220 2146.477000 2146.337160 0
221 2156.339000 2156.337160 0
222 2166.172000 2165.954281 16
223 2176.248000 2175.954281 0
224 2185.589000 2185.954281 0
225 2195.326000 2195.858866 11
226 2205.520000 2203.332939 10
227 2217.024000 2219.045398 12
228 2227.821000 2228.241052 12
229 2237.286000 2236.894453 25
230 2246.071000 2246.255952 9
231 2256.071000 2256.736105 12
232 2265.092000 2264.168000 15
233 2275.092000 2272.674771 12
234 2284.908000 2284.512643 17
235 2294.908000 2294.493940 19
236 2304.609000 2304.179170 23
237 2314.609000 2314.179170 0
238 2324.304000 2324.473200 14
239 2334.304000 2334.473200 0
240 2344.486000 2344.698319 18
241 2353.057000 2354.449878 11
242 2362.985000 2364.449878 0
243 2372.520000 2413.372867 8
244 2381.683000 2423.372867 0
245 2392.797000 2433.372867 0
246 2402.524000 2403.216622 17
247 2412.524000 2413.100757 18
248 2422.603000 2421.566321 12
249 2432.623000 2432.270828 8
250 2442.623000 2441.099733 12
251 2451.774000 2451.099733 0
252 2461.676000 2461.099733 0
253 2470.754000 2471.099733 0
254 2481.214000 2481.301592 19
255 2491.098000 2491.301592 0
256 2500.447000 2501.301592 0
257 2509.765000 2508.867215 13
258 2518.890000 2520.311760 16
259 2529.280000 2530.311760 0
260 2538.944000 2539.510588 16
261 2548.529000 2549.137007 17
262 2558.036000 2559.137007 0
263 2567.093000 2565.940268 13
264 2575.836000 2585.291504 8
265 2585.931000 2586.864233 10
266 2595.244000 2596.864233 0
267 2605.244000 2605.122139 16
268 2615.042000 2617.354206 14
269 2624.843000 2624.299063 12
270 2635.057000 2636.720288 20
271 2645.270000 2646.720288 0
272 2654.752000 2655.613709 9
273 2664.938000 2666.802257 12
274 2674.439000 2674.146717 24
275 2684.201000 2682.304034 10
276 2693.355000 2692.304034 0
277 2703.021000 2703.340892 10
278 2712.409000 2712.277207 13
279 2722.955000 2722.865254 17
280 2733.351000 2733.989171 19
281 2743.508000 2743.395850 32
282 2753.438000 2753.395850 0
283 2763.906000 2765.421047 20
284 2774.276000 2845.005640 8
285 2783.156000 2783.135920 13
286 2792.350000 2793.135920 0
287 2802.543000 2803.135920 0
288 2812.446000 2813.135920 0
289 2821.794000 2823.135920 0
290 2830.771000 2832.721666 14
291 2841.083000 2840.516258 9
292 2851.257000 2851.078493 12
293 2861.257000 2861.078493 0
294 2871.591000 2871.078493 0
295 2880.480000 2881.078493 0
296 2890.480000 2891.967376 17
297 2900.383000 2899.627232 19
298 2910.232000 2909.179152 14
299 2920.525000 2920.545485 9
300 2930.148000 2930.545485 0
301 2939.843000 2940.545485 0
302 2949.985000 2951.504126 8
303 2959.411000 2960.130499 11
304 2969.411000 2970.130499 0
305 2979.660000 2979.473582 16
306 2989.373000 2989.473582 0
307 2999.373000 3003.636184 13
308 3009.156000 3013.636184 0
309 3018.995000 3022.153423 14
310 3028.707000 3028.569177 26
311 3038.277000 3038.569177 0
312 3046.041000 3046.131552 9
313 3054.913000 3056.131552 0
314 3064.767000 3066.131552 0
315 3074.767000 3074.280729 16
316 3084.516000 3084.138929 19
317 3092.780000 3092.146740 12
318 3102.278000 3100.313278 12
319 3113.010000 3110.313278 0
320 3122.474000 3124.173603 11
321 3132.329000 3131.733338 18
322 3140.879000 3140.811871 14
323 3150.790000 3151.188836 12
324 3160.555000 3155.250696 12
325 3169.624000 3165.250696 0
326 3177.834000 3175.250696 0
327 3187.548000 3130.193153 10
328 3198.656000 3198.170687 15
329 3208.441000 3207.930790 14
330 3217.491000 3217.930790 0
331 3228.026000 3224.152980 10
332 3238.294000 3244.658165 9
333 3248.222000 3254.658165 0
334 3258.222000 3257.562552 14
335 3267.432000 3266.991186 19
336 3277.002000 3272.981847 15
337 3287.002000 3285.621693 9
338 3297.002000 3264.265328 10
339 3307.002000 3308.044478 17
340 3316.855000 3318.187182 9
341 3326.855000 3328.187182 0
342 3335.816000 3338.187182 0
343 3346.780000 3345.958051 11
344 3357.496000 3358.069136 17
345 3367.780000 3367.983969 22
346 3377.690000 3377.983969 0
347 3387.331000 3387.799490 10
348 3397.331000 3397.799490 0
349 3403.895000 3407.799490 0
350 3413.895000 3417.799490 0
351 3423.625000 3424.788128 13
352 3434.501000 3434.788128 0
353 3444.227000 3443.582310 10
354 3454.999000 3453.142131 11
355 3464.135000 3464.314376 24
356 3474.135000 3474.314376 0
357 3484.135000 3484.637697 18
358 3493.815000 3494.657941 14
359 3503.474000 3503.198269 16
360 3513.133000 3513.198269 0
361 3522.614000 3522.586275 20
362 3532.614000 3499.232957 9
363 3540.698000 3499.944773 8
364 3549.319000 3549.858131 11
365 3560.035000 3559.858131 0
366 3570.427000 3567.196763 13
367 3579.853000 3578.236490 12
368 3588.868000 3588.236490 0
369 3597.758000 3598.236490 0
370 3608.598000 3608.236490 0
371 3619.205000 3619.716743 10
372 3630.495000 3630.292772 18
373 3639.841000 3638.759774 17
374 3650.150000 3648.759774 0
375 3658.773000 3658.759774 0
376 3669.988000 3668.759774 0
377 3675.443000 3678.759774 0
378 3686.082000 3686.275610 13
379 3696.082000 3696.275610 0
380 3707.480000 3719.402034 9
381 3717.480000 3729.402034 0
382 3727.480000 3739.402034 0
383 3737.086000 3736.702091 10
384 3746.943000 3746.654484 10
385 3756.241000 3753.617794 10
386 3766.400000 3763.617794 0
387 3776.400000 3814.521827 12
388 3786.400000 3824.521827 0
389 3795.665000 3795.528810 14
390 3803.874000 3804.172960 9
391 3813.588000 3813.308497 21
392 3823.819000 3823.170710 10
393 3833.460000 3814.415504 9
394 3842.278000 3842.470417 19
395 3852.672000 3852.130828 20
396 3863.100000 3862.932364 15
397 3873.868000 3876.510347 9
398 3883.688000 3883.264043 15
399 3892.560000 3893.264043 0
400 3903.079000 3902.997835 16
401 3913.113000 3914.538137 16
402 3922.683000 3923.397354 13
403 3932.467000 3932.167714 12
404 3942.324000 3942.167714 0
405 3950.945000 3952.167714 0
406 3960.478000 3930.895467 8
407 3970.818000 3940.895467 0
408 3980.709000 3950.895467 0
409 3987.524000 3987.708645 12
410 3997.721000 3997.912151 20
411 4007.827000 4006.451302 16
412 4017.827000 4016.451302 0
413 4027.055000 4027.554448 14
414 4036.481000 4036.291570 19
415 4046.481000 4045.845936 18
416 4055.175000 4056.179091 12
417 4064.458000 4066.179091 0
418 4073.867000 4118.943750 10
419 4082.614000 4083.525409 8
420 4093.775000 4093.525409 0
421 4102.647000 4102.684952 16
422 4111.877000 4112.029753 12
423 4121.715000 4122.029753 0
424 4130.747000 4132.029753 0
425 4140.193000 4142.000469 16
426 4150.031000 4152.000469 0
427 4159.457000 4162.000469 0
428 4170.041000 4170.028757 25
429 4179.827000 4179.983218 22
430 4189.240000 4189.166900 10
431 4198.753000 4165.914502 9
432 4208.351000 4209.429102 9
433 4217.789000 4217.439602 20
434 4227.286000 4226.387937 12
435 4236.999000 4235.730424 16
436 4244.888000 4243.037038 19
437 4254.888000 4253.037038 0
438 4264.439000 4263.037038 0
439 4274.258000 4274.768263 15
440 4284.043000 4283.713425 13
441 4294.402000 4293.558459 19
442 4303.916000 4303.558459 0
443 4313.916000 4311.491736 16
444 4323.916000 4327.155140 12
445 4333.452000 4333.889443 22
446 4343.452000 4344.548252 15
447 4353.696000 4353.525181 13
448 4363.535000 4363.489078 16
449 4373.659000 4373.489078 0
450 4384.141000 4383.489078 0
451 4393.800000 4393.489078 0
452 4403.011000 4403.489078 0
453 4412.922000 4412.530905 26
454 4421.741000 4420.116962 24
455 4431.202000 4430.116962 0
456 4440.558000 4441.528547 18
457 4450.718000 4450.309299 17
458 4460.914000 4460.257548 14
459 4468.980000 4469.729575 16
460 4477.834000 4478.931786 12
461 4487.834000 4483.695962 9
462 4496.760000 4493.695962 0
463 4505.714000 4503.695962 0
464 4514.669000 4513.695962 0
465 4522.896000 4523.695962 0
466 4532.554000 4533.695962 0
467 4540.771000 4540.267521 12
468 4549.692000 4537.274973 11
469 4558.663000 4536.546888 9
470 4568.567000 4546.546888 0
471 4579.446000 4577.464073 9
472 4586.385000 4588.377506 16
473 4596.676000 4597.244600 13
474 4606.008000 4607.227985 13
475 4615.820000 4617.227985 0
476 4624.232000 4627.323716 10
477 4633.843000 4633.768963 19
478 4643.506000 4644.533056 17
479 4652.917000 4653.200543 17
480 4662.917000 4663.200543 0
481 4672.917000 4671.782910 9
