001 0.000000 0.042348 86
002 10.000000 9.982550 30
003 20.000000 20.240458 20
004 30.000000 29.695380 30
005 39.500000 39.481220 24
006 49.500000 49.488212 44
007 59.500000 59.494508 27
008 69.500000 69.489243 49
009 79.500000 79.461270 33
010 89.500000 89.475462 58
011 99.500000 99.281788 54
012 109.500000 109.450374 59
013 119.495000 119.718993 56
014 129.495000 129.387052 76
015 139.495000 139.470532 66
016 149.495000 149.379636 58
017 159.495000 159.504073 80
018 169.495000 169.461508 53
019 179.496000 179.620432 73
020 189.496000 189.561042 71
021 199.496000 199.458571 82
022 209.496000 209.652345 54
023 219.496000 219.496675 59
024 229.496000 229.213777 38
025 239.496000 240.457266 26
026 249.496000 250.477614 19
027 257.833000 258.998765 22
028 268.070000 268.961641 22
029 278.273000 277.516258 30
030 288.681000 286.796121 23
031 299.870000 300.627362 35
032 309.155000 308.896150 20
033 319.459000 318.896150 0
034 327.623000 328.896150 0
035 333.710000 392.041383 12
036 343.710000 328.354614 8
037 353.913000 367.657126 8
038 362.483000 372.013407 11
039 374.999000 453.598622 8
040 385.304000 384.742432 26
041 395.507000 396.333538 23
042 405.814000 406.055033 44
043 416.151000 395.114594 18
044 426.151000 426.322212 13
045 436.526000 437.034609 29
046 446.591000 444.671281 12
047 454.821000 454.446382 20
048 464.821000 464.446382 0
049 473.425000 474.446382 0
050 483.288000 484.370033 17
051 493.185000 494.074253 29
052 502.674000 502.740337 32
053 512.129000 512.075170 18
054 521.822000 521.844144 19
055 532.195000 531.844144 0
056 540.665000 541.844144 0
057 550.665000 551.844144 0
058 560.936000 561.629164 18
059 570.219000 569.909123 23
060 580.219000 579.913711 19
061 590.965000 625.614786 9
062 600.454000 600.519412 28
063 610.340000 611.899773 20
064 620.425000 621.002368 41
065 630.553000 630.595900 21
066 641.140000 640.595900 0
067 650.220000 650.595900 0
068 660.064000 659.842816 31
069 670.064000 669.842816 0
070 679.938000 679.320346 24
071 689.580000 689.490792 45
072 699.835000 699.295767 13
073 709.835000 709.319709 18
074 719.292000 719.319709 0
075 729.031000 730.319905 15
076 738.875000 739.841824 17
077 748.746000 749.807561 17
078 758.152000 758.113631 22
079 767.529000 805.541198 12
080 777.609000 815.541198 0
081 787.844000 788.227107 21
082 798.130000 798.521256 30
083 808.001000 807.737833 18
084 818.288000 818.708509 36
085 828.471000 826.976990 24
086 837.900000 840.029617 10
087 848.134000 848.793645 18
088 857.721000 857.174037 16
089 866.734000 866.668857 13
090 875.852000 876.107978 26
091 885.852000 885.591987 15
092 894.867000 870.017655 8
093 904.998000 905.200496 19
094 914.582000 914.755234 13
095 924.168000 924.687223 20
096 934.168000 934.098441 20
097 943.521000 944.098441 0
098 952.743000 951.515033 26
099 962.718000 961.515033 0
100 972.147000 972.598115 26
101 982.147000 981.768585 36
102 991.915000 991.926385 27
103 1002.124000 1001.312725 21
104 1012.593000 1011.312725 0
105 1022.696000 998.106102 10
106 1032.179000 1032.790046 21
107 1041.271000 1041.806768 28
108 1051.090000 1051.551572 27
109 1061.324000 1061.661694 19
110 1071.092000 1071.074411 25
111 1081.067000 1078.382601 12
112 1090.341000 1090.469496 14
113 1100.264000 1101.149850 18
114 1110.601000 1110.746471 31
115 1120.188000 1119.921367 19
116 1129.695000 1129.505486 22
117 1139.543000 1140.359346 20
118 1148.939000 1149.230661 16
119 1159.306000 1159.830206 13
120 1168.955000 1169.307071 17
121 1178.580000 1177.093129 10
122 1188.580000 1187.093129 0
123 1198.222000 1199.294731 24
124 1208.379000 1208.487817 20
125 1218.491000 1219.195789 15
126 1228.491000 1228.047508 18
127 1237.938000 1237.593240 19
128 1248.097000 1275.227792 10
129 1257.411000 1259.659855 9
130 1267.338000 1267.187739 10
131 1277.474000 1276.732468 24
132 1287.371000 1286.819972 10
133 1295.957000 1296.819972 0
134 1306.140000 1306.819972 0
135 1316.557000 1316.819972 0
136 1325.905000 1325.701964 17
137 1336.205000 1336.391122 31
138 1346.205000 1345.982247 28
139 1355.472000 1355.304016 19
140 1365.786000 1365.304016 0
141 1375.106000 1376.374530 19
142 1384.732000 1386.374530 0
143 1394.373000 1394.295123 24
144 1403.969000 1403.589740 28
145 1413.772000 1413.046678 12
146 1423.807000 1421.450413 13
147 1432.759000 1448.914786 9
148 1442.185000 1443.358839 14
149 1452.185000 1452.156567 28
150 1461.552000 1461.253398 15
151 1469.403000 1467.837204 10
152 1481.218000 1481.828545 21
153 1491.130000 1491.344157 15
154 1501.296000 1502.382072 10
155 1511.430000 1563.741595 12
156 1521.754000 1573.741595 0
157 1531.842000 1638.465174 8
158 1540.884000 1648.465174 0
159 1551.794000 1658.465174 0
160 1561.076000 1668.465174 0
161 1570.996000 1645.620538 8
162 1580.996000 1655.620538 0
163 1590.875000 1665.620538 0
164 1600.220000 1662.085758 10
165 1609.660000 1672.085758 0
166 1616.952000 1617.652023 22
167 1627.628000 1635.647866 13
168 1638.073000 1638.440420 26
169 1647.976000 1648.097115 16
170 1659.699000 1658.097115 0
171 1669.718000 1669.453031 22
172 1680.298000 1680.330384 21
173 1690.007000 1690.641161 18
174 1700.007000 1699.647209 26
175 1710.047000 1710.187299 16
176 1719.833000 1719.860583 25
177 1729.931000 1729.256265 17
178 1740.105000 1740.095682 17
179 1750.008000 1750.082072 28
180 1759.659000 1759.597453 15
181 1768.983000 1770.874379 12
182 1778.325000 1776.556308 10
183 1786.836000 1819.887281 11
184 1796.991000 1829.887281 0
185 1806.991000 1807.508836 24
186 1817.339000 1818.040210 16
187 1826.856000 1826.867955 53
188 1836.740000 1837.178813 18
189 1847.455000 1847.178813 0
190 1858.635000 1857.178813 0
191 1868.326000 1869.309248 17
192 1878.248000 1878.656405 19
193 1887.920000 1887.369102 30
194 1897.340000 1896.067448 15
195 1905.560000 1904.366510 10
196 1915.773000 1914.366510 0
197 1925.308000 1925.784820 24
198 1935.308000 1935.350159 8
199 1945.308000 1945.269242 22
200 1955.077000 1952.914148 16
201 1964.709000 1962.914148 0
202 1974.265000 1972.914148 0
203 1984.091000 1985.299002 28
204 1994.419000 2074.145478 13
205 2003.917000 2003.138339 19
206 2014.342000 2013.924075 9
207 2024.342000 2024.492217 21
208 2034.748000 2020.610190 8
209 2044.497000 2045.031376 13
210 2052.930000 2054.169292 8
211 2063.510000 2062.296942 21
212 2073.510000 2073.523854 30
213 2083.181000 2083.273181 26
214 2092.775000 2125.106003 9
215 2102.699000 2102.872818 23
216 2113.085000 2113.399717 9
217 2122.582000 2123.039237 27
218 2132.582000 2132.683181 8
219 2142.621000 2142.966834 19
220 2152.621000 2141.124649 11
221 2162.408000 2162.544107 24
222 2171.964000 2172.184079 18
223 2181.132000 2180.084140 14
224 2192.079000 2192.746550 20
225 2201.906000 2200.961303 30
226 2212.564000 2206.519266 14
227 2222.486000 2222.255869 33
228 2231.635000 2231.339713 23
229 2240.552000 2239.935108 17
230 2248.869000 2249.191602 11
231 2259.720000 2260.511146 22
232 2269.584000 2270.511146 0
233 2279.663000 2279.736017 8
234 2289.295000 2289.647159 21
235 2299.140000 2298.684756 23
236 2308.309000 2308.126437 34
237 2318.309000 2317.106407 11
238 2328.433000 2328.028917 10
239 2338.700000 2338.290925 28
240 2348.841000 2348.290925 0
241 2357.638000 2358.205547 14
242 2367.556000 2365.679424 16
243 2377.556000 2377.100978 11
244 2387.492000 2387.975179 32
245 2397.492000 2397.975179 0
246 2407.245000 2407.052396 30
247 2416.888000 2416.953658 18
248 2426.625000 2426.477345 34
249 2436.625000 2435.697843 22
250 2446.625000 2445.697843 0
251 2455.791000 2475.900763 11
252 2465.563000 2465.253856 9
253 2475.219000 2475.510031 39
254 2484.752000 2484.257454 22
255 2494.345000 2494.117870 12
256 2503.590000 2503.587414 20
257 2513.327000 2513.587414 0
258 2522.425000 2523.587414 0
259 2532.425000 2533.513941 18
260 2542.010000 2542.813606 17
261 2551.132000 2551.048225 19
262 2560.594000 2557.969402 22
263 2569.813000 2566.976609 11
264 2579.056000 2576.976609 0
265 2588.033000 2587.492772 20
266 2597.181000 2597.701721 18
267 2607.181000 2606.590156 17
268 2616.802000 2615.682675 22
269 2625.949000 2625.463193 20
270 2635.336000 2614.049158 8
271 2645.336000 2645.689565 15
272 2654.752000 2656.226411 8
273 2664.938000 2664.022793 18
274 2673.879000 2672.714891 15
275 2684.329000 2683.991693 19
276 2693.608000 2692.304353 27
277 2703.396000 2703.349063 19
278 2712.325000 2712.737544 12
279 2723.233000 2723.938652 35
280 2733.586000 2733.259812 16
281 2743.313000 2742.960664 20
282 2753.123000 2752.960664 0
283 2760.110000 2760.328121 14
284 2770.319000 2770.440354 11
285 2780.069000 2779.899862 27
286 2790.069000 2789.745679 18
287 2800.298000 2797.291157 10
288 2810.104000 2810.031744 28
289 2819.480000 2819.947433 22
290 2829.025000 2826.851979 25
291 2839.102000 2839.798400 13
292 2849.021000 2849.246023 17
293 2858.916000 2859.061048 17
294 2869.329000 2851.788173 9
295 2877.668000 2861.788173 0
296 2887.442000 2887.614481 28
297 2897.795000 2897.603608 26
298 2907.293000 2907.211957 18
299 2917.175000 2917.107011 28
300 2926.998000 2925.777451 11
301 2935.746000 2935.777451 0
302 2945.436000 2944.911206 12
303 2955.356000 2958.294530 13
304 2964.522000 2964.079362 15
305 2974.983000 2974.944152 13
306 2985.603000 2984.819930 20
307 2995.729000 2994.819930 0
308 3006.629000 3005.491628 21
309 3014.953000 3016.005669 15
310 3024.823000 3024.208663 22
311 3034.477000 3033.063966 13
312 3043.168000 3080.373592 13
313 3051.342000 3051.083236 28
314 3061.468000 3062.029359 17
315 3071.381000 3070.718373 21
316 3080.242000 3079.226231 18
317 3090.518000 3088.585520 9
318 3099.379000 3099.961964 28
319 3109.614000 3108.526119 15
320 3119.010000 3118.526119 0
321 3128.279000 3129.052420 28
322 3137.870000 3136.688690 22
323 3146.021000 3146.343022 22
324 3155.866000 3155.293317 37
325 3165.193000 3162.445171 8
326 3174.701000 3172.445171 0
327 3184.357000 3184.460549 18
328 3194.357000 3195.238800 21
329 3204.267000 3204.349113 20
330 3213.801000 3213.839476 20
331 3224.560000 3224.314092 12
332 3234.264000 3233.442491 21
333 3244.615000 3244.732439 13
334 3253.814000 3254.735758 18
335 3263.814000 3264.014911 22
336 3273.940000 3273.747286 35
337 3283.138000 3280.981663 13
338 3294.383000 3290.981663 0
339 3302.959000 3304.336310 14
340 3312.556000 3314.336310 0
341 3323.005000 3326.062449 18
342 3334.161000 3333.595977 11
343 3344.480000 3344.176299 21
344 3354.582000 3354.176299 0
345 3364.582000 3365.309144 18
346 3374.424000 3374.558989 17
347 3384.424000 3384.752192 17
348 3394.511000 3394.582257 25
349 3404.275000 3403.692821 17
350 3414.420000 3415.900230 13
351 3423.839000 3424.681945 11
352 3434.227000 3434.681945 0
353 3443.973000 3444.051080 24
354 3454.135000 3454.128840 24
355 3463.796000 3463.611589 35
356 3473.317000 3473.611589 0
357 3483.002000 3482.633538 24
358 3491.710000 3491.962811 23
359 3501.231000 3501.317289 22
360 3511.079000 3510.562827 28
361 3520.698000 3520.683024 32
362 3530.154000 3530.163376 15
363 3539.741000 3539.785379 25
364 3549.838000 3549.785379 0
365 3559.823000 3560.115987 9
366 3571.457000 3571.556480 12
367 3581.369000 3577.853279 20
368 3590.500000 3589.361216 13
369 3600.241000 3599.361216 0
370 3610.648000 3610.884699 12
371 3620.496000 3619.411777 11
372 3631.869000 3631.761705 32
373 3640.968000 3640.898276 23
374 3651.042000 3649.991213 13
375 3660.726000 3659.991213 0
376 3667.063000 3664.774662 12
377 3675.057000 3676.476077 8
378 3686.171000 3686.182103 18
379 3694.652000 3696.182103 0
380 3705.060000 3718.708716 11
381 3715.001000 3712.156552 29
382 3725.044000 3718.890844 25
383 3733.674000 3728.890844 0
384 3743.809000 3745.155936 15
385 3753.461000 3753.596914 31
386 3763.193000 3762.754584 20
387 3772.288000 3757.281694 8
388 3781.697000 3782.823901 31
389 3791.239000 3791.088204 34
390 3799.153000 3801.431270 15
391 3809.153000 3809.371297 14
392 3818.946000 3819.371297 0
393 3828.946000 3875.608743 11
394 3839.290000 3839.246819 27
395 3849.127000 3849.013973 20
396 3859.366000 3858.877056 18
397 3869.880000 3870.018570 19
398 3879.793000 3879.171775 19
399 3889.165000 3888.386249 15
400 3898.538000 3901.103896 21
401 3908.473000 3908.892656 15
402 3918.296000 3918.386513 27
403 3928.034000 3927.466456 14
404 3937.025000 3936.032818 14
405 3945.670000 3945.439926 27
406 3954.797000 3957.504784 17
407 3963.756000 3964.903101 21
408 3975.048000 3974.979749 25
409 3981.645000 3984.979749 0
410 3992.690000 3992.693495 32
411 4002.457000 4002.357331 27
412 4011.982000 4011.024469 32
413 4021.430000 4020.821120 12
414 4030.624000 4030.604700 20
415 4040.513000 4040.848482 21
416 4049.727000 4049.378604 13
417 4058.371000 4059.378604 0
418 4068.258000 4066.839741 11
419 4076.974000 4119.323787 13
420 4085.661000 4129.323787 0
421 4096.585000 4096.887829 18
422 4105.894000 4106.322364 37
423 4115.448000 4114.656495 17
424 4123.311000 4122.404952 22
425 4132.804000 4132.625725 13
426 4142.148000 4143.672853 23
427 4151.574000 4150.959480 14
428 4160.897000 4160.675300 14
429 4170.041000 4170.288216 23
430 4180.202000 4179.808404 24
431 4189.466000 4188.466701 28
432 4198.878000 4199.143030 17
433 4208.352000 4207.850987 28
434 4218.124000 4218.486047 39
435 4228.124000 4227.774940 26
436 4237.399000 4230.150183 11
437 4245.914000 4245.805001 24
438 4255.326000 4255.805001 0
439 4264.948000 4264.532934 23
440 4274.331000 4274.630531 33
441 4284.331000 4284.647895 19
442 4294.866000 4295.308158 21
443 4304.488000 4303.413963 34
444 4314.081000 4295.212842 12
445 4323.524000 4325.371678 13
446 4333.314000 4333.543918 34
447 4342.679000 4342.884020 33
448 4351.252000 4351.670538 18
449 4361.175000 4360.870330 28
450 4371.247000 4366.864123 12
451 4380.061000 4376.864123 0
452 4388.724000 4388.336860 22
453 4397.957000 4398.614616 20
454 4408.286000 4408.672059 18
455 4418.401000 4417.489095 39
456 4427.665000 4427.489095 0
457 4437.586000 4437.962299 23
458 4447.586000 4447.403427 28
459 4457.586000 4456.901082 25
460 4466.965000 4467.373757 31
461 4476.557000 4475.571259 15
462 4485.941000 4485.571259 0
463 4495.941000 4527.781596 11
464 4504.556000 4537.781596 0
465 4514.556000 4547.781596 0
466 4524.310000 4522.218585 14
467 4532.555000 4531.118903 9
468 4542.555000 4585.353284 14
469 4551.201000 4550.327499 29
470 4561.332000 4564.678973 10
471 4572.125000 4574.678973 0
472 4581.268000 4586.772582 15
473 4590.771000 4590.808635 16
474 4600.003000 4643.255671 17
475 4610.003000 4610.442630 25
476 4619.399000 4576.856361 16
477 4627.343000 4627.421200 13
478 4636.335000 4636.056682 28
479 4646.109000 4645.809608 24
480 4655.421000 4654.647140 19
481 4665.421000 4665.035873 39
