001 0.000000 -0.271970 91
002 10.000000 9.979713 30
003 20.000000 20.591200 21
004 30.000000 29.713775 28
005 39.500000 39.484778 23
006 49.500000 49.502525 45
007 59.500000 59.465109 25
008 69.500000 69.480892 51
009 79.500000 79.466237 33
010 89.500000 89.505262 56
011 99.500000 99.473352 57
012 109.500000 109.574624 64
013 119.495000 119.541087 49
014 129.495000 129.380718 73
015 139.495000 139.515566 72
016 149.495000 149.497751 59
017 159.495000 159.462008 83
018 169.495000 169.462760 59
019 179.496000 179.512618 63
020 189.496000 189.561467 68
021 199.496000 199.447653 83
022 209.496000 209.518498 48
023 219.496000 219.507125 55
024 229.496000 229.153669 37
025 239.496000 240.625111 30
026 249.496000 250.371677 23
027 257.833000 259.715946 14
028 268.070000 269.541493 22
029 278.273000 277.349838 29
030 288.681000 285.108241 12
031 299.870000 299.562267 35
032 309.155000 308.888942 18
033 319.459000 318.888942 0
034 327.623000 328.888942 0
035 333.710000 395.368428 10
036 343.710000 405.368428 0
037 353.913000 367.657126 8
038 362.483000 372.048173 11
039 374.999000 451.534944 10
040 385.304000 384.881034 28
041 395.507000 395.467911 17
042 405.814000 406.255941 37
043 416.151000 395.144046 15
044 426.151000 426.738605 12
045 436.526000 436.765779 28
046 446.591000 444.670032 8
047 454.821000 454.583059 17
048 464.821000 464.583059 0
049 473.425000 499.398623 8
050 483.288000 483.087529 15
051 493.185000 493.749949 31
052 502.674000 502.508612 31
053 512.129000 512.151187 12
054 521.822000 518.671210 10
055 532.195000 530.929920 8
056 540.665000 540.929920 0
057 550.665000 550.929920 0
058 560.936000 561.104229 14
059 570.219000 569.715848 24
060 580.219000 579.002656 14
061 590.965000 625.103189 13
062 600.454000 600.510724 29
063 610.340000 611.824245 22
064 620.425000 620.864657 38
065 630.553000 630.799453 21
066 641.140000 640.799453 0
067 650.220000 650.799453 0
068 660.064000 660.129323 34
069 670.064000 670.129323 0
070 679.938000 679.862735 22
071 689.580000 689.799876 42
072 699.835000 699.519398 13
073 709.835000 709.304509 16
074 719.292000 719.304509 0
075 729.031000 729.304509 0
076 738.875000 739.063739 14
077 748.746000 749.048673 16
078 758.152000 757.920286 25
079 767.529000 803.963870 14
080 777.609000 813.963870 0
081 787.844000 788.423556 20
082 798.130000 798.306249 31
083 808.001000 807.911177 20
084 818.288000 819.035105 36
085 828.471000 827.767072 26
086 837.900000 838.097124 15
087 848.134000 848.916871 11
088 857.721000 857.518808 15
089 866.734000 867.116161 15
090 875.852000 875.724090 22
091 885.852000 886.011801 17
092 894.867000 896.011801 0
093 904.998000 905.167070 21
094 914.582000 914.434887 23
095 924.168000 925.030956 22
096 934.168000 933.953743 23
097 943.521000 928.915215 8
098 952.743000 951.609389 20
099 962.718000 962.787741 12
100 972.147000 972.474048 22
101 982.147000 982.092669 30
102 991.915000 991.834609 28
103 1002.124000 1000.771710 16
104 1012.593000 1010.771710 0
105 1022.696000 1023.448219 8
106 1032.179000 1031.881714 16
107 1041.271000 1041.399267 25
108 1051.090000 1050.663185 24
109 1061.324000 1060.841196 19
110 1071.092000 1069.922191 17
111 1081.067000 1079.922191 0
112 1090.341000 1090.261402 9
113 1100.264000 1101.271479 19
114 1110.601000 1110.128171 25
115 1120.188000 1119.743111 18
116 1129.695000 1129.485282 15
117 1139.543000 1140.165154 24
118 1148.939000 1149.038723 21
119 1159.306000 1159.612757 21
120 1168.955000 1168.973416 18
121 1178.580000 1230.416076 10
122 1188.580000 1237.793785 10
123 1198.222000 1198.900448 20
124 1208.379000 1208.497580 19
125 1218.491000 1220.554617 15
126 1228.491000 1228.406581 12
127 1237.938000 1237.440128 17
128 1248.097000 1275.837274 11
129 1257.411000 1285.837274 0
130 1267.338000 1268.067058 9
131 1277.474000 1278.321642 14
132 1287.371000 1286.568116 12
133 1295.957000 1296.568116 0
134 1306.140000 1306.243286 16
135 1316.557000 1316.243286 0
136 1325.905000 1326.445696 19
137 1336.205000 1336.180777 32
138 1346.205000 1345.914190 24
139 1355.472000 1355.353806 19
140 1365.786000 1409.630239 8
141 1375.106000 1338.423208 8
142 1384.732000 1340.680150 11
143 1394.373000 1394.254849 23
144 1403.969000 1404.231825 35
145 1413.772000 1411.834224 14
146 1423.807000 1421.214850 14
147 1432.759000 1431.898322 10
148 1442.185000 1446.335694 13
149 1452.185000 1452.065090 31
150 1461.552000 1460.451850 11
151 1469.403000 1468.094211 9
152 1481.218000 1482.123870 20
153 1491.130000 1489.622453 8
154 1501.296000 1499.622453 0
155 1511.430000 1512.322310 9
156 1521.754000 1521.703661 8
157 1531.842000 1531.409750 10
158 1540.884000 1541.409750 0
159 1551.794000 1551.866712 19
160 1561.076000 1561.508376 25
161 1570.996000 1570.941637 12
162 1580.996000 1582.365990 29
163 1590.875000 1592.365990 0
164 1600.220000 1602.365990 0
165 1609.660000 1612.365990 0
166 1616.952000 1618.081044 15
167 1627.628000 1630.582128 16
168 1638.073000 1638.361976 32
169 1647.976000 1648.423857 9
170 1659.699000 1636.640911 9
171 1669.718000 1669.046748 20
172 1680.298000 1681.197005 12
173 1690.007000 1690.884732 21
174 1700.007000 1700.144328 26
175 1710.047000 1710.556212 22
176 1719.833000 1719.968353 26
177 1729.931000 1729.436508 20
178 1740.105000 1740.081902 23
179 1750.008000 1750.200615 31
180 1759.659000 1759.583071 16
181 1768.983000 1769.992750 13
182 1778.325000 1776.572599 13
183 1786.836000 1819.492654 10
184 1796.991000 1829.492654 0
185 1806.991000 1807.565390 21
186 1817.339000 1817.432235 15
187 1826.856000 1826.879299 50
188 1836.740000 1837.471341 18
189 1847.455000 1834.543959 8
190 1858.635000 1844.543959 0
191 1868.326000 1870.135376 15
192 1878.248000 1877.966116 20
193 1887.920000 1887.176761 30
194 1897.340000 1895.314851 19
195 1905.560000 1903.918971 8
196 1915.773000 1917.961463 19
197 1925.308000 1925.809773 27
198 1935.308000 1935.809773 0
199 1945.308000 1945.651525 15
200 1955.077000 1953.082474 12
201 1964.709000 1963.082474 0
202 1974.265000 1973.082474 0
203 1984.091000 1984.210030 34
204 1994.419000 1996.268773 14
205 2003.917000 2003.121159 14
206 2014.342000 2013.702358 8
207 2024.342000 2025.313300 20
208 2034.748000 2035.313300 0
209 2044.497000 2043.833404 18
210 2052.930000 2054.857536 14
211 2063.510000 2066.616417 19
212 2073.510000 2073.056913 30
213 2083.181000 2082.955098 20
214 2092.775000 2092.955098 0
215 2102.699000 2103.187647 30
216 2113.085000 2114.498890 12
217 2122.582000 2122.896312 31
218 2132.582000 2132.764658 13
219 2142.621000 2142.887972 22
220 2152.621000 2144.711944 12
221 2162.408000 2162.540288 20
222 2171.964000 2171.950349 23
223 2181.132000 2180.800746 14
224 2192.079000 2192.460380 16
225 2201.906000 2201.536708 31
226 2212.564000 2208.957783 9
227 2222.486000 2222.352002 33
228 2231.635000 2231.513472 23
229 2240.552000 2239.672192 17
230 2248.869000 2249.672192 0
231 2259.720000 2260.175485 21
232 2269.584000 2266.121031 8
233 2279.663000 2281.637756 12
234 2289.295000 2289.291115 25
235 2299.140000 2298.090194 29
236 2308.309000 2307.923040 33
237 2318.309000 2317.923040 0
238 2328.433000 2327.317646 14
239 2338.700000 2338.479390 35
240 2348.841000 2351.127774 8
241 2357.638000 2357.416446 31
242 2367.556000 2367.626793 23
243 2377.556000 2374.601763 13
244 2387.492000 2387.509656 29
245 2397.492000 2409.821739 10
246 2407.245000 2407.379827 41
247 2416.888000 2416.833701 24
248 2426.625000 2426.271921 35
249 2436.625000 2436.626091 32
250 2446.625000 2443.386107 9
251 2455.791000 2477.658936 14
252 2465.563000 2465.204008 12
253 2475.219000 2475.377444 34
254 2484.752000 2484.535609 22
255 2494.345000 2557.295950 11
256 2503.590000 2503.506179 16
257 2513.327000 2513.506179 0
258 2522.425000 2531.795504 10
259 2532.425000 2532.948920 21
260 2542.010000 2542.481604 21
261 2551.132000 2551.688107 25
262 2560.594000 2559.035524 27
263 2569.813000 2568.320111 11
264 2579.056000 2534.353237 11
265 2588.033000 2587.880822 23
266 2597.181000 2597.253438 17
267 2607.181000 2606.946036 20
268 2616.802000 2616.325763 24
269 2625.949000 2625.409510 29
270 2635.336000 2635.409510 0
271 2645.336000 2645.855812 16
272 2654.752000 2656.134392 9
273 2664.938000 2665.005635 23
274 2673.879000 2672.445762 14
275 2684.329000 2681.278658 10
276 2693.608000 2690.260062 16
277 2703.396000 2703.497458 21
278 2712.325000 2712.721606 13
279 2723.233000 2723.829147 35
280 2733.586000 2733.486832 15
281 2743.313000 2742.728415 23
282 2753.123000 2752.728415 0
283 2760.110000 2760.601547 13
284 2770.319000 2770.855604 11
285 2780.069000 2779.928300 25
286 2790.069000 2789.762664 18
287 2800.298000 2799.030867 16
288 2810.104000 2810.016189 28
289 2819.480000 2821.939149 18
290 2829.025000 2826.790055 21
291 2839.102000 2905.984180 10
292 2849.021000 2849.227389 21
293 2858.916000 2858.760918 15
294 2869.329000 2868.760918 0
295 2877.668000 2878.760918 0
296 2887.442000 2888.284767 16
297 2897.795000 2897.528707 28
298 2907.293000 2907.385218 20
299 2917.175000 2917.124718 28
300 2926.998000 2953.993128 8
301 2935.746000 2932.205180 12
302 2945.436000 2944.817097 17
303 2955.356000 2963.499294 8
304 2964.522000 2964.392621 18
305 2974.983000 2974.960076 16
306 2985.603000 2984.871830 24
307 2995.729000 2994.871830 0
308 3006.629000 3005.510264 22
309 3014.953000 3015.093041 20
310 3024.823000 3025.409376 23
311 3034.477000 3034.415823 13
312 3043.168000 3043.421617 15
313 3051.342000 3051.459311 26
314 3061.468000 3061.161126 20
315 3071.381000 3071.008738 24
316 3080.242000 3080.284082 19
317 3090.518000 3088.658307 13
318 3099.379000 3099.413358 25
319 3109.614000 3108.884820 19
320 3119.010000 3118.884820 0
321 3128.279000 3128.944033 22
322 3137.870000 3136.590372 18
323 3146.021000 3146.570544 23
324 3155.866000 3154.957042 29
325 3165.193000 3164.957042 0
326 3174.701000 3174.957042 0
327 3184.357000 3184.199303 16
328 3194.357000 3195.386883 17
329 3204.267000 3204.209823 17
330 3213.801000 3213.902571 22
331 3224.560000 3224.370933 17
332 3234.264000 3234.370933 0
333 3244.615000 3244.121800 21
334 3253.814000 3254.322490 15
335 3263.814000 3263.542730 17
336 3273.940000 3273.701142 38
337 3283.138000 3281.595402 11
338 3294.383000 3291.595402 0
339 3302.959000 3304.302053 13
340 3312.556000 3315.981391 8
341 3323.005000 3326.688277 20
342 3334.161000 3333.968793 8
343 3344.480000 3344.183013 12
344 3354.582000 3354.183013 0
345 3364.582000 3365.023593 24
346 3374.424000 3374.553366 20
347 3384.424000 3385.068341 21
348 3394.511000 3394.588094 26
349 3404.275000 3403.278627 19
350 3414.420000 3413.278627 0
351 3423.839000 3423.278627 0
352 3434.227000 3433.376846 15
353 3443.973000 3443.892799 28
354 3454.135000 3454.369510 23
355 3463.796000 3463.550729 37
356 3473.317000 3473.550729 0
357 3483.002000 3482.765563 19
358 3491.710000 3493.067083 20
359 3501.231000 3501.189688 18
360 3511.079000 3510.795462 27
361 3520.698000 3520.570307 41
362 3530.154000 3528.455394 8
363 3539.741000 3539.753498 27
364 3549.838000 3549.753498 0
365 3559.823000 3560.100422 9
366 3571.457000 3571.745353 15
367 3581.369000 3577.837407 16
368 3590.500000 3591.105261 10
369 3600.241000 3601.105261 0
370 3610.648000 3620.113184 8
371 3620.496000 3619.227204 12
372 3631.869000 3631.347390 28
373 3640.968000 3640.854590 20
374 3651.042000 3650.854590 0
375 3660.726000 3660.854590 0
376 3667.063000 3665.063199 16
377 3675.057000 3677.628299 8
378 3686.171000 3684.950561 14
379 3694.652000 3694.950561 0
380 3705.060000 3718.771500 12
381 3715.001000 3712.625894 32
382 3725.044000 3719.172311 28
383 3733.674000 3729.172311 0
384 3743.809000 3745.445247 13
385 3753.461000 3753.506618 32
386 3763.193000 3763.098470 23
387 3772.288000 3793.965794 10
388 3781.697000 3783.238969 30
389 3791.239000 3791.035253 35
390 3799.153000 3801.218037 14
391 3809.153000 3809.841865 16
392 3818.946000 3819.841865 0
393 3828.946000 3874.257199 10
394 3839.290000 3839.335636 25
395 3849.127000 3849.039324 23
396 3859.366000 3857.893376 22
397 3869.880000 3869.970987 18
398 3879.793000 3879.725194 20
399 3889.165000 3888.295771 17
400 3898.538000 3901.136972 17
401 3908.473000 3994.429570 11
402 3918.296000 3918.467997 33
403 3928.034000 3927.667623 12
404 3937.025000 3936.324211 10
405 3945.670000 3945.454455 27
406 3954.797000 3953.010211 14
407 3963.756000 3967.565473 13
408 3975.048000 3974.800762 20
409 3981.645000 3984.800762 0
410 3992.690000 3992.772342 27
411 4002.457000 4002.071116 24
412 4011.982000 4010.845266 29
413 4021.430000 4021.458879 16
414 4030.624000 4033.361791 11
415 4040.513000 4040.411915 18
416 4049.727000 4047.832743 14
417 4058.371000 4054.544909 8
418 4068.258000 4066.870625 11
419 4076.974000 4119.802219 13
420 4085.661000 4085.347555 12
421 4096.585000 4096.922933 20
422 4105.894000 4106.893222 32
423 4115.448000 4114.436632 19
424 4123.311000 4122.701809 24
425 4132.804000 4132.042568 16
426 4142.148000 4143.635321 25
427 4151.574000 4151.083372 16
428 4160.897000 4160.177155 20
429 4170.041000 4170.542910 22
430 4180.202000 4179.322310 27
431 4189.466000 4188.478141 24
432 4198.878000 4198.478141 0
433 4208.352000 4208.747827 18
434 4218.124000 4218.290238 39
435 4228.124000 4227.576492 27
436 4237.399000 4237.081261 12
437 4245.914000 4245.514664 20
438 4255.326000 4257.493905 15
439 4264.948000 4264.444909 26
440 4274.331000 4274.902525 37
441 4284.331000 4284.887516 26
442 4294.866000 4294.583902 28
443 4304.488000 4304.114062 42
444 4314.081000 4314.114062 0
445 4323.524000 4324.249904 16
446 4333.314000 4333.179224 33
447 4342.679000 4343.509694 26
448 4351.252000 4352.100307 17
449 4361.175000 4360.932405 27
450 4371.247000 4370.932405 0
451 4380.061000 4380.932405 0
452 4388.724000 4387.919800 26
453 4397.957000 4398.571872 22
454 4408.286000 4408.370442 18
455 4418.401000 4418.021032 32
456 4427.665000 4428.021032 0
457 4437.586000 4438.044434 27
458 4447.586000 4447.263406 37
459 4457.586000 4456.660357 27
460 4466.965000 4467.519322 28
461 4476.557000 4475.759066 13
462 4485.941000 4485.960329 21
463 4495.941000 4526.787779 15
464 4504.556000 4536.787779 0
465 4514.556000 4515.221397 13
466 4524.310000 4522.763580 13
467 4532.555000 4531.370357 10
468 4542.555000 4539.820926 16
469 4551.201000 4550.346088 34
470 4561.332000 4560.659939 18
471 4572.125000 4650.897128 11
472 4581.268000 4584.670597 12
473 4590.771000 4591.016632 22
474 4600.003000 4641.953074 14
475 4610.003000 4609.843358 27
476 4619.399000 4576.576823 17
477 4627.343000 4628.703611 14
478 4636.335000 4636.386883 32
479 4646.109000 4645.808111 22
480 4655.421000 4654.897449 20
481 4665.421000 4664.960571 37
