001 0.000000 -0.166241 89
002 10.000000 9.969574 34
003 20.000000 20.591200 21
004 30.000000 29.691884 29
005 39.500000 39.483030 23
006 49.500000 49.385531 48
007 59.500000 59.385461 27
008 69.500000 69.491452 51
009 79.500000 79.463033 35
010 89.500000 89.442850 58
011 99.500000 99.516163 64
012 109.500000 109.478221 62
013 119.495000 119.451897 57
014 129.495000 129.469349 74
015 139.495000 139.566921 69
016 149.495000 149.497364 61
017 159.495000 159.484032 85
018 169.495000 169.327051 57
019 179.496000 179.474615 69
020 189.496000 189.493565 68
021 199.496000 199.457443 86
022 209.496000 209.483914 60
023 219.496000 219.412064 56
024 229.496000 229.133168 36
025 239.496000 240.511475 26
026 249.496000 250.402326 22
027 257.833000 259.968236 15
028 268.070000 269.568450 25
029 278.273000 277.741327 24
030 288.681000 280.929468 9
031 299.870000 301.140742 33
032 309.155000 308.981817 20
033 319.459000 318.981817 0
034 327.623000 326.267478 8
035 333.710000 393.408806 9
036 343.710000 328.818895 10
037 353.913000 338.818895 0
038 362.483000 371.672529 10
039 374.999000 381.672529 0
040 385.304000 384.807415 22
041 395.507000 394.975925 16
042 405.814000 406.627087 50
043 416.151000 394.742365 14
044 426.151000 404.742365 0
045 436.526000 437.031387 24
046 446.591000 443.734397 8
047 454.821000 454.862332 19
048 464.821000 464.862332 0
049 473.425000 447.917906 10
050 483.288000 485.103505 10
051 493.185000 493.385299 25
052 502.674000 504.659770 23
053 512.129000 510.195120 12
054 521.822000 521.652109 17
055 532.195000 529.238661 8
056 540.665000 539.238661 0
057 550.665000 557.192451 9
058 560.936000 561.414154 13
059 570.219000 569.944232 23
060 580.219000 579.460495 16
061 590.965000 626.199110 10
062 600.454000 600.881769 26
063 610.340000 611.338790 23
064 620.425000 621.237048 42
065 630.553000 630.725041 19
066 641.140000 640.725041 0
067 650.220000 650.725041 0
068 660.064000 660.044064 21
069 670.064000 670.044064 0
070 679.938000 680.374255 21
071 689.580000 689.614687 40
072 699.835000 698.625807 10
073 709.835000 708.738504 20
074 719.292000 718.634192 10
075 729.031000 729.161473 16
076 738.875000 739.087490 18
077 748.746000 749.708173 15
078 758.152000 757.961337 27
079 767.529000 805.593498 13
080 777.609000 815.593498 0
081 787.844000 788.267061 18
082 798.130000 798.634040 24
083 808.001000 807.943347 23
084 818.288000 818.620529 31
085 828.471000 828.251381 22
086 837.900000 805.468833 10
087 848.134000 849.089783 12
088 857.721000 857.995677 19
089 866.734000 867.152794 12
090 875.852000 875.889200 24
091 885.852000 885.496410 19
092 894.867000 895.496410 0
093 904.998000 905.242085 23
094 914.582000 914.188013 19
095 924.168000 925.237565 20
096 934.168000 934.181225 19
097 943.521000 944.181225 0
098 952.743000 952.088904 23
099 962.718000 962.643075 18
100 972.147000 972.370828 27
101 982.147000 982.067201 32
102 991.915000 991.568396 30
103 1002.124000 1001.274559 18
104 1012.593000 1011.274559 0
105 1022.696000 1021.274559 0
106 1032.179000 1032.544531 21
107 1041.271000 1041.358542 30
108 1051.090000 1051.557362 28
109 1061.324000 1060.385147 17
110 1071.092000 1070.547419 24
111 1081.067000 1078.844464 8
112 1090.341000 1088.844464 0
113 1100.264000 1102.684600 20
114 1110.601000 1110.284680 29
115 1120.188000 1119.999319 17
116 1129.695000 1128.828997 22
117 1139.543000 1140.401289 22
118 1148.939000 1148.866736 28
119 1159.306000 1159.302215 19
120 1168.955000 1168.923444 26
121 1178.580000 1163.584230 9
122 1188.580000 1173.584230 0
123 1198.222000 1199.051358 24
124 1208.379000 1208.526767 22
125 1218.491000 1219.527174 14
126 1228.491000 1228.258401 15
127 1237.938000 1237.427984 20
128 1248.097000 1282.309515 8
129 1257.411000 1273.542976 8
130 1267.338000 1266.576193 9
131 1277.474000 1343.458558 14
132 1287.371000 1286.204906 11
133 1295.957000 1296.204906 0
134 1306.140000 1306.638850 17
135 1316.557000 1316.638850 0
136 1325.905000 1326.400915 17
137 1336.205000 1335.746208 28
138 1346.205000 1345.854077 27
139 1355.472000 1354.742501 21
140 1365.786000 1364.742501 0
141 1375.106000 1374.742501 0
142 1384.732000 1384.742501 0
143 1394.373000 1394.012190 25
144 1403.969000 1404.065378 29
145 1413.772000 1411.899086 10
146 1423.807000 1421.383553 13
147 1432.759000 1432.473425 11
148 1442.185000 1443.154651 17
149 1452.185000 1452.352777 36
150 1461.552000 1461.294661 17
151 1469.403000 1467.900553 11
152 1481.218000 1481.982344 20
153 1491.130000 1490.797004 20
154 1501.296000 1503.037570 13
155 1511.430000 1511.560400 19
156 1521.754000 1523.035503 11
157 1531.842000 1533.035503 0
158 1540.884000 1543.035503 0
159 1551.794000 1551.694142 13
160 1561.076000 1561.225058 26
161 1570.996000 1572.355299 20
162 1580.996000 1581.949752 23
163 1590.875000 1591.838914 9
164 1600.220000 1662.145907 12
165 1609.660000 1672.145907 0
166 1616.952000 1617.242541 22
167 1627.628000 1632.660939 14
168 1638.073000 1638.450856 33
169 1647.976000 1648.164417 15
170 1659.699000 1638.905501 8
171 1669.718000 1669.377866 27
172 1680.298000 1680.579862 11
173 1690.007000 1689.597512 23
174 1700.007000 1699.921404 29
175 1710.047000 1710.793411 23
176 1719.833000 1719.996432 23
177 1729.931000 1730.183552 24
178 1740.105000 1740.076911 24
179 1750.008000 1749.723194 32
180 1759.659000 1759.552528 19
181 1768.983000 1769.560169 17
182 1778.325000 1776.677264 14
183 1786.836000 1786.677264 0
184 1796.991000 1809.763488 8
185 1806.991000 1807.801152 22
186 1817.339000 1817.906833 18
187 1826.856000 1826.939740 43
188 1836.740000 1836.939740 0
189 1847.455000 1846.939740 0
190 1858.635000 1856.939740 0
191 1868.326000 1870.685039 18
192 1878.248000 1879.074444 23
193 1887.920000 1887.565511 30
194 1897.340000 1896.391549 19
195 1905.560000 1903.606554 12
196 1915.773000 1925.920214 8
197 1925.308000 1925.675191 23
198 1935.308000 1997.837627 8
199 1945.308000 1945.630521 22
200 1955.077000 1955.017147 12
201 1964.709000 1965.017147 0
202 1974.265000 1975.017147 0
203 1984.091000 1984.026627 31
204 1994.419000 1993.973464 16
205 2003.917000 2003.285716 17
206 2014.342000 2013.964641 9
207 2024.342000 2024.293115 20
208 2034.748000 2034.293115 0
209 2044.497000 2045.872637 14
210 2052.930000 2054.011621 12
211 2063.510000 2062.843994 13
212 2073.510000 2073.146877 32
213 2083.181000 2083.362319 28
214 2092.775000 2091.957771 18
215 2102.699000 2104.298261 8
216 2113.085000 2113.522495 9
217 2122.582000 2122.808382 30
218 2132.582000 2207.357437 15
219 2142.621000 2142.649291 15
220 2152.621000 2145.147980 16
221 2162.408000 2162.495110 21
222 2171.964000 2171.871784 23
223 2181.132000 2180.822352 18
224 2192.079000 2192.771614 16
225 2201.906000 2201.849076 42
226 2212.564000 2211.034719 18
227 2222.486000 2222.233592 26
228 2231.635000 2231.511376 18
229 2240.552000 2239.939134 16
230 2248.869000 2249.042129 9
231 2259.720000 2260.638382 16
232 2269.584000 2270.638382 0
233 2279.663000 2281.762415 10
234 2289.295000 2289.214199 26
235 2299.140000 2297.874988 26
236 2308.309000 2308.485147 37
237 2318.309000 2317.656762 11
238 2328.433000 2327.662727 13
239 2338.700000 2338.906372 31
240 2348.841000 2348.709796 10
241 2357.638000 2357.347702 26
242 2367.556000 2368.334858 17
243 2377.556000 2415.181319 11
244 2387.492000 2387.519675 30
245 2397.492000 2409.962608 8
246 2407.245000 2407.151302 42
247 2416.888000 2417.017870 24
248 2426.625000 2426.534338 32
249 2436.625000 2436.835495 30
250 2446.625000 2445.270983 12
251 2455.791000 2476.546201 10
252 2465.563000 2486.546201 0
253 2475.219000 2475.780965 45
254 2484.752000 2484.207896 26
255 2494.345000 2494.162393 13
256 2503.590000 2503.157964 15
257 2513.327000 2500.143287 8
258 2522.425000 2532.742074 8
259 2532.425000 2533.457669 22
260 2542.010000 2541.985725 23
261 2551.132000 2551.240101 19
262 2560.594000 2559.005511 28
263 2569.813000 2568.293754 15
264 2579.056000 2578.293754 0
265 2588.033000 2587.674198 33
266 2597.181000 2597.136285 14
267 2607.181000 2606.948336 21
268 2616.802000 2615.787219 25
269 2625.949000 2625.327373 27
270 2635.336000 2635.327373 0
271 2645.336000 2645.327373 0
272 2654.752000 2656.288671 10
273 2664.938000 2663.406547 17
274 2673.879000 2672.239170 11
275 2684.329000 2684.329056 12
276 2693.608000 2682.421289 10
277 2703.396000 2703.294021 21
278 2712.325000 2713.259021 10
279 2723.233000 2723.878163 27
280 2733.586000 2733.457496 17
281 2743.313000 2742.651416 15
282 2753.123000 2785.656855 9
283 2760.110000 2760.622212 16
284 2770.319000 2770.465755 11
285 2780.069000 2781.008661 28
286 2790.069000 2789.741659 17
287 2800.298000 2797.552622 15
288 2810.104000 2810.023437 34
289 2819.480000 2819.861913 23
290 2829.025000 2827.204310 21
291 2839.102000 2840.238524 11
292 2849.021000 2849.218247 21
293 2858.916000 2858.869507 16
294 2869.329000 2868.869507 0
295 2877.668000 2878.869507 0
296 2887.442000 2887.556430 27
297 2897.795000 2897.477470 31
298 2907.293000 2907.156484 16
299 2917.175000 2916.838445 32
300 2926.998000 2918.696299 10
301 2935.746000 2928.696299 0
302 2945.436000 2944.773945 11
303 2955.356000 2956.487931 18
304 2964.522000 2963.550571 17
305 2974.983000 2974.945160 15
306 2985.603000 2984.166184 22
307 2995.729000 2994.166184 0
308 3006.629000 3005.365764 16
309 3014.953000 3014.972724 21
310 3024.823000 3023.706684 24
311 3034.477000 3033.442839 16
312 3043.168000 3079.840581 11
313 3051.342000 3051.377698 25
314 3061.468000 3061.122286 18
315 3071.381000 3071.352870 29
316 3080.242000 3079.857706 17
317 3090.518000 3089.434796 13
318 3099.379000 3099.570036 31
319 3109.614000 3109.119763 13
320 3119.010000 3119.119763 0
321 3128.279000 3128.488884 21
322 3137.870000 3137.086348 27
323 3146.021000 3146.567116 27
324 3155.866000 3155.475012 40
325 3165.193000 3162.090011 12
326 3174.701000 3172.090011 0
327 3184.357000 3184.354769 16
328 3194.357000 3195.012123 15
329 3204.267000 3204.436626 16
330 3213.801000 3213.912506 25
331 3224.560000 3224.719921 15
332 3234.264000 3234.719921 0
333 3244.615000 3245.165476 17
334 3253.814000 3254.459756 17
335 3263.814000 3264.014455 23
336 3273.940000 3274.067085 37
337 3283.138000 3336.162218 9
338 3294.383000 3346.162218 0
339 3302.959000 3303.385144 17
340 3312.556000 3314.526065 8
341 3323.005000 3325.533163 19
342 3334.161000 3334.014639 12
343 3344.480000 3391.496954 15
344 3354.582000 3336.252660 11
345 3364.582000 3364.906156 21
346 3374.424000 3374.703236 12
347 3384.424000 3384.765925 15
348 3394.511000 3394.579135 21
349 3404.275000 3403.442146 20
350 3414.420000 3413.442146 0
351 3423.839000 3423.442146 0
352 3434.227000 3433.442146 0
353 3443.973000 3443.943973 29
354 3454.135000 3454.045861 17
355 3463.796000 3463.571732 39
356 3473.317000 3473.571732 0
357 3483.002000 3482.846301 17
358 3491.710000 3493.013991 22
359 3501.231000 3501.338351 23
360 3511.079000 3510.706776 36
361 3520.698000 3520.658481 37
362 3530.154000 3528.759370 10
363 3539.741000 3539.636596 21
364 3549.838000 3549.636596 0
365 3559.823000 3559.676493 10
366 3571.457000 3573.320011 14
367 3581.369000 3578.830179 22
368 3590.500000 3588.830179 0
369 3600.241000 3598.830179 0
370 3610.648000 3609.710074 10
371 3620.496000 3620.519122 8
372 3631.869000 3630.825510 24
373 3640.968000 3641.019803 21
374 3651.042000 3650.134364 9
375 3660.726000 3660.134364 0
376 3667.063000 3665.152449 9
377 3675.057000 3675.152449 0
378 3686.171000 3686.458691 20
379 3694.652000 3696.458691 0
380 3705.060000 3708.224838 12
381 3715.001000 3712.682131 33
382 3725.044000 3711.821962 29
383 3733.674000 3721.821962 0
384 3743.809000 3742.738777 21
385 3753.461000 3753.557893 30
386 3763.193000 3762.944655 19
387 3772.288000 3755.316488 13
388 3781.697000 3782.364633 23
389 3791.239000 3791.089604 24
390 3799.153000 3800.954043 11
391 3809.153000 3810.004105 13
392 3818.946000 3820.004105 0
393 3828.946000 3878.049784 13
394 3839.290000 3839.316029 28
395 3849.127000 3849.289140 19
396 3859.366000 3858.362587 20
397 3869.880000 3869.933535 25
398 3879.793000 3879.540123 19
399 3889.165000 3888.800130 16
400 3898.538000 3900.157818 21
401 3908.473000 3909.951272 14
402 3918.296000 3918.197691 31
403 3928.034000 3926.793204 11
404 3937.025000 3936.284733 20
405 3945.670000 3945.403120 31
406 3954.797000 3955.403120 0
407 3963.756000 3964.466273 21
408 3975.048000 3974.824824 24
409 3981.645000 3984.824824 0
410 3992.690000 3992.761818 30
411 4002.457000 4001.925347 29
412 4011.982000 4010.867379 27
413 4021.430000 4022.836917 15
414 4030.624000 4031.730717 19
415 4040.513000 4040.678408 21
416 4049.727000 4048.948517 22
417 4058.371000 4054.589413 8
418 4068.258000 4067.314484 12
419 4076.974000 4118.462425 12
420 4085.661000 4128.462425 0
421 4096.585000 4097.354177 16
422 4105.894000 4106.393895 29
423 4115.448000 4113.953325 18
424 4123.311000 4122.594012 24
425 4132.804000 4132.264114 16
426 4142.148000 4141.885472 33
427 4151.574000 4151.093961 13
428 4160.897000 4160.612285 12
429 4170.041000 4170.923609 18
430 4180.202000 4179.371347 20
431 4189.466000 4189.096921 27
432 4198.878000 4200.883786 16
433 4208.352000 4207.876964 26
434 4218.124000 4218.303719 34
435 4228.124000 4228.024905 30
436 4237.399000 4286.382838 10
437 4245.914000 4244.977115 17
438 4255.326000 4257.860515 18
439 4264.948000 4264.428605 23
440 4274.331000 4274.636833 37
441 4284.331000 4284.720405 26
442 4294.866000 4294.546960 28
443 4304.488000 4303.879022 36
444 4314.081000 4299.758985 15
445 4323.524000 4325.238292 10
446 4333.314000 4333.586824 30
447 4342.679000 4342.966410 26
448 4351.252000 4352.065722 20
449 4361.175000 4360.800743 22
450 4371.247000 4370.800743 0
451 4380.061000 4380.800743 0
452 4388.724000 4388.330846 24
453 4397.957000 4398.500390 23
454 4408.286000 4408.620399 20
455 4418.401000 4417.266085 35
456 4427.665000 4427.266085 0
457 4437.586000 4438.346698 24
458 4447.586000 4447.578103 28
459 4457.586000 4457.255372 25
460 4466.965000 4467.166458 27
461 4476.557000 4475.916014 11
462 4485.941000 4485.530378 17
463 4495.941000 4469.894858 12
464 4504.556000 4479.894858 0
465 4514.556000 4539.926136 11
466 4524.310000 4521.183479 14
467 4532.555000 4530.884190 10
468 4542.555000 4539.943431 18
469 4551.201000 4550.916438 28
470 4561.332000 4564.746707 11
471 4572.125000 4574.746707 0
472 4581.268000 4585.454261 13
473 4590.771000 4590.816847 22
474 4600.003000 4641.608283 16
475 4610.003000 4610.274633 30
476 4619.399000 4576.506471 16
477 4627.343000 4628.487673 15
478 4636.335000 4636.839065 31
479 4646.109000 4644.881544 33
480 4655.421000 4654.878566 24
481 4665.421000 4664.984051 40
