001 0.000000 -0.125532 81
002 10.000000 9.964891 35
003 20.000000 18.587329 29
004 28.072000 27.900881 22
005 38.058000 37.920682 28
006 48.059000 47.795127 38
007 58.056000 57.954053 22
008 68.056000 68.032526 42
009 78.056000 78.072928 47
010 88.056000 88.073180 51
011 98.056000 97.983798 64
012 108.056000 108.186965 70
013 118.056000 118.160574 55
014 128.056000 128.094919 64
015 138.056000 138.076783 56
016 148.056000 148.054167 66
017 158.056000 158.330291 79
018 168.056000 167.972178 57
019 178.056000 178.127531 55
020 188.056000 188.091061 67
021 198.056000 198.078241 74
022 208.056000 208.077043 71
023 218.056000 218.131510 67
024 228.056000 227.750211 40
025 238.056000 239.223816 38
026 248.056000 248.632077 28
027 258.311000 260.168573 17
028 268.392000 270.168573 0
029 278.457000 277.676974 23
030 288.680000 302.745133 15
031 299.265000 300.306545 33
032 309.265000 309.223554 24
033 319.460000 318.738363 10
034 329.886000 350.057737 9
035 331.489000 390.127191 8
036 341.050000 307.785408 8
037 352.269000 367.109100 17
038 362.269000 369.612759 13
039 372.483000 379.612759 0
040 382.483000 383.099638 29
041 392.844000 393.314568 22
042 403.556000 404.112075 29
043 414.326000 402.102792 8
044 424.449000 424.158599 26
045 434.768000 434.746591 23
046 444.768000 444.746591 0
047 452.651000 452.925943 16
048 462.775000 462.925943 0
049 472.194000 507.669468 8
050 482.194000 482.076591 17
051 491.877000 492.892335 27
052 501.624000 502.108567 30
053 511.427000 510.060280 22
054 520.978000 520.633839 25
055 530.978000 530.633839 0
056 541.619000 540.633839 0
057 550.842000 550.633839 0
058 560.228000 561.935612 17
059 569.286000 569.615488 13
060 578.659000 574.899885 20
061 588.915000 573.500397 11
062 598.555000 583.500397 0
063 608.681000 609.976086 12
064 619.259000 618.672181 36
065 628.721000 628.283653 17
066 638.369000 635.432112 9
067 647.991000 645.432112 0
068 657.851000 614.745728 8
069 666.916000 666.573516 20
070 675.899000 675.956119 20
071 685.573000 685.582803 26
072 695.248000 695.079547 16
073 705.586000 706.244723 17
074 715.395000 716.244723 0
075 725.261000 725.401067 29
076 734.717000 818.667171 14
077 745.217000 744.786749 16
078 755.217000 755.344241 29
079 764.858000 763.332122 20
080 774.506000 773.332122 0
081 785.429000 786.620379 12
082 796.513000 796.210724 39
083 806.746000 807.640424 14
084 816.819000 817.293609 22
085 826.819000 826.728541 31
086 836.249000 836.728541 0
087 846.163000 847.653862 21
088 856.163000 855.990498 8
089 864.873000 864.963355 10
090 873.220000 873.134768 26
091 883.027000 881.087853 13
092 892.860000 890.754262 13
093 902.860000 904.803196 11
094 912.210000 911.391797 23
095 921.433000 924.072127 8
096 931.433000 931.138325 27
097 940.742000 940.391010 15
098 949.547000 947.738069 16
099 958.617000 957.738069 0
100 968.324000 968.167747 20
101 977.329000 978.142171 33
102 987.329000 987.906889 25
103 997.595000 996.715231 16
104 1007.336000 1007.348413 17
105 1017.463000 1041.765111 11
106 1028.014000 1030.059047 16
107 1037.881000 1109.023101 11
108 1046.619000 1046.893549 29
109 1056.878000 1056.883060 21
110 1066.607000 1066.281171 18
111 1076.607000 1076.281171 0
112 1085.691000 1086.887466 13
113 1095.691000 1095.712306 37
114 1104.986000 1107.144335 22
115 1115.086000 1114.683919 24
116 1124.734000 1124.004225 25
117 1133.904000 1110.984893 9
118 1143.738000 1143.443592 33
119 1153.068000 1153.068765 18
120 1162.582000 1162.987618 18
121 1172.470000 1171.884729 18
122 1181.693000 1181.012264 17
123 1191.553000 1191.012264 0
124 1201.148000 1202.342110 24
125 1211.148000 1210.608395 13
126 1220.338000 1220.240911 18
127 1229.986000 1229.826036 16
128 1239.076000 1238.543641 22
129 1249.076000 1283.055923 9
130 1257.800000 1258.341656 14
131 1267.668000 1269.576279 11
132 1278.014000 1278.625227 19
133 1288.014000 1288.480929 10
134 1297.789000 1298.262105 18
135 1307.517000 1273.575347 8
136 1317.517000 1338.781211 9
137 1327.250000 1327.967462 20
138 1336.985000 1337.042046 31
139 1346.985000 1346.383315 16
140 1356.581000 1356.069199 18
141 1365.299000 1366.069199 0
142 1375.105000 1377.169120 18
143 1385.579000 1389.048529 9
144 1395.579000 1395.662194 25
145 1405.579000 1405.634190 26
146 1415.931000 1415.857546 16
147 1425.340000 1423.139346 10
148 1434.351000 1433.139346 0
149 1443.813000 1444.936864 14
150 1453.703000 1454.137844 28
151 1463.450000 1462.253248 11
152 1471.333000 1472.253248 0
153 1481.566000 1482.253248 0
154 1491.044000 1490.382954 29
155 1500.579000 1501.229003 10
156 1510.173000 1509.461645 11
157 1520.607000 1523.195114 14
158 1530.868000 1531.334704 14
159 1540.607000 1540.564837 9
160 1549.968000 1566.563502 16
161 1560.345000 1560.811971 17
162 1570.539000 1569.979747 11
163 1579.858000 1579.890684 22
164 1589.858000 1633.916981 8
165 1599.858000 1643.916981 0
166 1610.086000 1691.904997 8
167 1620.615000 1622.045394 25
168 1631.827000 1633.872892 11
169 1641.168000 1641.421758 22
170 1651.300000 1651.254603 14
171 1663.636000 1661.254603 0
172 1672.749000 1672.221222 27
173 1683.172000 1682.221222 0
174 1693.095000 1694.906327 18
175 1702.956000 1702.904644 24
176 1713.607000 1710.818768 16
177 1724.031000 1722.926746 11
178 1734.031000 1732.857210 12
179 1742.838000 1743.363278 27
180 1752.449000 1752.293506 14
181 1760.542000 1760.668481 18
182 1770.715000 1771.035948 15
183 1780.992000 1767.596970 9
184 1790.832000 1787.212589 14
185 1800.832000 1800.962779 15
186 1810.721000 1811.168068 27
187 1820.617000 1820.432308 29
188 1830.360000 1829.952634 25
189 1840.013000 1839.999729 19
190 1849.209000 1849.999729 0
191 1860.090000 1859.999729 0
192 1869.680000 1869.389692 19
193 1879.478000 1879.738342 19
194 1889.402000 1889.686506 30
195 1899.097000 1898.218092 18
196 1908.417000 1903.756804 15
197 1917.757000 1886.903833 8
198 1926.911000 1927.176996 31
199 1937.293000 1937.711178 16
200 1946.883000 1946.290506 16
201 1954.809000 1953.369282 13
202 1964.620000 1949.483961 9
203 1974.782000 1993.808995 8
204 1985.579000 1985.753886 28
205 1995.308000 1995.947060 23
206 2005.308000 2003.748406 10
207 2015.204000 2013.748406 0
208 2024.919000 2023.657782 27
209 2034.823000 1990.038861 9
210 2044.823000 2045.560793 30
211 2053.733000 2055.560793 0
212 2065.736000 2067.238026 18
213 2075.432000 2075.541070 21
214 2085.432000 2084.983442 20
215 2095.640000 2094.983442 0
216 2105.535000 2104.983442 0
217 2116.249000 2116.918295 13
218 2125.944000 2125.799231 24
219 2135.944000 2136.395206 18
220 2146.477000 2146.388498 16
221 2156.339000 2157.502780 20
222 2166.172000 2166.925217 29
223 2176.248000 2176.983982 11
224 2185.589000 2184.651816 11
225 2195.326000 2195.245553 24
226 2205.520000 2205.096638 29
227 2217.024000 2218.074167 24
228 2227.821000 2228.915628 10
229 2237.286000 2237.052515 30
230 2246.071000 2246.009313 14
231 2256.071000 2255.354897 12
232 2265.092000 2262.885096 9
233 2275.092000 2272.460916 9
234 2284.908000 2285.497407 12
235 2294.908000 2295.446193 22
236 2304.609000 2303.896041 25
237 2314.609000 2313.896041 0
238 2324.304000 2323.975030 16
239 2334.304000 2333.975030 0
240 2344.486000 2345.518558 12
241 2353.057000 2355.518558 0
242 2362.985000 2362.678433 9
243 2372.520000 2372.787123 35
244 2381.683000 2379.401521 14
245 2392.797000 2387.095587 11
246 2402.524000 2403.233497 24
247 2412.524000 2412.667271 30
248 2422.603000 2422.773768 27
249 2432.623000 2431.678432 25
250 2442.623000 2441.738868 23
251 2451.774000 2450.428076 25
252 2461.676000 2460.428076 0
253 2470.754000 2470.948009 19
254 2481.214000 2480.311936 26
255 2491.098000 2490.744260 8
256 2500.447000 2499.883523 15
257 2509.765000 2509.097180 26
258 2518.890000 2520.606820 15
259 2529.280000 2529.694444 14
260 2538.944000 2539.478123 29
261 2548.529000 2548.847125 31
262 2558.036000 2557.286860 14
263 2567.093000 2566.661460 13
264 2575.836000 2576.661460 0
265 2585.931000 2586.195703 26
266 2595.244000 2595.273587 24
267 2605.244000 2605.534410 17
268 2615.042000 2615.047079 31
269 2624.843000 2624.230564 11
270 2635.057000 2634.230564 0
271 2645.270000 2646.482070 25
272 2654.752000 2657.269104 10
273 2664.938000 2664.855488 20
274 2674.439000 2673.889882 11
275 2684.201000 2684.130945 11
276 2693.355000 2694.130945 0
277 2703.021000 2703.436060 21
278 2712.409000 2712.692358 14
279 2722.955000 2723.018067 25
280 2733.351000 2733.343485 32
281 2743.508000 2743.346307 18
282 2753.438000 2753.346307 0
283 2763.906000 2763.346307 0
284 2774.276000 2774.083022 20
285 2783.156000 2783.498348 24
286 2792.350000 2791.220341 11
287 2802.543000 2802.710697 11
288 2812.446000 2812.710697 0
289 2821.794000 2824.286821 16
290 2830.771000 2828.321458 10
291 2841.083000 2842.993331 11
292 2851.257000 2851.274285 8
293 2861.257000 2861.274285 0
294 2871.591000 2913.143431 8
295 2880.480000 2881.595090 14
296 2890.480000 2890.462385 20
297 2900.383000 2900.977662 27
298 2910.232000 2910.749029 13
299 2920.525000 2920.733282 11
300 2930.148000 2929.883470 22
301 2939.843000 2939.972880 21
302 2949.985000 2950.592298 16
303 2959.411000 2960.264740 19
304 2969.411000 2967.841434 22
305 2979.660000 2979.166891 26
306 2989.373000 2977.147255 8
307 2999.373000 2987.147255 0
308 3009.156000 3011.973630 10
309 3018.995000 3022.403305 23
310 3028.707000 3028.609646 19
311 3038.277000 3037.341352 8
312 3046.041000 3043.034634 11
313 3054.913000 3053.034634 0
314 3064.767000 3063.034634 0
315 3074.767000 3074.467792 25
316 3084.516000 3084.285534 9
317 3092.780000 3092.306961 21
318 3102.278000 3102.117507 18
319 3113.010000 3109.775846 13
320 3122.474000 3123.164228 8
321 3132.329000 3131.227467 26
322 3140.879000 3140.157362 29
323 3150.790000 3146.777860 8
324 3160.555000 3159.824451 22
325 3169.624000 3169.824451 0
326 3177.834000 3179.824451 0
327 3187.548000 3188.811330 12
328 3198.656000 3198.725020 22
329 3208.441000 3208.464521 15
330 3217.491000 3217.078318 17
331 3228.026000 3228.635469 28
332 3238.294000 3238.635469 0
333 3248.222000 3248.635469 0
334 3258.222000 3257.628749 26
335 3267.432000 3266.865247 19
336 3277.002000 3276.365526 34
337 3287.002000 3287.118928 10
338 3297.002000 3297.118928 0
339 3307.002000 3308.885261 20
340 3316.855000 3315.963973 8
341 3326.855000 3328.337331 23
342 3335.816000 3336.187032 14
343 3346.780000 3345.818377 14
344 3357.496000 3357.862692 16
345 3367.780000 3367.892488 33
346 3377.690000 3377.892488 0
347 3387.331000 3386.254167 15
348 3397.331000 3397.043045 25
349 3403.895000 3404.443449 16
350 3413.895000 3414.443449 0
351 3423.625000 3423.924817 17
352 3434.501000 3435.181552 8
353 3444.227000 3444.448141 20
354 3454.999000 3454.071117 14
355 3464.135000 3464.262690 29
356 3474.135000 3468.097276 11
357 3484.135000 3484.373867 21
358 3493.815000 3494.195433 21
359 3503.474000 3502.993981 23
360 3513.133000 3512.529675 27
361 3522.614000 3522.139119 22
362 3532.614000 3532.139119 0
363 3540.698000 3541.357477 17
364 3549.319000 3549.113775 12
365 3560.035000 3560.262274 9
366 3570.427000 3570.437811 17
367 3579.853000 3579.682528 17
368 3588.868000 3630.566289 11
369 3597.758000 3581.204249 8
370 3608.598000 3591.204249 0
371 3619.205000 3620.505824 9
372 3630.495000 3630.868912 20
373 3639.841000 3639.348062 23
374 3650.150000 3649.348062 0
375 3658.773000 3659.348062 0
376 3669.988000 3669.348062 0
377 3675.443000 3676.168491 10
378 3686.082000 3686.278115 35
379 3696.082000 3696.278115 0
380 3707.480000 3709.575440 26
381 3717.480000 3721.102274 34
382 3727.480000 3721.429718 17
383 3737.086000 3738.267547 13
384 3746.943000 3754.442701 9
385 3756.241000 3757.399988 30
386 3766.400000 3766.087097 22
387 3776.400000 3759.664130 15
388 3786.400000 3750.165087 11
389 3795.665000 3794.930428 20
390 3803.874000 3802.359891 21
391 3813.588000 3814.165731 32
392 3823.819000 3823.307556 10
393 3833.460000 3833.307556 0
394 3842.278000 3842.657163 23
395 3852.672000 3852.552136 20
396 3863.100000 3864.487487 11
397 3873.868000 3874.674586 19
398 3883.688000 3882.349390 14
399 3892.560000 3890.267056 18
400 3903.079000 3902.819354 25
401 3913.113000 3914.127141 12
402 3922.683000 3922.302225 21
403 3932.467000 3932.172533 23
404 3942.324000 3939.226454 10
405 3950.945000 3950.989399 16
406 3960.478000 3962.730311 17
407 3970.818000 3971.106230 12
408 3980.709000 3981.106230 0
409 3987.524000 3988.167356 20
410 3997.721000 3998.196738 32
411 4007.827000 4006.482991 16
412 4017.827000 4016.482991 0
413 4027.055000 4027.046223 18
414 4036.481000 4036.159611 27
415 4046.481000 4045.926630 17
416 4055.175000 4055.176248 22
417 4064.458000 4064.789498 13
418 4073.867000 4042.439515 9
419 4082.614000 4052.439515 0
420 4093.775000 4094.030706 10
421 4102.647000 4102.724169 20
422 4111.877000 4110.491049 16
423 4121.715000 4121.973277 32
424 4130.747000 4131.973277 0
425 4140.193000 4140.213000 26
426 4150.031000 4149.926290 14
427 4159.457000 4160.166669 13
428 4170.041000 4169.658230 20
429 4179.827000 4179.449166 33
430 4189.240000 4189.006465 17
431 4198.753000 4199.808430 18
432 4208.351000 4208.580619 32
433 4217.789000 4218.215011 30
434 4227.286000 4225.849524 16
435 4236.999000 4237.062192 24
436 4244.888000 4244.675640 18
437 4254.888000 4254.675640 0
438 4264.439000 4235.030341 9
439 4274.258000 4274.738270 24
440 4284.043000 4284.315953 26
441 4294.402000 4294.264703 27
442 4303.916000 4303.706229 35
443 4313.916000 4310.755725 18
444 4323.916000 4324.921425 13
445 4333.452000 4334.036185 20
446 4343.452000 4343.651722 24
447 4353.696000 4351.861063 17
448 4363.535000 4363.777496 15
449 4373.659000 4389.426729 9
450 4384.141000 4399.426729 0
451 4393.800000 4394.754316 15
452 4403.011000 4402.845035 18
453 4412.922000 4412.041568 21
454 4421.741000 4421.088676 30
455 4431.202000 4470.845442 8
456 4440.558000 4441.572500 28
457 4450.718000 4450.650535 21
458 4460.914000 4458.689272 16
459 4468.980000 4469.272015 22
460 4477.834000 4475.937964 12
461 4487.834000 4523.741937 15
462 4496.760000 4469.883343 10
463 4505.714000 4479.883343 0
464 4514.669000 4489.883343 0
465 4522.896000 4523.672267 10
466 4532.554000 4472.867427 14
467 4540.771000 4542.372728 26
468 4549.692000 4548.536903 27
469 4558.663000 4566.868947 9
470 4568.567000 4574.620372 21
471 4579.446000 4577.250797 17
472 4586.385000 4586.666037 27
473 4596.676000 4596.772861 17
474 4606.008000 4606.047454 32
475 4615.820000 4575.622121 10
476 4624.232000 4623.683381 13
477 4633.843000 4633.725278 30
478 4643.506000 4643.527128 39
479 4652.917000 4652.466729 20
480 4662.917000 4662.858323 31
481 4672.917000 4672.801779 29
