001 0.000000 -0.086598 79
002 10.000000 10.047357 34
003 20.000000 18.833456 27
004 28.072000 28.181881 18
005 38.058000 38.080789 24
006 48.059000 48.075053 35
007 58.056000 58.089199 19
008 68.056000 68.029528 39
009 78.056000 78.078623 42
010 88.056000 88.072065 49
011 98.056000 97.937625 58
012 108.056000 108.200576 63
013 118.056000 118.080214 54
014 128.056000 128.087926 65
015 138.056000 138.072867 62
016 148.056000 148.078481 63
017 158.056000 158.145389 77
018 168.056000 168.079750 58
019 178.056000 178.238992 58
020 188.056000 188.089169 73
021 198.056000 198.086176 75
022 208.056000 208.078213 64
023 218.056000 218.023137 69
024 228.056000 228.015501 34
025 238.056000 239.186675 39
026 248.056000 248.463476 25
027 258.311000 301.094845 19
028 268.392000 268.489360 17
029 278.457000 278.080058 25
030 288.680000 282.448831 11
031 299.265000 299.754855 32
032 309.265000 309.202806 26
033 319.460000 317.954023 9
034 329.886000 327.954023 0
035 331.489000 337.954023 0
036 341.050000 309.169274 9
037 352.269000 368.286043 21
038 362.269000 368.461751 13
039 372.483000 368.173604 11
040 382.483000 383.472606 33
041 392.844000 393.193373 24
042 403.556000 403.257020 25
043 414.326000 413.257020 0
044 424.449000 424.346124 26
045 434.768000 434.643055 27
046 444.768000 444.305596 8
047 452.651000 454.465916 13
048 462.775000 464.014185 12
049 472.194000 454.895408 8
050 482.194000 482.250713 13
051 491.877000 493.389589 31
052 501.624000 502.022014 30
053 511.427000 510.651804 27
054 520.978000 520.558583 23
055 530.978000 530.454352 19
056 541.619000 542.785500 10
057 550.842000 562.649099 9
058 560.228000 562.671731 12
059 569.286000 568.705478 12
060 578.659000 575.436605 21
061 588.915000 573.520707 13
062 598.555000 569.349119 10
063 608.681000 609.102103 16
064 619.259000 618.917099 40
065 628.721000 628.629329 25
066 638.369000 635.449923 9
067 647.991000 645.449923 0
068 657.851000 657.918584 22
069 666.916000 666.852459 23
070 675.899000 675.369658 23
071 685.573000 685.663661 28
072 695.248000 695.498997 23
073 705.586000 705.650000 16
074 715.395000 715.650000 0
075 725.261000 725.967990 24
076 734.717000 821.431578 16
077 745.217000 745.522186 21
078 755.217000 754.723173 24
079 764.858000 763.484405 14
080 774.506000 773.484405 0
081 785.429000 786.263687 10
082 796.513000 796.750319 32
083 806.746000 807.876359 17
084 816.819000 816.775642 23
085 826.819000 826.160859 37
086 836.249000 836.160859 0
087 846.163000 846.808931 22
088 856.163000 856.125097 9
089 864.873000 865.616684 9
090 873.220000 873.111213 29
091 883.027000 883.950661 15
092 892.860000 891.224161 9
093 902.860000 903.115646 15
094 912.210000 911.033488 21
095 921.433000 923.372726 11
096 931.433000 931.170118 24
097 940.742000 940.961896 16
098 949.547000 949.305095 20
099 958.617000 977.835747 10
100 968.324000 968.029423 17
101 977.329000 978.528025 25
102 987.329000 987.543650 30
103 997.595000 996.074439 16
104 1007.336000 1007.318985 14
105 1017.463000 1041.348934 11
106 1028.014000 1029.714680 11
107 1037.881000 1112.078149 13
108 1046.619000 1046.693223 28
109 1056.878000 1057.176750 24
110 1066.607000 1066.207426 22
111 1076.607000 1076.207426 0
112 1085.691000 1087.125629 14
113 1095.691000 1095.626464 43
114 1104.986000 1105.711262 31
115 1115.086000 1114.832817 29
116 1124.734000 1124.106826 26
117 1133.904000 1131.655123 15
118 1143.738000 1143.267407 25
119 1153.068000 1153.855938 9
120 1162.582000 1162.886290 18
121 1172.470000 1171.687937 16
122 1181.693000 1181.162014 16
123 1191.553000 1191.162014 0
124 1201.148000 1202.060920 20
125 1211.148000 1210.589340 12
126 1220.338000 1220.060033 15
127 1229.986000 1229.693784 14
128 1239.076000 1238.528225 22
129 1249.076000 1275.041024 8
130 1257.800000 1258.859654 12
131 1267.668000 1269.604329 14
132 1278.014000 1279.293161 23
133 1288.014000 1288.032613 13
134 1297.789000 1298.320565 19
135 1307.517000 1307.731483 15
136 1317.517000 1317.731483 0
137 1327.250000 1327.855498 23
138 1336.985000 1337.121583 39
139 1346.985000 1345.678362 24
140 1356.581000 1356.095405 18
141 1365.299000 1366.095405 0
142 1375.105000 1341.567118 10
143 1385.579000 1339.862510 8
144 1395.579000 1395.535466 27
145 1405.579000 1405.104052 26
146 1415.931000 1416.003524 18
147 1425.340000 1421.612553 10
148 1434.351000 1431.612553 0
149 1443.813000 1446.904146 12
150 1453.703000 1453.703000 26
151 1463.450000 1462.828593 10
152 1471.333000 1472.828593 0
153 1481.566000 1482.828593 0
154 1491.044000 1489.922988 28
155 1500.579000 1501.449246 9
156 1510.173000 1511.449246 0
157 1520.607000 1522.824368 13
158 1530.868000 1532.824368 0
159 1540.607000 1540.429012 10
160 1549.968000 1566.412166 14
161 1560.345000 1560.810287 20
162 1570.539000 1569.373435 19
163 1579.858000 1580.029904 22
164 1589.858000 1590.029904 0
165 1599.858000 1600.029904 0
166 1610.086000 1610.438637 19
167 1620.615000 1622.244291 24
168 1631.827000 1632.244291 0
169 1641.168000 1640.444799 16
170 1651.300000 1651.308971 13
171 1663.636000 1661.308971 0
172 1672.749000 1672.210150 29
173 1683.172000 1687.037814 10
174 1693.095000 1694.282773 17
175 1702.956000 1702.512233 28
176 1713.607000 1710.357665 9
177 1724.031000 1724.202019 11
178 1734.031000 1734.202019 0
179 1742.838000 1744.202019 0
180 1752.449000 1751.385992 14
181 1760.542000 1759.991081 17
182 1770.715000 1771.202670 17
183 1780.992000 1766.749326 10
184 1790.832000 1789.747148 19
185 1800.832000 1800.694897 17
186 1810.721000 1810.988859 29
187 1820.617000 1820.628144 27
188 1830.360000 1830.239061 31
189 1840.013000 1839.580436 32
190 1849.209000 1849.580436 0
191 1860.090000 1820.895221 10
192 1869.680000 1830.895221 0
193 1879.478000 1824.197095 10
194 1889.402000 1889.320854 26
195 1899.097000 1898.104700 16
196 1908.417000 1903.939503 9
197 1917.757000 1920.142178 18
198 1926.911000 1927.050023 28
199 1937.293000 1937.204709 18
200 1946.883000 1945.048709 15
201 1954.809000 1954.005824 14
202 1964.620000 1964.005824 0
203 1974.782000 1974.005824 0
204 1985.579000 1986.183125 16
205 1995.308000 1995.380395 19
206 2005.308000 2005.651370 9
207 2015.204000 2015.240692 9
208 2024.919000 2023.730664 27
209 2034.823000 2033.730664 0
210 2044.823000 2045.420216 36
211 2053.733000 2054.891814 9
212 2065.736000 2065.604254 26
213 2075.432000 2074.813947 26
214 2085.432000 2085.493804 22
215 2095.640000 2095.493804 0
216 2105.535000 2077.308961 11
217 2116.249000 2116.531378 11
218 2125.944000 2125.985683 32
219 2135.944000 2136.530390 21
220 2146.477000 2146.322299 14
221 2156.339000 2157.279827 21
222 2166.172000 2167.669181 23
223 2176.248000 2176.404844 11
224 2185.589000 2182.130405 13
225 2195.326000 2196.147349 22
226 2205.520000 2204.613435 21
227 2217.024000 2217.848117 30
228 2227.821000 2227.657392 16
229 2237.286000 2237.070275 33
230 2246.071000 2245.897043 15
231 2256.071000 2255.706571 15
232 2265.092000 2264.234662 20
233 2275.092000 2280.397353 8
234 2284.908000 2284.863064 26
235 2294.908000 2295.155311 30
236 2304.609000 2304.495605 26
237 2314.609000 2312.607713 10
238 2324.304000 2324.165130 16
239 2334.304000 2334.165130 0
240 2344.486000 2345.104181 15
241 2353.057000 2355.104181 0
242 2362.985000 2365.104181 0
243 2372.520000 2372.795765 29
244 2381.683000 2379.891679 10
245 2392.797000 2389.891679 0
246 2402.524000 2402.576892 19
247 2412.524000 2412.659923 30
248 2422.603000 2422.680423 28
249 2432.623000 2431.380629 24
250 2442.623000 2441.566333 27
251 2451.774000 2449.905133 22
252 2461.676000 2419.013973 8
253 2470.754000 2473.895837 12
254 2481.214000 2480.839572 34
255 2491.098000 2490.763316 10
256 2500.447000 2500.097905 18
257 2509.765000 2509.314837 24
258 2518.890000 2520.628778 12
259 2529.280000 2529.262820 14
260 2538.944000 2539.260716 28
261 2548.529000 2548.411954 26
262 2558.036000 2557.123279 14
263 2567.093000 2566.612581 11
264 2575.836000 2576.612581 0
265 2585.931000 2586.050441 22
266 2595.244000 2595.715485 18
267 2605.244000 2605.536398 15
268 2615.042000 2614.392596 21
269 2624.843000 2624.277156 15
270 2635.057000 2634.277156 0
271 2645.270000 2645.976542 28
272 2654.752000 2655.976542 0
273 2664.938000 2664.036971 19
274 2674.439000 2674.006801 12
275 2684.201000 2685.203778 9
276 2693.355000 2695.203778 0
277 2703.021000 2703.589033 17
278 2712.409000 2712.523918 13
279 2722.955000 2723.904750 34
280 2733.351000 2733.260957 33
281 2743.508000 2743.307457 20
282 2753.438000 2753.307457 0
283 2763.906000 2764.574516 11
284 2774.276000 2774.059856 25
285 2783.156000 2783.206877 22
286 2792.350000 2791.492283 11
287 2802.543000 2802.980161 9
288 2812.446000 2812.980161 0
289 2821.794000 2824.369254 14
290 2830.771000 2830.727336 8
291 2841.083000 2840.727336 0
292 2851.257000 2850.145664 12
293 2861.257000 2857.913334 14
294 2871.591000 2867.913334 0
295 2880.480000 2877.913334 0
296 2890.480000 2890.777158 16
297 2900.383000 2900.911626 26
298 2910.232000 2910.736793 20
299 2920.525000 2920.348046 10
300 2930.148000 2929.978350 26
301 2939.843000 2940.016281 21
302 2949.985000 2949.443958 16
303 2959.411000 2959.691960 19
304 2969.411000 2969.123050 13
305 2979.660000 2979.300749 28
306 2989.373000 2977.821162 9
307 2999.373000 2987.821162 0
308 3009.156000 2961.263621 9
309 3018.995000 3019.513116 25
310 3028.707000 3028.578964 20
311 3038.277000 3037.355136 8
312 3046.041000 3046.299284 17
313 3054.913000 3056.299284 0
314 3064.767000 3064.704902 11
315 3074.767000 3073.838838 16
316 3084.516000 3084.210203 17
317 3092.780000 3092.758529 18
318 3102.278000 3101.845349 17
319 3113.010000 3111.700139 16
320 3122.474000 3081.764505 9
321 3132.329000 3131.588393 24
322 3140.879000 3140.316762 26
323 3150.790000 3150.583529 14
324 3160.555000 3159.320979 18
325 3169.624000 3169.320979 0
326 3177.834000 3179.320979 0
327 3187.548000 3187.435484 24
328 3198.656000 3199.449083 11
329 3208.441000 3207.962846 19
330 3217.491000 3217.813054 18
331 3228.026000 3228.236178 24
332 3238.294000 3238.236178 0
333 3248.222000 3247.575207 10
334 3258.222000 3257.760753 29
335 3267.432000 3267.159981 17
336 3277.002000 3276.761660 33
337 3287.002000 3286.761660 0
338 3297.002000 3296.761660 0
339 3307.002000 3308.534395 21
340 3316.855000 3318.534395 0
341 3326.855000 3329.191519 20
342 3335.816000 3335.044062 8
343 3346.780000 3392.502412 13
344 3357.496000 3357.982678 17
345 3367.780000 3367.755367 29
346 3377.690000 3378.587581 11
347 3387.331000 3387.176098 17
348 3397.331000 3397.373661 28
349 3403.895000 3404.316732 18
350 3413.895000 3412.316152 12
351 3423.625000 3423.711923 18
352 3434.501000 3435.801169 14
353 3444.227000 3444.528061 27
354 3454.999000 3454.287195 17
355 3464.135000 3464.273955 26
356 3474.135000 3474.273955 0
357 3484.135000 3484.481430 18
358 3493.815000 3494.079616 12
359 3503.474000 3503.165807 20
360 3513.133000 3512.842259 20
361 3522.614000 3522.136191 21
362 3532.614000 3552.195082 8
363 3540.698000 3541.176531 19
364 3549.319000 3549.438764 15
365 3560.035000 3563.373990 8
366 3570.427000 3570.467557 16
367 3579.853000 3579.113463 25
368 3588.868000 3584.687739 12
369 3597.758000 3580.438947 8
370 3608.598000 3612.221078 10
371 3619.205000 3619.152566 13
372 3630.495000 3630.196765 26
373 3639.841000 3639.890603 25
374 3650.150000 3649.890603 0
375 3658.773000 3661.513326 9
376 3669.988000 3671.513326 0
377 3675.443000 3676.063884 9
378 3686.082000 3686.534125 38
379 3696.082000 3696.534125 0
380 3707.480000 3709.059464 25
381 3717.480000 3720.759671 34
382 3727.480000 3721.368898 18
383 3737.086000 3800.467473 11
384 3746.943000 3753.865444 10
385 3756.241000 3757.254461 29
386 3766.400000 3766.072712 22
387 3776.400000 3760.434884 17
388 3786.400000 3787.449122 21
389 3795.665000 3794.794591 22
390 3803.874000 3802.280932 19
391 3813.588000 3813.821611 34
392 3823.819000 3823.606185 17
393 3833.460000 3833.606185 0
394 3842.278000 3842.561867 19
395 3852.672000 3852.218894 18
396 3863.100000 3864.909699 9
397 3873.868000 3874.700635 15
398 3883.688000 3880.262155 8
399 3892.560000 3891.190998 25
400 3903.079000 3902.885576 21
401 3913.113000 3913.920195 11
402 3922.683000 3922.572062 25
403 3932.467000 3932.116285 18
404 3942.324000 3942.116285 0
405 3950.945000 3950.996379 12
406 3960.478000 3962.628472 22
407 3970.818000 3971.216482 11
408 3980.709000 3980.777614 9
409 3987.524000 3988.129383 22
410 3997.721000 3998.217868 32
411 4007.827000 4006.700939 14
412 4017.827000 4016.700939 0
413 4027.055000 4027.230927 21
414 4036.481000 4036.068061 21
415 4046.481000 4046.125780 17
416 4055.175000 4055.300828 17
417 4064.458000 4064.506388 11
418 4073.867000 4074.506388 0
419 4082.614000 4033.383201 8
420 4093.775000 4093.939545 8
421 4102.647000 4102.836840 21
422 4111.877000 4111.373932 22
423 4121.715000 4121.691724 28
424 4130.747000 4156.390358 8
425 4140.193000 4140.266299 25
426 4150.031000 4150.328241 15
427 4159.457000 4160.237749 15
428 4170.041000 4170.164844 25
429 4179.827000 4179.492107 33
430 4189.240000 4189.866209 22
431 4198.753000 4199.583992 25
432 4208.351000 4208.363708 32
433 4217.789000 4217.770800 26
434 4227.286000 4227.477283 20
435 4236.999000 4236.949222 25
436 4244.888000 4245.046662 21
437 4254.888000 4255.046662 0
438 4264.439000 4265.046662 0
439 4274.258000 4274.880264 20
440 4284.043000 4284.262928 28
441 4294.402000 4293.623835 23
442 4303.916000 4303.364080 26
443 4313.916000 4301.643346 8
444 4323.916000 4325.162838 17
445 4333.452000 4333.953577 26
446 4343.452000 4343.810884 26
447 4353.696000 4352.059459 18
448 4363.535000 4363.805976 22
449 4373.659000 4388.946294 8
450 4384.141000 4398.946294 0
451 4393.800000 4394.252012 17
452 4403.011000 4403.103980 15
453 4412.922000 4412.227964 22
454 4421.741000 4420.172196 27
455 4431.202000 4473.478387 12
456 4440.558000 4441.559505 26
457 4450.718000 4452.000022 23
458 4460.914000 4460.413584 15
459 4468.980000 4469.713035 19
460 4477.834000 4476.469355 14
461 4487.834000 4523.836665 14
462 4496.760000 4533.836665 0
463 4505.714000 4577.621270 9
464 4514.669000 4519.842771 8
465 4522.896000 4604.007501 10
466 4532.554000 4531.734567 10
467 4540.771000 4541.439832 23
468 4549.692000 4549.454195 31
469 4558.663000 4574.194465 13
470 4568.567000 4575.542179 18
471 4579.446000 4576.500480 16
472 4586.385000 4587.792200 22
473 4596.676000 4595.926408 14
474 4606.008000 4606.165622 23
475 4615.820000 4576.012570 9
476 4624.232000 4586.012570 0
477 4633.843000 4633.509461 23
478 4643.506000 4643.802532 36
479 4652.917000 4652.378604 19
480 4662.917000 4662.868697 30
481 4672.917000 4672.643876 29
