001 0.000000 -0.135459 85
002 10.000000 9.980468 34
003 20.000000 18.517411 27
004 28.072000 28.060454 21
005 38.058000 38.085171 23
006 48.059000 48.203464 36
007 58.056000 57.993647 20
008 68.056000 68.080362 38
009 78.056000 78.074432 43
010 88.056000 88.067734 47
011 98.056000 98.050500 65
012 108.056000 108.188281 63
013 118.056000 118.079755 48
014 128.056000 128.092736 64
015 138.056000 138.083233 67
016 148.056000 148.083084 66
017 158.056000 158.197795 73
018 168.056000 168.081270 55
019 178.056000 178.292884 58
020 188.056000 188.089455 73
021 198.056000 198.079164 77
022 208.056000 208.136322 62
023 218.056000 218.060497 63
024 228.056000 227.767895 30
025 238.056000 239.376655 33
026 248.056000 248.529089 26
027 258.311000 260.526943 20
028 268.392000 268.833753 10
029 278.457000 278.520228 32
030 288.680000 283.114641 11
031 299.265000 299.628644 29
032 309.265000 308.979936 16
033 319.460000 317.851336 9
034 329.886000 327.851336 0
035 331.489000 390.767141 8
036 341.050000 385.174073 10
037 352.269000 453.140662 15
038 362.269000 368.985356 14
039 372.483000 367.200225 10
040 382.483000 383.723484 29
041 392.844000 393.133323 22
042 403.556000 404.865898 43
043 414.326000 414.865898 0
044 424.449000 424.116659 25
045 434.768000 434.702400 25
046 444.768000 444.670253 8
047 452.651000 452.937719 18
048 462.775000 458.746364 9
049 472.194000 506.581760 10
050 482.194000 482.227333 19
051 491.877000 492.533526 26
052 501.624000 502.113351 30
053 511.427000 510.745384 23
054 520.978000 520.730234 19
055 530.978000 530.730234 0
056 541.619000 540.730234 0
057 550.842000 564.817840 9
058 560.228000 562.656445 14
059 569.286000 570.121645 17
060 578.659000 574.622348 16
061 588.915000 572.856043 12
062 598.555000 599.017477 10
063 608.681000 608.632912 23
064 619.259000 618.766352 34
065 628.721000 628.389491 26
066 638.369000 635.503555 8
067 647.991000 645.503555 0
068 657.851000 655.503555 0
069 666.916000 666.745419 27
070 675.899000 676.029890 22
071 685.573000 685.813981 30
072 695.248000 695.345552 20
073 705.586000 705.865073 22
074 715.395000 715.865073 0
075 725.261000 725.411439 37
076 734.717000 820.301955 16
077 745.217000 745.556269 19
078 755.217000 755.398556 27
079 764.858000 796.411386 9
080 774.506000 806.411386 0
081 785.429000 786.263277 10
082 796.513000 796.884941 35
083 806.746000 807.200859 16
084 816.819000 816.798834 24
085 826.819000 826.532563 34
086 836.249000 836.532563 0
087 846.163000 847.414308 19
088 856.163000 856.067169 8
089 864.873000 865.609171 9
090 873.220000 873.075721 28
091 883.027000 883.954678 15
092 892.860000 893.954678 0
093 902.860000 904.891948 22
094 912.210000 911.213596 25
095 921.433000 922.408937 9
096 931.433000 931.166446 29
097 940.742000 939.870699 15
098 949.547000 949.487532 26
099 958.617000 979.335850 9
100 968.324000 968.319227 13
101 977.329000 979.066390 18
102 987.329000 988.133128 27
103 997.595000 995.103978 16
104 1007.336000 1007.533891 16
105 1017.463000 1017.533891 0
106 1028.014000 1028.508088 9
107 1037.881000 1040.182332 8
108 1046.619000 1046.715063 22
109 1056.878000 1056.860884 24
110 1066.607000 1066.386034 20
111 1076.607000 1102.313162 8
112 1085.691000 1086.277246 14
113 1095.691000 1095.747456 43
114 1104.986000 1105.413222 32
115 1115.086000 1114.273025 28
116 1124.734000 1124.225907 22
117 1133.904000 1134.225907 0
118 1143.738000 1143.504504 29
119 1153.068000 1153.316060 16
120 1162.582000 1162.608666 13
121 1172.470000 1171.918381 14
122 1181.693000 1180.678085 10
123 1191.553000 1190.678085 0
124 1201.148000 1201.424391 22
125 1211.148000 1210.611255 10
126 1220.338000 1220.183564 18
127 1229.986000 1229.356445 14
128 1239.076000 1238.136832 23
129 1249.076000 1275.546869 8
130 1257.800000 1232.925080 8
131 1267.668000 1269.761635 13
132 1278.014000 1278.429544 23
133 1288.014000 1288.741233 11
134 1297.789000 1295.777366 14
135 1307.517000 1305.777366 0
136 1317.517000 1315.777366 0
137 1327.250000 1327.876232 25
138 1336.985000 1336.896817 37
139 1346.985000 1346.053613 23
140 1356.581000 1356.231265 16
141 1365.299000 1396.811287 10
142 1375.105000 1377.457993 18
143 1385.579000 1339.901349 8
144 1395.579000 1395.629469 26
145 1405.579000 1405.782440 28
146 1415.931000 1416.258280 22
147 1425.340000 1422.286610 10
148 1434.351000 1432.286610 0
149 1443.813000 1446.209308 13
150 1453.703000 1453.666141 28
151 1463.450000 1464.853381 9
152 1471.333000 1474.853381 0
153 1481.566000 1484.853381 0
154 1491.044000 1489.762575 27
155 1500.579000 1499.762575 0
156 1510.173000 1508.437793 12
157 1520.607000 1521.802848 14
158 1530.868000 1530.939519 13
159 1540.607000 1540.677231 9
160 1549.968000 1566.253268 12
161 1560.345000 1561.363449 13
162 1570.539000 1568.459853 12
163 1579.858000 1580.081761 24
164 1589.858000 1590.081761 0
165 1599.858000 1600.081761 0
166 1610.086000 1610.081761 0
167 1620.615000 1623.354028 9
168 1631.827000 1634.724367 13
169 1641.168000 1641.190452 21
170 1651.300000 1651.300615 11
171 1663.636000 1661.300615 0
172 1672.749000 1671.936167 28
173 1683.172000 1685.996401 11
174 1693.095000 1693.567426 21
175 1702.956000 1702.405172 27
176 1713.607000 1711.346464 11
177 1724.031000 1723.960565 18
178 1734.031000 1733.960565 0
179 1742.838000 1743.347003 21
180 1752.449000 1751.471870 14
181 1760.542000 1762.289501 11
182 1770.715000 1771.598048 13
183 1780.992000 1766.832389 10
184 1790.832000 1780.229275 10
185 1800.832000 1800.016906 18
186 1810.721000 1810.857897 27
187 1820.617000 1820.448521 26
188 1830.360000 1830.069289 30
189 1840.013000 1839.452262 28
190 1849.209000 1849.452262 0
191 1860.090000 1861.822482 15
192 1869.680000 1869.508084 11
193 1879.478000 1880.241652 20
194 1889.402000 1889.393687 24
195 1899.097000 1898.403879 18
196 1908.417000 1902.167547 11
197 1917.757000 1923.864580 12
198 1926.911000 1926.894726 33
199 1937.293000 1937.571290 21
200 1946.883000 1946.424234 15
201 1954.809000 1954.068518 12
202 1964.620000 1953.573255 11
203 1974.782000 1993.221038 9
204 1985.579000 1986.186950 20
205 1995.308000 1995.964388 25
206 2005.308000 2005.643523 8
207 2015.204000 2015.634667 10
208 2024.919000 2023.654247 25
209 2034.823000 2033.654247 0
210 2044.823000 2045.442752 37
211 2053.733000 2053.904662 8
212 2065.736000 2066.922239 21
213 2075.432000 2074.507461 30
214 2085.432000 2084.758326 20
215 2095.640000 2124.271612 8
216 2105.535000 2134.271612 0
217 2116.249000 2117.850784 14
218 2125.944000 2126.054103 32
219 2135.944000 2136.527276 20
220 2146.477000 2146.037399 16
221 2156.339000 2157.852330 24
222 2166.172000 2166.620350 27
223 2176.248000 2176.068484 13
224 2185.589000 2182.840219 15
225 2195.326000 2194.749414 20
226 2205.520000 2205.752449 25
227 2217.024000 2217.648834 23
228 2227.821000 2227.348889 16
229 2237.286000 2237.056280 32
230 2246.071000 2245.891511 14
231 2256.071000 2255.916002 13
232 2265.092000 2263.500145 13
233 2275.092000 2276.262643 15
234 2284.908000 2285.527310 17
235 2294.908000 2295.769574 29
236 2304.609000 2304.367212 25
237 2314.609000 2311.884012 9
238 2324.304000 2323.667398 15
239 2334.304000 2333.667398 0
240 2344.486000 2344.882754 17
241 2353.057000 2356.838650 12
242 2362.985000 2362.715209 13
243 2372.520000 2372.138339 32
244 2381.683000 2379.346731 14
245 2392.797000 2388.803821 17
246 2402.524000 2402.703668 26
247 2412.524000 2412.843276 34
248 2422.603000 2422.372876 28
249 2432.623000 2431.916796 25
250 2442.623000 2441.848787 25
251 2451.774000 2450.248249 29
252 2461.676000 2460.248249 0
253 2470.754000 2473.108241 13
254 2481.214000 2480.801950 36
255 2491.098000 2559.632559 10
256 2500.447000 2569.632559 0
257 2509.765000 2579.632559 0
258 2518.890000 2519.444672 14
259 2529.280000 2528.895947 13
260 2538.944000 2539.262376 26
261 2548.529000 2549.696389 28
262 2558.036000 2559.696389 0
263 2567.093000 2565.556995 12
264 2575.836000 2558.758788 11
265 2585.931000 2585.447031 26
266 2595.244000 2594.930531 18
267 2605.244000 2605.150114 20
268 2615.042000 2614.469260 23
269 2624.843000 2623.425970 17
270 2635.057000 2633.425970 0
271 2645.270000 2646.381056 23
272 2654.752000 2656.381056 0
273 2664.938000 2665.424414 17
274 2674.439000 2673.748343 13
275 2684.201000 2684.857087 13
276 2693.355000 2694.857087 0
277 2703.021000 2703.788486 16
278 2712.409000 2712.347713 14
279 2722.955000 2723.465790 34
280 2733.351000 2733.471195 33
281 2743.508000 2743.279350 13
282 2753.438000 2753.279350 0
283 2763.906000 2764.556069 11
284 2774.276000 2773.970751 24
285 2783.156000 2783.098102 22
286 2792.350000 2789.600285 12
287 2802.543000 2802.838681 11
288 2812.446000 2812.838681 0
289 2821.794000 2823.885237 11
290 2830.771000 2828.193641 12
291 2841.083000 2842.727492 9
292 2851.257000 2851.274658 9
293 2861.257000 2861.274658 0
294 2871.591000 2907.746519 11
295 2880.480000 2917.746519 0
296 2890.480000 2890.586385 18
297 2900.383000 2900.119070 24
298 2910.232000 2907.651891 19
299 2920.525000 2920.727474 12
300 2930.148000 2930.176697 24
301 2939.843000 2909.114962 9
302 2949.985000 2949.312673 19
303 2959.411000 2960.845071 17
304 2969.411000 2968.319719 21
305 2979.660000 2979.210778 27
306 2989.373000 2989.210778 0
307 2999.373000 3000.103636 10
308 3009.156000 3093.968242 9
309 3018.995000 3019.990129 28
310 3028.707000 3028.714213 20
311 3038.277000 3036.582862 9
312 3046.041000 3045.887723 17
313 3054.913000 3055.887723 0
314 3064.767000 3021.787315 8
315 3074.767000 3075.216660 20
316 3084.516000 3084.300345 12
317 3092.780000 3092.426872 22
318 3102.278000 3102.134437 16
319 3113.010000 3109.595762 20
320 3122.474000 3082.892219 8
321 3132.329000 3131.779654 23
322 3140.879000 3139.379037 25
323 3150.790000 3150.770917 19
324 3160.555000 3159.420239 15
325 3169.624000 3169.420239 0
326 3177.834000 3179.420239 0
327 3187.548000 3187.904170 20
328 3198.656000 3198.963878 19
329 3208.441000 3207.758748 18
330 3217.491000 3217.241499 18
331 3228.026000 3225.565185 12
332 3238.294000 3235.565185 0
333 3248.222000 3247.591411 15
334 3258.222000 3257.541017 23
335 3267.432000 3267.001921 19
336 3277.002000 3276.581010 30
337 3287.002000 3286.581010 0
338 3297.002000 3296.581010 0
339 3307.002000 3308.875625 25
340 3316.855000 3315.268912 11
341 3326.855000 3328.980784 17
342 3335.816000 3335.569202 9
343 3346.780000 3345.569202 0
344 3357.496000 3357.964486 18
345 3367.780000 3367.754438 35
346 3377.690000 3378.863957 11
347 3387.331000 3387.653970 18
348 3397.331000 3397.484758 24
349 3403.895000 3404.196412 19
350 3413.895000 3412.734248 14
351 3423.625000 3423.927892 16
352 3434.501000 3496.464670 10
353 3444.227000 3444.499504 21
354 3454.999000 3454.843978 13
355 3464.135000 3464.359363 33
356 3474.135000 3474.359363 0
357 3484.135000 3484.152333 19
358 3493.815000 3494.407319 21
359 3503.474000 3503.302792 21
360 3513.133000 3512.949056 25
361 3522.614000 3521.775367 24
362 3532.614000 3531.775367 0
363 3540.698000 3541.030710 17
364 3549.319000 3549.550431 12
365 3560.035000 3562.963020 9
366 3570.427000 3570.243720 11
367 3579.853000 3579.724579 22
368 3588.868000 3582.854055 12
369 3597.758000 3592.854055 0
370 3608.598000 3611.025150 9
371 3619.205000 3619.857312 13
372 3630.495000 3630.013889 22
373 3639.841000 3639.891899 21
374 3650.150000 3648.973818 9
375 3658.773000 3658.973818 0
376 3669.988000 3668.973818 0
377 3675.443000 3676.332949 11
378 3686.082000 3686.508906 28
379 3696.082000 3696.508906 0
380 3707.480000 3719.058314 25
381 3717.480000 3720.870039 33
382 3727.480000 3721.365167 18
383 3737.086000 3799.029157 9
384 3746.943000 3754.554498 9
385 3756.241000 3757.488769 28
386 3766.400000 3766.089920 22
387 3776.400000 3760.305562 11
388 3786.400000 3787.582199 20
389 3795.665000 3794.919325 18
390 3803.874000 3801.874388 21
391 3813.588000 3813.575325 34
392 3823.819000 3823.792480 18
393 3833.460000 3833.792480 0
394 3842.278000 3842.639150 23
395 3852.672000 3852.160958 21
396 3863.100000 3865.025528 13
397 3873.868000 3876.424610 16
398 3883.688000 3881.479971 8
399 3892.560000 3889.777138 18
400 3903.079000 3902.973597 20
401 3913.113000 3914.196009 14
402 3922.683000 3922.295917 26
403 3932.467000 3932.461782 23
404 3942.324000 3942.461782 0
405 3950.945000 3950.989890 17
406 3960.478000 3966.418858 8
407 3970.818000 3970.577490 11
408 3980.709000 3980.577490 0
409 3987.524000 3987.566268 22
410 3997.721000 3997.960449 29
411 4007.827000 4006.975748 11
412 4017.827000 4022.471247 9
413 4027.055000 4026.600087 21
414 4036.481000 4036.872220 15
415 4046.481000 4045.886944 16
416 4055.175000 4054.533280 16
417 4064.458000 4064.533280 0
418 4073.867000 4042.267967 9
419 4082.614000 4052.267967 0
420 4093.775000 4062.267967 0
421 4102.647000 4103.574229 23
422 4111.877000 4112.045200 24
423 4121.715000 4121.543536 25
424 4130.747000 4154.189385 10
425 4140.193000 4140.264026 24
426 4150.031000 4150.206659 14
427 4159.457000 4160.142503 15
428 4170.041000 4169.829868 21
429 4179.827000 4179.478766 34
430 4189.240000 4189.756016 19
431 4198.753000 4199.564199 24
432 4208.351000 4209.649110 14
433 4217.789000 4217.608332 25
434 4227.286000 4226.956436 18
435 4236.999000 4236.905385 18
436 4244.888000 4244.891873 16
437 4254.888000 4257.980885 11
438 4264.439000 4234.441509 9
439 4274.258000 4274.684702 24
440 4284.043000 4284.248765 26
441 4294.402000 4294.288940 25
442 4303.916000 4303.798083 37
443 4313.916000 4310.313261 21
444 4323.916000 4325.312466 13
445 4333.452000 4334.407559 22
446 4343.452000 4343.904215 18
447 4353.696000 4352.475263 15
448 4363.535000 4363.742254 17
449 4373.659000 4349.813084 9
450 4384.141000 4359.813084 0
451 4393.800000 4393.878880 23
452 4403.011000 4403.741629 15
453 4412.922000 4412.232540 20
454 4421.741000 4420.961823 26
455 4431.202000 4430.961823 0
456 4440.558000 4441.547635 33
457 4450.718000 4451.335454 24
458 4460.914000 4460.346518 15
459 4468.980000 4469.046844 20
460 4477.834000 4476.550819 12
461 4487.834000 4485.958226 14
462 4496.760000 4495.958226 0
463 4505.714000 4505.958226 0
464 4514.669000 4587.628055 10
465 4522.896000 4524.215747 10
466 4532.554000 4531.328479 14
467 4540.771000 4540.864981 18
468 4549.692000 4549.615198 35
469 4558.663000 4568.156473 9
470 4568.567000 4574.751050 19
471 4579.446000 4577.728287 14
472 4586.385000 4586.984718 27
473 4596.676000 4597.743214 16
474 4606.008000 4605.840166 26
475 4615.820000 4615.840166 0
476 4624.232000 4579.166602 9
477 4633.843000 4634.681739 28
478 4643.506000 4644.442987 26
479 4652.917000 4652.906606 17
480 4662.917000 4663.021556 30
481 4672.917000 4672.662613 28
