001 0.000000 0.221437 48
002 10.000000 11.154072 16
003 20.000000 21.154072 0
004 30.000000 29.812926 13
005 39.500000 43.382352 18
006 49.500000 49.263228 33
007 59.500000 48.951671 23
008 69.500000 69.372745 34
009 79.500000 78.791321 30
010 89.500000 89.674956 42
011 99.500000 99.503295 62
012 109.500000 108.875754 53
013 119.495000 119.492086 52
014 129.495000 129.427099 58
015 139.495000 139.333882 52
016 149.495000 149.591159 51
017 159.495000 159.424766 61
018 169.495000 169.009338 65
019 179.496000 179.660013 69
020 189.496000 189.413042 60
021 199.496000 199.412038 67
022 209.496000 209.528573 72
023 219.496000 218.830070 35
024 229.496000 230.049161 23
025 239.496000 240.328762 31
026 249.496000 251.027901 10
027 257.833000 259.659454 11
028 268.070000 269.171413 14
029 278.273000 276.705557 24
030 288.681000 281.511883 10
031 299.870000 299.899733 34
032 309.155000 308.964606 16
033 319.459000 321.868825 9
034 327.623000 323.892125 13
035 333.710000 334.565786 8
036 343.710000 344.565786 0
037 353.913000 370.460481 11
038 362.483000 370.567820 12
039 374.999000 446.863449 8
040 385.304000 385.006945 17
041 395.507000 394.616693 13
042 405.814000 406.137857 24
043 416.151000 394.509430 10
044 426.151000 380.633059 13
045 436.526000 436.359629 15
046 446.591000 448.836356 16
047 454.821000 453.288905 23
048 464.821000 452.503402 9
049 473.425000 494.461749 8
050 483.288000 483.259538 17
051 493.185000 492.852182 25
052 502.674000 501.166228 18
053 512.129000 511.166228 0
054 521.822000 517.891791 9
055 532.195000 527.891791 0
056 540.665000 537.891791 0
057 550.665000 547.891791 0
058 560.936000 562.577791 17
059 570.219000 569.960130 16
060 580.219000 579.370721 26
061 590.965000 589.370721 0
062 600.454000 601.138942 16
063 610.340000 610.165671 17
064 620.425000 620.684913 25
065 630.553000 632.308763 22
066 641.140000 639.022270 13
067 650.220000 649.022270 0
068 660.064000 659.022270 0
069 670.064000 671.944663 10
070 679.938000 679.302881 23
071 689.580000 689.711032 25
072 699.835000 699.128282 13
073 709.835000 700.669733 10
074 719.292000 671.014306 10
075 729.031000 740.280406 11
076 738.875000 738.773968 24
077 748.746000 750.290956 12
078 758.152000 757.808590 25
079 767.529000 766.481740 21
080 777.609000 776.481740 0
081 787.844000 788.990741 17
082 798.130000 797.858188 21
083 808.001000 806.052799 13
084 818.288000 818.191579 18
085 828.471000 823.260987 17
086 837.900000 805.710610 14
087 848.134000 821.648249 14
088 857.721000 857.577064 11
089 866.734000 866.163244 15
090 875.852000 875.866970 19
091 885.852000 885.012154 19
092 894.867000 882.611038 8
093 904.998000 905.298541 18
094 914.582000 915.087083 19
095 924.168000 925.638231 25
096 934.168000 934.086821 18
097 943.521000 944.086821 0
098 952.743000 948.638501 13
099 962.718000 920.702035 11
100 972.147000 972.621108 15
101 982.147000 982.031717 27
102 991.915000 990.922638 22
103 1002.124000 1000.671630 12
104 1012.593000 1012.643667 18
105 1022.696000 1022.787240 13
106 1032.179000 1032.727760 28
107 1041.271000 1041.525386 24
108 1051.090000 1051.176922 15
109 1061.324000 1057.771638 11
110 1071.092000 1070.647917 18
111 1081.067000 1080.647917 0
112 1090.341000 1090.647917 0
113 1100.264000 1101.383404 16
114 1110.601000 1111.125969 21
115 1120.188000 1117.581211 13
116 1129.695000 1129.070131 24
117 1139.543000 1139.760565 18
118 1148.939000 1149.881348 25
119 1159.306000 1159.647502 9
120 1168.955000 1168.008463 10
121 1178.580000 1177.932937 20
122 1188.580000 1187.932937 0
123 1198.222000 1163.748220 8
124 1208.379000 1209.914845 11
125 1218.491000 1218.605980 12
126 1228.491000 1228.478111 19
127 1237.938000 1236.818331 21
128 1248.097000 1221.181800 10
129 1257.411000 1231.181800 0
130 1267.338000 1268.103358 23
131 1277.474000 1277.903733 21
132 1287.371000 1285.102013 23
133 1295.957000 1295.948871 18
134 1306.140000 1367.611760 12
135 1316.557000 1377.611760 0
136 1325.905000 1325.879965 22
137 1336.205000 1337.563794 19
138 1346.205000 1345.693955 23
139 1355.472000 1355.531141 12
140 1365.786000 1365.665988 22
141 1375.106000 1331.021718 8
142 1384.732000 1389.232508 9
143 1394.373000 1396.093739 18
144 1403.969000 1404.948543 28
145 1413.772000 1413.981449 26
146 1423.807000 1423.981449 0
147 1432.759000 1432.861455 18
148 1442.185000 1401.728511 8
149 1452.185000 1451.931679 29
150 1461.552000 1462.125574 11
151 1469.403000 1470.665616 8
152 1481.218000 1480.665616 0
153 1491.130000 1489.846786 13
154 1501.296000 1502.322824 15
155 1511.430000 1511.958750 14
156 1521.754000 1521.302155 16
157 1531.842000 1531.302155 0
158 1540.884000 1566.790599 12
159 1551.794000 1550.859060 23
160 1561.076000 1563.232474 11
161 1570.996000 1571.734053 17
162 1580.996000 1581.647817 27
163 1590.875000 1591.962407 12
164 1600.220000 1652.033575 9
165 1609.660000 1640.145719 8
166 1616.952000 1650.145719 0
167 1627.628000 1628.921357 16
168 1638.073000 1638.281936 24
169 1647.976000 1647.042823 14
170 1659.699000 1653.159088 15
171 1669.718000 1669.537691 20
172 1680.298000 1680.794836 28
173 1690.007000 1689.718553 23
174 1700.007000 1699.834240 19
175 1710.047000 1709.350609 10
176 1719.833000 1718.078905 15
177 1729.931000 1728.078905 0
178 1740.105000 1741.068551 18
179 1750.008000 1749.996140 30
180 1759.659000 1759.951162 11
181 1768.983000 1769.150723 11
182 1778.325000 1776.922049 14
183 1786.836000 1819.926194 13
184 1796.991000 1799.688222 15
185 1806.991000 1806.554669 25
186 1817.339000 1817.132501 29
187 1826.856000 1826.888469 35
188 1836.740000 1837.260839 28
189 1847.455000 1847.260839 0
190 1858.635000 1862.677085 9
191 1868.326000 1868.248550 25
192 1878.248000 1878.526998 28
193 1887.920000 1888.144162 20
194 1897.340000 1896.670745 21
195 1905.560000 1905.642151 13
196 1915.773000 1915.642151 0
197 1925.308000 1925.965675 31
198 1935.308000 1935.779968 23
199 1945.308000 1945.372308 19
200 1955.077000 1954.988805 12
201 1964.709000 1963.827572 11
202 1974.265000 1973.827572 0
203 1984.091000 1984.828062 13
204 1994.419000 1996.687418 9
205 2003.917000 2004.776656 12
206 2014.342000 2012.703478 10
207 2024.342000 2021.350921 18
208 2034.748000 2049.087254 12
209 2044.497000 2046.091833 12
210 2052.930000 2137.378031 12
211 2063.510000 2062.533361 16
212 2073.510000 2071.328434 13
213 2083.181000 2081.205087 18
214 2092.775000 2091.205087 0
215 2102.699000 2103.833109 17
216 2113.085000 2114.073246 17
217 2122.582000 2123.070645 25
218 2132.582000 2132.581981 10
219 2142.621000 2142.253800 17
220 2152.621000 2152.253800 0
221 2162.408000 2118.717218 8
222 2171.964000 2171.817609 23
223 2181.132000 2181.277186 25
224 2192.079000 2192.634749 20
225 2201.906000 2199.839109 23
226 2212.564000 2209.839109 0
227 2222.486000 2222.439277 33
228 2231.635000 2231.301304 26
229 2240.552000 2240.281480 23
230 2248.869000 2252.108214 9
231 2259.720000 2259.595826 20
232 2269.584000 2285.893379 12
233 2279.663000 2280.007809 20
234 2289.295000 2290.861842 16
235 2299.140000 2298.986684 24
236 2308.309000 2308.332917 24
237 2318.309000 2318.332917 0
238 2328.433000 2362.626864 8
239 2338.700000 2339.056534 31
240 2348.841000 2318.517932 11
241 2357.638000 2359.150746 11
242 2367.556000 2370.796507 16
243 2377.556000 2376.776080 24
244 2387.492000 2387.161006 22
245 2397.492000 2397.161006 0
246 2407.245000 2407.357057 38
247 2416.888000 2416.884219 15
248 2426.625000 2426.213269 22
249 2436.625000 2436.470907 20
250 2446.625000 2446.400434 18
251 2455.791000 2456.400434 0
252 2465.563000 2466.400434 0
253 2475.219000 2476.069281 24
254 2484.752000 2484.355430 13
255 2494.345000 2494.004099 16
256 2503.590000 2504.287256 18
257 2513.327000 2509.426656 19
258 2522.425000 2470.857179 14
259 2532.425000 2532.800890 20
260 2542.010000 2542.178340 19
261 2551.132000 2550.943409 21
262 2560.594000 2560.943409 0
263 2569.813000 2612.603078 9
264 2579.056000 2608.235637 9
265 2588.033000 2588.174297 15
266 2597.181000 2598.174297 0
267 2607.181000 2608.119189 11
268 2616.802000 2614.578292 11
269 2625.949000 2625.291763 27
270 2635.336000 2668.165985 10
271 2645.336000 2645.460885 16
272 2654.752000 2656.197410 12
273 2664.938000 2668.247029 12
274 2673.879000 2674.329739 27
275 2684.329000 2684.329739 0
276 2693.608000 2709.761602 8
277 2703.396000 2705.477965 13
278 2712.325000 2712.096750 28
279 2723.233000 2724.280545 16
280 2733.586000 2733.213223 21
281 2743.313000 2775.891849 8
282 2753.123000 2785.891849 0
283 2760.110000 2846.913974 12
284 2770.319000 2770.538521 18
285 2780.069000 2780.118450 25
286 2790.069000 2787.652382 8
287 2800.298000 2797.489379 14
288 2810.104000 2807.489379 0
289 2819.480000 2791.076239 10
290 2829.025000 2801.076239 0
291 2839.102000 2839.308409 20
292 2849.021000 2849.308409 0
293 2858.916000 2859.308409 0
294 2869.329000 2896.081674 14
295 2877.668000 2878.942361 28
296 2887.442000 2887.798990 15
297 2897.795000 2897.316945 39
298 2907.293000 2906.127767 13
299 2917.175000 2916.777836 31
300 2926.998000 2920.533205 9
301 2935.746000 2930.533205 0
302 2945.436000 2940.533205 0
303 2955.356000 2955.974228 14
304 2964.522000 2965.312556 9
305 2974.983000 2975.497903 25
306 2985.603000 2984.521262 23
307 2995.729000 2994.521262 0
308 3006.629000 3005.684554 18
309 3014.953000 3015.645667 20
310 3024.823000 3024.199928 22
311 3034.477000 3032.555430 8
312 3043.168000 3041.195392 8
313 3051.342000 3051.195392 0
314 3061.468000 3034.162100 10
315 3071.381000 3071.205954 23
316 3080.242000 3079.689899 15
317 3090.518000 3089.349016 11
318 3099.379000 3099.602620 30
319 3109.614000 3109.602620 0
320 3119.010000 3080.356918 9
321 3128.279000 3128.750810 30
322 3137.870000 3136.693619 10
323 3146.021000 3147.348710 11
324 3155.866000 3155.755540 30
325 3165.193000 3162.594813 10
326 3174.701000 3163.859553 12
327 3184.357000 3136.608050 8
328 3194.357000 3194.677053 18
329 3204.267000 3204.809497 26
330 3213.801000 3211.739022 11
331 3224.560000 3224.220120 18
332 3234.264000 3259.331325 10
333 3244.615000 3250.033691 16
334 3253.814000 3254.220568 13
335 3263.814000 3263.868731 22
336 3273.940000 3272.014766 19
337 3283.138000 3282.014766 0
338 3294.383000 3292.014766 0
339 3302.959000 3302.014766 0
340 3312.556000 3312.990981 11
341 3323.005000 3323.469116 25
342 3334.161000 3333.097436 14
343 3344.480000 3392.013828 12
344 3354.582000 3367.934778 10
345 3364.582000 3377.934778 0
346 3374.424000 3374.099284 18
347 3384.424000 3384.099284 0
348 3394.511000 3394.666641 25
349 3404.275000 3404.666641 0
350 3414.420000 3414.666641 0
351 3423.839000 3424.666641 0
352 3434.227000 3435.326177 13
353 3443.973000 3443.267448 19
354 3454.135000 3454.361076 23
355 3463.796000 3463.416118 37
356 3473.317000 3473.416118 0
357 3483.002000 3483.416118 0
358 3491.710000 3574.685726 12
359 3501.231000 3500.917441 26
360 3511.079000 3510.159746 14
361 3520.698000 3520.915595 27
362 3530.154000 3530.915595 0
363 3539.741000 3540.915595 0
364 3549.838000 3550.915595 0
365 3559.823000 3559.057087 19
366 3571.457000 3569.840776 13
367 3581.369000 3627.079877 13
368 3590.500000 3637.079877 0
369 3600.241000 3689.089635 8
370 3610.648000 3610.499838 15
371 3620.496000 3620.499838 0
372 3631.869000 3631.532093 14
373 3640.968000 3640.644546 26
374 3651.042000 3648.084101 12
375 3660.726000 3645.958512 8
376 3667.063000 3676.694782 8
377 3675.057000 3679.228091 13
378 3686.171000 3685.931845 22
379 3694.652000 3695.931845 0
380 3705.060000 3731.850530 9
381 3715.001000 3711.501609 17
382 3725.044000 3721.501609 0
383 3733.674000 3733.027131 9
384 3743.809000 3742.595974 24
385 3753.461000 3753.469081 19
386 3763.193000 3763.772929 16
387 3772.288000 3794.833790 11
388 3781.697000 3804.833790 0
389 3791.239000 3791.086361 28
390 3799.153000 3797.729437 13
391 3809.153000 3807.649487 14
392 3818.946000 3816.591896 11
393 3828.946000 3824.856927 13
394 3839.290000 3839.479971 16
395 3849.127000 3849.375806 18
396 3859.366000 3859.587045 14
397 3869.880000 3872.181001 18
398 3879.793000 3879.397890 22
399 3889.165000 3888.990402 17
400 3898.538000 3899.194936 16
401 3908.473000 3909.144663 13
402 3918.296000 3918.928528 26
403 3928.034000 3927.923333 19
404 3937.025000 3933.828472 19
405 3945.670000 3943.828472 0
406 3954.797000 3953.828472 0
407 3963.756000 3963.828472 0
408 3975.048000 3974.979226 19
409 3981.645000 3984.880860 11
410 3992.690000 3992.509436 31
411 4002.457000 4002.136528 21
412 4011.982000 4054.638661 8
413 4021.430000 4021.587724 19
414 4030.624000 4033.549908 11
415 4040.513000 4039.995023 15
416 4049.727000 4048.633059 17
417 4058.371000 4058.447000 14
418 4068.258000 4068.447000 0
419 4076.974000 4078.447000 0
420 4085.661000 4088.447000 0
421 4096.585000 4096.286592 10
422 4105.894000 4105.501327 24
423 4115.448000 4115.501327 0
424 4123.311000 4172.262291 16
425 4132.804000 4132.708902 17
426 4142.148000 4145.849392 16
427 4151.574000 4152.061038 12
428 4160.897000 4160.215651 19
429 4170.041000 4170.472988 19
430 4180.202000 4178.884579 26
431 4189.466000 4189.157999 26
432 4198.878000 4179.022749 9
433 4208.352000 4209.685545 8
434 4218.124000 4217.909409 23
435 4228.124000 4228.002793 26
436 4237.399000 4235.012405 13
437 4245.914000 4244.858997 20
438 4255.326000 4254.858997 0
439 4264.948000 4230.083271 10
440 4274.331000 4274.573627 20
441 4284.331000 4284.793279 29
442 4294.866000 4293.597311 21
443 4304.488000 4304.410034 26
444 4314.081000 4297.755558 9
445 4323.524000 4324.931514 15
446 4333.314000 4333.639224 44
447 4342.679000 4342.856167 26
448 4351.252000 4351.699537 18
449 4361.175000 4360.974606 17
450 4371.247000 4370.974606 0
451 4380.061000 4380.974606 0
452 4388.724000 4389.682951 21
453 4397.957000 4399.241395 9
454 4408.286000 4408.199935 15
455 4418.401000 4418.473717 44
456 4427.665000 4458.985104 10
457 4437.586000 4438.274983 34
458 4447.586000 4449.325049 22
459 4457.586000 4456.527491 18
460 4466.965000 4467.252792 22
461 4476.557000 4476.260971 10
462 4485.941000 4485.534687 16
463 4495.941000 4495.534687 0
464 4504.556000 4505.534687 0
465 4514.556000 4515.237768 15
466 4524.310000 4525.237768 0
467 4532.555000 4532.879358 12
468 4542.555000 4540.626905 18
469 4551.201000 4536.204207 18
470 4561.332000 4535.768531 8
471 4572.125000 4571.653899 12
472 4581.268000 4581.653899 0
473 4590.771000 4590.903826 19
474 4600.003000 4603.227350 10
475 4610.003000 4608.586558 15
476 4619.399000 4620.384870 10
477 4627.343000 4643.388974 8
478 4636.335000 4636.446769 33
479 4646.109000 4645.872980 23
480 4655.421000 4655.232407 32
481 4665.421000 4665.232407 0
