001 0.000000 0.290638 47
002 10.000000 10.260566 21
003 20.000000 100.900039 9
004 30.000000 29.121686 16
005 39.500000 42.678063 20
006 49.500000 49.231586 38
007 59.500000 48.757346 24
008 69.500000 69.768370 34
009 79.500000 78.648908 31
010 89.500000 89.630889 47
011 99.500000 99.502983 64
012 109.500000 108.974796 56
013 119.495000 119.611247 44
014 129.495000 129.556003 58
015 139.495000 139.643239 51
016 149.495000 149.591448 51
017 159.495000 159.439794 59
018 169.495000 169.249770 64
019 179.496000 179.623171 71
020 189.496000 189.378269 61
021 199.496000 199.420726 69
022 209.496000 209.511221 71
023 219.496000 218.857774 32
024 229.496000 230.065504 22
025 239.496000 240.621854 29
026 249.496000 249.660576 13
027 257.833000 260.103983 14
028 268.070000 269.244086 12
029 278.273000 277.270159 18
030 288.681000 281.511883 10
031 299.870000 299.651476 36
032 309.155000 309.782515 20
033 319.459000 373.721976 10
034 327.623000 324.698336 13
035 333.710000 333.670588 8
036 343.710000 343.670588 0
037 353.913000 369.474976 9
038 362.483000 371.285379 12
039 374.999000 374.308864 11
040 385.304000 384.876630 18
041 395.507000 394.299958 10
042 405.814000 406.133731 25
043 416.151000 383.801442 8
044 426.151000 427.820160 11
045 436.526000 436.362020 20
046 446.591000 448.755518 14
047 454.821000 453.405400 25
048 464.821000 494.200904 10
049 473.425000 504.200904 0
050 483.288000 483.456371 20
051 493.185000 492.970470 27
052 502.674000 501.551616 21
053 512.129000 511.551616 0
054 521.822000 518.360130 10
055 532.195000 528.360130 0
056 540.665000 538.360130 0
057 550.665000 500.829224 9
058 560.936000 562.923079 17
059 570.219000 569.957995 17
060 580.219000 579.271774 24
061 590.965000 626.501563 9
062 600.454000 601.051596 18
063 610.340000 610.204113 16
064 620.425000 620.669973 24
065 630.553000 633.277544 21
066 641.140000 638.336700 15
067 650.220000 648.989577 14
068 660.064000 622.798934 12
069 670.064000 671.716463 10
070 679.938000 679.637286 24
071 689.580000 689.857546 28
072 699.835000 763.063580 9
073 709.835000 773.063580 0
074 719.292000 783.063580 0
075 729.031000 808.571504 8
076 738.875000 815.449660 10
077 748.746000 814.808210 8
078 758.152000 824.808210 0
079 767.529000 868.910388 9
080 777.609000 878.910388 0
081 787.844000 888.910388 0
082 798.130000 867.232036 8
083 808.001000 915.212483 8
084 818.288000 925.212483 0
085 828.471000 935.212483 0
086 837.900000 945.212483 0
087 848.134000 955.212483 0
088 857.721000 979.120997 10
089 866.734000 986.529197 9
090 875.852000 1043.600151 8
091 885.852000 1053.600151 0
092 894.867000 1063.600151 0
093 904.998000 1105.513770 9
094 914.582000 1115.513770 0
095 924.168000 1125.513770 0
096 934.168000 1112.066761 8
097 943.521000 1111.673607 14
098 952.743000 1121.673607 0
099 962.718000 1095.247088 10
100 972.147000 1105.247088 0
101 982.147000 1115.247088 0
102 991.915000 1125.247088 0
103 1002.124000 1135.247088 0
104 1012.593000 1145.247088 0
105 1022.696000 1232.808408 8
106 1032.179000 1162.498037 8
107 1041.271000 1172.498037 0
108 1051.090000 1182.498037 0
109 1061.324000 1192.498037 0
110 1071.092000 1233.090718 11
111 1081.067000 1243.090718 0
112 1090.341000 1253.090718 0
113 1100.264000 1231.158934 11
114 1110.601000 1241.158934 0
115 1120.188000 1251.158934 0
116 1129.695000 1218.740859 9
117 1139.543000 1228.740859 0
118 1148.939000 1238.740859 0
119 1159.306000 1248.740859 0
120 1168.955000 1258.740859 0
121 1178.580000 1283.212651 8
122 1188.580000 1284.672646 8
123 1198.222000 1338.740628 12
124 1208.379000 1278.086433 11
125 1218.491000 1351.081585 9
126 1228.491000 1281.434458 11
127 1237.938000 1291.434458 0
128 1248.097000 1276.725718 10
129 1257.411000 1356.940139 13
130 1267.338000 1267.628391 22
131 1277.474000 1277.598884 26
132 1287.371000 1285.616175 23
133 1295.957000 1295.932694 19
134 1306.140000 1305.028519 11
135 1316.557000 1285.816297 8
136 1325.905000 1325.843774 25
137 1336.205000 1337.391915 20
138 1346.205000 1345.708780 24
139 1355.472000 1355.700104 13
140 1365.786000 1365.756434 23
141 1375.106000 1375.756434 0
142 1384.732000 1387.563935 9
143 1394.373000 1396.102440 15
144 1403.969000 1404.618718 25
145 1413.772000 1414.061542 28
146 1423.807000 1474.299503 8
147 1432.759000 1429.907710 9
148 1442.185000 1444.528924 15
149 1452.185000 1452.221622 31
150 1461.552000 1462.393359 10
151 1469.403000 1472.393359 0
152 1481.218000 1479.542587 10
153 1491.130000 1490.131705 27
154 1501.296000 1503.199056 13
155 1511.430000 1512.326146 14
156 1521.754000 1521.479091 12
157 1531.842000 1521.958735 8
158 1540.884000 1568.675742 10
159 1551.794000 1551.682885 19
160 1561.076000 1561.073330 19
161 1570.996000 1571.726034 21
162 1580.996000 1581.339668 24
163 1590.875000 1592.007293 11
164 1600.220000 1651.621899 10
165 1609.660000 1661.621899 0
166 1616.952000 1671.621899 0
167 1627.628000 1628.710495 15
168 1638.073000 1638.454300 26
169 1647.976000 1648.172105 16
170 1659.699000 1649.398905 9
171 1669.718000 1668.804589 18
172 1680.298000 1680.455708 33
173 1690.007000 1689.857659 20
174 1700.007000 1699.840348 18
175 1710.047000 1709.350609 10
176 1719.833000 1718.079103 15
177 1729.931000 1728.079103 0
178 1740.105000 1741.317496 19
179 1750.008000 1750.490168 32
180 1759.659000 1759.276322 10
181 1768.983000 1769.520948 12
182 1778.325000 1777.395992 15
183 1786.836000 1819.683301 13
184 1796.991000 1800.138008 14
185 1806.991000 1806.857263 26
186 1817.339000 1817.447517 25
187 1826.856000 1826.737002 29
188 1836.740000 1836.985325 28
189 1847.455000 1846.985325 0
190 1858.635000 1856.985325 0
191 1868.326000 1868.250399 25
192 1878.248000 1877.802280 31
193 1887.920000 1888.192374 18
194 1897.340000 1896.529657 17
195 1905.560000 1905.243080 14
196 1915.773000 1915.243080 0
197 1925.308000 1925.935821 33
198 1935.308000 1936.009783 24
199 1945.308000 1945.677082 20
200 1955.077000 1953.348473 14
201 1964.709000 1963.906433 12
202 1974.265000 1973.906433 0
203 1984.091000 1984.241767 13
204 1994.419000 1999.061092 9
205 2003.917000 2004.383678 13
206 2014.342000 2067.827784 11
207 2024.342000 2022.252805 22
208 2034.748000 2045.634773 15
209 2044.497000 2045.436349 15
210 2052.930000 2061.280909 11
211 2063.510000 2062.640980 18
212 2073.510000 2072.307536 19
213 2083.181000 2081.604578 17
214 2092.775000 2091.604578 0
215 2102.699000 2103.687018 16
216 2113.085000 2114.661672 15
217 2122.582000 2123.050919 26
218 2132.582000 2132.581981 10
219 2142.621000 2141.762966 17
220 2152.621000 2151.907381 9
221 2162.408000 2120.412749 8
222 2171.964000 2171.854099 23
223 2181.132000 2180.984310 27
224 2192.079000 2192.236942 21
225 2201.906000 2200.220322 24
226 2212.564000 2208.928966 9
227 2222.486000 2222.325936 30
228 2231.635000 2231.285578 25
229 2240.552000 2240.513424 23
230 2248.869000 2252.472220 8
231 2259.720000 2259.653243 20
232 2269.584000 2284.067392 11
233 2279.663000 2280.003899 19
234 2289.295000 2290.090678 14
235 2299.140000 2298.740458 20
236 2308.309000 2308.333801 24
237 2318.309000 2315.889388 8
238 2328.433000 2325.889388 0
239 2338.700000 2338.954357 30
240 2348.841000 2319.061353 10
241 2357.638000 2358.906734 16
242 2367.556000 2367.477695 20
243 2377.556000 2376.702082 26
244 2387.492000 2387.688879 29
245 2397.492000 2397.688879 0
246 2407.245000 2407.309735 39
247 2416.888000 2416.776360 17
248 2426.625000 2426.077684 25
249 2436.625000 2437.008168 21
250 2446.625000 2446.336462 19
251 2455.791000 2456.336462 0
252 2465.563000 2466.336462 0
253 2475.219000 2476.114627 23
254 2484.752000 2484.355430 13
255 2494.345000 2494.050346 15
256 2503.590000 2504.456491 17
257 2513.327000 2509.418218 19
258 2522.425000 2470.857179 14
259 2532.425000 2532.609838 20
260 2542.010000 2542.702318 19
261 2551.132000 2551.349548 18
262 2560.594000 2561.349548 0
263 2569.813000 2610.681480 14
264 2579.056000 2606.807231 9
265 2588.033000 2588.019825 19
266 2597.181000 2598.019825 0
267 2607.181000 2607.854886 12
268 2616.802000 2614.433720 10
269 2625.949000 2625.300855 28
270 2635.336000 2635.300855 0
271 2645.336000 2645.707483 15
272 2654.752000 2655.717883 11
273 2664.938000 2667.292965 9
274 2673.879000 2674.191116 28
275 2684.329000 2684.191116 0
276 2693.608000 2709.757185 8
277 2703.396000 2707.604119 13
278 2712.325000 2712.439910 28
279 2723.233000 2724.010787 14
280 2733.586000 2733.469885 22
281 2743.313000 2777.861297 10
282 2753.123000 2787.861297 0
283 2760.110000 2766.538838 23
284 2770.319000 2770.538521 18
285 2780.069000 2780.167772 24
286 2790.069000 2790.167772 0
287 2800.298000 2797.341308 12
288 2810.104000 2807.341308 0
289 2819.480000 2790.381487 11
290 2829.025000 2800.381487 0
291 2839.102000 2839.602819 23
292 2849.021000 2849.602819 0
293 2858.916000 2855.466412 9
294 2869.329000 2896.235620 10
295 2877.668000 2878.578284 28
296 2887.442000 2888.276619 15
297 2897.795000 2897.502900 37
298 2907.293000 2906.160576 15
299 2917.175000 2916.486891 34
300 2926.998000 2926.486891 0
301 2935.746000 2936.486891 0
302 2945.436000 2946.486891 0
303 2955.356000 2955.897817 15
304 2964.522000 2964.068989 14
305 2974.983000 2975.513024 26
306 2985.603000 2985.694952 23
307 2995.729000 2974.380422 9
308 3006.629000 2984.380422 0
309 3014.953000 3015.064122 21
310 3024.823000 3024.378745 23
311 3034.477000 3033.989276 8
312 3043.168000 3043.989276 0
313 3051.342000 3053.989276 0
314 3061.468000 3063.989276 0
315 3071.381000 3071.108999 25
316 3080.242000 3079.540852 13
317 3090.518000 3083.166818 16
318 3099.379000 3099.653084 32
319 3109.614000 3109.653084 0
320 3119.010000 3080.805435 8
321 3128.279000 3129.016603 32
322 3137.870000 3090.505403 13
323 3146.021000 3145.525693 17
324 3155.866000 3155.751241 37
325 3165.193000 3200.611834 11
326 3174.701000 3165.253506 9
327 3184.357000 3137.813273 8
328 3194.357000 3194.848444 18
329 3204.267000 3204.561904 26
330 3213.801000 3264.875737 9
331 3224.560000 3224.279436 19
332 3234.264000 3234.279436 0
333 3244.615000 3251.571795 11
334 3253.814000 3254.214911 14
335 3263.814000 3263.864620 22
336 3273.940000 3266.262131 8
337 3283.138000 3276.262131 0
338 3294.383000 3286.262131 0
339 3302.959000 3296.262131 0
340 3312.556000 3312.237254 14
341 3323.005000 3323.311845 26
342 3334.161000 3332.994437 17
343 3344.480000 3390.553275 10
344 3354.582000 3367.327898 8
345 3364.582000 3377.327898 0
346 3374.424000 3374.272973 18
347 3384.424000 3384.272973 0
348 3394.511000 3394.766425 25
349 3404.275000 3404.766425 0
350 3414.420000 3414.766425 0
351 3423.839000 3424.766425 0
352 3434.227000 3435.483487 14
353 3443.973000 3443.267448 19
354 3454.135000 3454.411390 21
355 3463.796000 3463.519708 40
356 3473.317000 3504.988056 8
357 3483.002000 3438.183489 8
358 3491.710000 3504.558733 9
359 3501.231000 3500.906002 25
360 3511.079000 3509.298162 14
361 3520.698000 3520.904385 28
362 3530.154000 3530.904385 0
363 3539.741000 3539.624231 21
364 3549.838000 3549.624231 0
365 3559.823000 3559.246451 17
366 3571.457000 3570.102344 13
367 3581.369000 3576.060832 12
368 3590.500000 3586.060832 0
369 3600.241000 3556.205931 8
370 3610.648000 3610.500695 16
371 3620.496000 3620.500695 0
372 3631.869000 3631.163215 15
373 3640.968000 3641.115810 24
374 3651.042000 3651.115810 0
375 3660.726000 3646.619443 9
376 3667.063000 3675.595500 8
377 3675.057000 3680.109506 10
378 3686.171000 3686.316417 21
379 3694.652000 3696.316417 0
380 3705.060000 3706.316417 0
381 3715.001000 3711.547306 19
382 3725.044000 3721.547306 0
383 3733.674000 3733.058872 10
384 3743.809000 3742.565194 23
385 3753.461000 3753.482478 18
386 3763.193000 3763.777021 15
387 3772.288000 3792.024322 14
388 3781.697000 3802.024322 0
389 3791.239000 3791.057512 28
390 3799.153000 3798.360820 14
391 3809.153000 3807.420763 14
392 3818.946000 3817.457202 10
393 3828.946000 3825.167414 19
394 3839.290000 3839.811448 8
395 3849.127000 3849.619678 18
396 3859.366000 3859.488157 15
397 3869.880000 3872.179191 20
398 3879.793000 3879.395991 21
399 3889.165000 3889.554211 19
400 3898.538000 3899.577679 22
401 3908.473000 3909.072230 15
402 3918.296000 3918.830844 27
403 3928.034000 3927.987447 20
404 3937.025000 3933.990284 22
405 3945.670000 3943.990284 0
406 3954.797000 3953.990284 0
407 3963.756000 3963.990284 0
408 3975.048000 3974.992910 17
409 3981.645000 3984.700986 11
410 3992.690000 3992.609643 35
411 4002.457000 4002.173172 26
412 4011.982000 3997.742202 8
413 4021.430000 4021.632139 18
414 4030.624000 4033.549908 11
415 4040.513000 4040.168474 14
416 4049.727000 4048.844236 17
417 4058.371000 4057.984291 14
418 4068.258000 4067.730669 13
419 4076.974000 4077.730669 0
420 4085.661000 4087.730669 0
421 4096.585000 4096.342961 11
422 4105.894000 4105.759862 32
423 4115.448000 4114.969046 8
424 4123.311000 4173.259516 18
425 4132.804000 4132.620331 18
426 4142.148000 4145.525317 15
427 4151.574000 4153.514668 10
428 4160.897000 4160.172157 20
429 4170.041000 4170.969116 21
430 4180.202000 4178.793118 27
431 4189.466000 4188.551171 27
432 4198.878000 4198.551171 0
433 4208.352000 4208.551171 0
434 4218.124000 4217.206789 29
435 4228.124000 4228.015165 23
436 4237.399000 4235.252701 15
437 4245.914000 4244.903000 21
438 4255.326000 4254.903000 0
439 4264.948000 4266.900525 12
440 4274.331000 4274.362842 18
441 4284.331000 4284.897611 26
442 4294.866000 4293.602414 20
443 4304.488000 4304.100263 22
444 4314.081000 4336.871305 9
445 4323.524000 4325.465805 16
446 4333.314000 4333.564345 46
447 4342.679000 4342.660095 24
448 4351.252000 4351.094693 18
449 4361.175000 4360.666703 19
450 4371.247000 4370.666703 0
451 4380.061000 4380.666703 0
452 4388.724000 4389.006771 20
453 4397.957000 4399.849458 14
454 4408.286000 4408.007213 16
455 4418.401000 4418.200780 48
456 4427.665000 4426.104000 16
457 4437.586000 4438.313237 31
458 4447.586000 4449.511524 20
459 4457.586000 4456.516860 17
460 4466.965000 4467.401192 26
461 4476.557000 4475.824915 11
462 4485.941000 4485.499141 16
463 4495.941000 4495.499141 0
464 4504.556000 4505.499141 0
465 4514.556000 4515.272711 15
466 4524.310000 4525.272711 0
467 4532.555000 4532.650574 12
468 4542.555000 4540.156821 12
469 4551.201000 4536.805538 20
470 4561.332000 4535.359886 9
471 4572.125000 4575.566357 10
472 4581.268000 4585.566357 0
473 4590.771000 4590.410169 19
474 4600.003000 4602.941555 12
475 4610.003000 4607.597323 16
476 4619.399000 4620.124790 11
477 4627.343000 4644.364220 9
478 4636.335000 4636.442753 34
479 4646.109000 4645.320327 24
480 4655.421000 4655.151514 34
481 4665.421000 4665.151514 0
