001 0.000000 0.666168 47
002 10.000000 10.155906 20
003 20.000000 101.233101 8
004 30.000000 30.830190 14
005 39.500000 43.432146 20
006 49.500000 49.231586 38
007 59.500000 48.759289 23
008 69.500000 69.476200 34
009 79.500000 78.648908 31
010 89.500000 89.635664 47
011 99.500000 99.504822 62
012 109.500000 108.947685 54
013 119.495000 119.565842 50
014 129.495000 129.477880 60
015 139.495000 139.333882 52
016 149.495000 149.586436 53
017 159.495000 159.426389 62
018 169.495000 169.181150 66
019 179.496000 179.544776 70
020 189.496000 189.417401 62
021 199.496000 199.412498 68
022 209.496000 209.528992 71
023 219.496000 218.907304 31
024 229.496000 229.776217 21
025 239.496000 240.420381 32
026 249.496000 248.917610 14
027 257.833000 259.593121 16
028 268.070000 269.302559 13
029 278.273000 275.504409 18
030 288.681000 284.171374 8
031 299.870000 299.643930 37
032 309.155000 309.353734 19
033 319.459000 319.153229 8
034 327.623000 326.587606 9
035 333.710000 336.587606 0
036 343.710000 346.587606 0
037 353.913000 369.958847 11
038 362.483000 369.832919 10
039 374.999000 379.832919 0
040 385.304000 384.891191 20
041 395.507000 394.874993 11
042 405.814000 405.560312 26
043 416.151000 394.466954 9
044 426.151000 381.981629 12
045 436.526000 436.358962 18
046 446.591000 448.387307 13
047 454.821000 453.808698 24
048 464.821000 494.200904 10
049 473.425000 504.200904 0
050 483.288000 483.413979 21
051 493.185000 492.769368 27
052 502.674000 501.692298 22
053 512.129000 511.692298 0
054 521.822000 577.434883 9
055 532.195000 587.434883 0
056 540.665000 629.203246 8
057 550.665000 621.293236 10
058 560.936000 631.293236 0
059 570.219000 613.074854 10
060 580.219000 616.019494 8
061 590.965000 635.879412 8
062 600.454000 600.864898 20
063 610.340000 609.989169 18
064 620.425000 620.901227 27
065 630.553000 632.417332 23
066 641.140000 638.608265 15
067 650.220000 648.608265 0
068 660.064000 658.608265 0
069 670.064000 671.716463 10
070 679.938000 679.511573 26
071 689.580000 689.701745 30
072 699.835000 762.298891 11
073 709.835000 696.862406 10
074 719.292000 721.870922 8
075 729.031000 740.149998 10
076 738.875000 739.994420 17
077 748.746000 749.314033 11
078 758.152000 757.842757 25
079 767.529000 766.872927 19
080 777.609000 776.872927 0
081 787.844000 788.530378 18
082 798.130000 797.820177 19
083 808.001000 806.117680 15
084 818.288000 818.416186 22
085 828.471000 825.953251 19
086 837.900000 805.947675 12
087 848.134000 821.886299 12
088 857.721000 857.962161 13
089 866.734000 866.176574 15
090 875.852000 875.882024 22
091 885.852000 885.674603 19
092 894.867000 895.674603 0
093 904.998000 905.016374 17
094 914.582000 915.087083 19
095 924.168000 924.117422 23
096 934.168000 934.097797 17
097 943.521000 987.278377 8
098 952.743000 997.278377 0
099 962.718000 1007.278377 0
100 972.147000 972.845472 9
101 982.147000 982.123663 24
102 991.915000 992.232586 17
103 1002.124000 1001.303119 13
104 1012.593000 1011.303119 0
105 1022.696000 1021.303119 0
106 1032.179000 1032.817226 24
107 1041.271000 1041.523600 24
108 1051.090000 1050.905449 17
109 1061.324000 1057.729638 10
110 1071.092000 1070.969274 18
111 1081.067000 1080.969274 0
112 1090.341000 1090.969274 0
113 1100.264000 1100.819875 21
114 1110.601000 1110.970573 20
115 1120.188000 1117.586656 13
116 1129.695000 1129.095495 25
117 1139.543000 1139.430720 16
118 1148.939000 1149.824141 23
119 1159.306000 1159.647502 9
120 1168.955000 1167.905761 9
121 1178.580000 1177.838078 18
122 1188.580000 1187.838078 0
123 1198.222000 1163.611413 9
124 1208.379000 1208.658573 17
125 1218.491000 1218.756251 11
126 1228.491000 1228.358318 20
127 1237.938000 1236.812124 21
128 1248.097000 1221.877776 10
129 1257.411000 1231.877776 0
130 1267.338000 1267.808036 21
131 1277.474000 1277.670759 24
132 1287.371000 1285.676254 24
133 1295.957000 1296.263683 19
134 1306.140000 1306.135934 21
135 1316.557000 1285.544561 8
136 1325.905000 1325.886880 22
137 1336.205000 1336.633963 19
138 1346.205000 1345.389467 21
139 1355.472000 1355.518201 11
140 1365.786000 1365.771915 18
141 1375.106000 1375.771915 0
142 1384.732000 1389.225537 8
143 1394.373000 1395.812963 17
144 1403.969000 1404.566954 26
145 1413.772000 1413.493970 28
146 1423.807000 1423.493970 0
147 1432.759000 1432.092221 15
148 1442.185000 1444.537912 14
149 1452.185000 1451.920045 31
150 1461.552000 1460.804002 14
151 1469.403000 1469.615301 8
152 1481.218000 1479.190535 10
153 1491.130000 1489.547273 14
154 1501.296000 1503.025658 14
155 1511.430000 1511.410397 12
156 1521.754000 1521.290162 15
157 1531.842000 1531.290162 0
158 1540.884000 1541.290162 0
159 1551.794000 1551.185288 23
160 1561.076000 1561.549616 22
161 1570.996000 1572.222081 19
162 1580.996000 1581.123535 30
163 1590.875000 1591.123535 0
164 1600.220000 1598.180278 12
165 1609.660000 1608.180278 0
166 1616.952000 1570.628213 10
167 1627.628000 1628.921357 16
168 1638.073000 1638.282272 26
169 1647.976000 1648.163669 15
170 1659.699000 1653.228441 13
171 1669.718000 1669.180198 20
172 1680.298000 1680.990624 27
173 1690.007000 1689.712205 21
174 1700.007000 1699.823338 16
175 1710.047000 1708.969642 10
176 1719.833000 1718.324118 13
177 1729.931000 1728.324118 0
178 1740.105000 1741.317496 19
179 1750.008000 1749.998632 31
180 1759.659000 1759.759282 13
181 1768.983000 1769.520948 12
182 1778.325000 1777.049093 16
183 1786.836000 1773.902216 13
184 1796.991000 1799.435913 13
185 1806.991000 1806.575217 20
186 1817.339000 1817.138488 30
187 1826.856000 1826.884564 36
188 1836.740000 1837.177938 28
189 1847.455000 1847.177938 0
190 1858.635000 1857.177938 0
191 1868.326000 1868.248550 25
192 1878.248000 1877.933518 32
193 1887.920000 1888.558639 20
194 1897.340000 1896.602223 19
195 1905.560000 1905.486156 16
196 1915.773000 1915.486156 0
197 1925.308000 1925.807548 37
198 1935.308000 1935.963185 26
199 1945.308000 1945.330888 21
200 1955.077000 1953.986864 12
201 1964.709000 1963.052107 12
202 1974.265000 1998.757884 9
203 1984.091000 1984.530535 11
204 1994.419000 1994.848146 15
205 2003.917000 2004.028708 13
206 2014.342000 2067.474756 13
207 2024.342000 2021.280609 20
208 2034.748000 2045.634773 15
209 2044.497000 2046.038322 10
210 2052.930000 2061.798098 12
211 2063.510000 2062.805075 17
212 2073.510000 2072.206977 15
213 2083.181000 2081.490633 16
214 2092.775000 2123.972576 8
215 2102.699000 2104.336154 17
216 2113.085000 2114.629096 18
217 2122.582000 2123.050919 26
218 2132.582000 2132.581981 10
219 2142.621000 2142.253543 16
220 2152.621000 2151.907381 9
221 2162.408000 2161.907381 0
222 2171.964000 2171.618130 20
223 2181.132000 2181.452633 26
224 2192.079000 2192.316504 19
225 2201.906000 2200.287083 26
226 2212.564000 2209.494148 11
227 2222.486000 2222.480022 34
228 2231.635000 2231.154521 25
229 2240.552000 2240.267004 22
230 2248.869000 2252.108214 9
231 2259.720000 2259.595826 20
232 2269.584000 2285.185703 10
233 2279.663000 2279.858994 22
234 2289.295000 2290.796603 17
235 2299.140000 2298.986684 24
236 2308.309000 2308.713796 25
237 2318.309000 2318.713796 0
238 2328.433000 2325.909981 12
239 2338.700000 2338.990734 31
240 2348.841000 2319.061353 10
241 2357.638000 2359.479559 17
242 2367.556000 2367.600488 19
243 2377.556000 2376.702082 26
244 2387.492000 2387.693385 25
245 2397.492000 2397.693385 0
246 2407.245000 2407.296739 37
247 2416.888000 2416.678395 15
248 2426.625000 2426.228048 24
249 2436.625000 2437.007071 20
250 2446.625000 2446.398298 18
251 2455.791000 2474.378388 10
252 2465.563000 2484.378388 0
253 2475.219000 2475.963418 22
254 2484.752000 2485.067364 13
255 2494.345000 2494.050346 15
256 2503.590000 2503.552474 15
257 2513.327000 2508.344595 17
258 2522.425000 2470.654350 13
259 2532.425000 2532.609838 20
260 2542.010000 2543.034554 18
261 2551.132000 2551.439706 20
262 2560.594000 2612.913368 8
263 2569.813000 2610.859344 10
264 2579.056000 2606.807231 9
265 2588.033000 2588.235155 18
266 2597.181000 2598.235155 0
267 2607.181000 2608.119189 11
268 2616.802000 2615.782904 14
269 2625.949000 2625.042603 30
270 2635.336000 2635.042603 0
271 2645.336000 2607.104305 9
272 2654.752000 2656.224838 12
273 2664.938000 2667.820724 10
274 2673.879000 2674.735824 23
275 2684.329000 2684.735824 0
276 2693.608000 2709.761602 8
277 2703.396000 2704.966347 12
278 2712.325000 2712.039778 28
279 2723.233000 2723.937091 18
280 2733.586000 2733.184632 22
281 2743.313000 2777.861297 10
282 2753.123000 2787.861297 0
283 2760.110000 2846.470449 15
284 2770.319000 2771.098375 19
285 2780.069000 2780.126395 24
286 2790.069000 2786.585694 9
287 2800.298000 2796.616922 14
288 2810.104000 2806.616922 0
289 2819.480000 2790.675159 10
290 2829.025000 2800.675159 0
291 2839.102000 2838.997176 19
292 2849.021000 2848.273569 11
293 2858.916000 2858.273569 0
294 2869.329000 2848.748793 10
295 2877.668000 2879.253035 20
296 2887.442000 2888.206539 17
297 2897.795000 2897.332656 41
298 2907.293000 2905.732798 16
299 2917.175000 2916.765333 29
300 2926.998000 2926.765333 0
301 2935.746000 2936.765333 0
302 2945.436000 2946.765333 0
303 2955.356000 2955.195038 17
304 2964.522000 2963.954809 10
305 2974.983000 2975.194279 24
306 2985.603000 2985.583063 22
307 2995.729000 2995.583063 0
308 3006.629000 3005.612903 19
309 3014.953000 3015.834302 23
310 3024.823000 3024.071304 21
311 3034.477000 3032.949385 9
312 3043.168000 3042.949385 0
313 3051.342000 3052.949385 0
314 3061.468000 3062.949385 0
315 3071.381000 3071.238163 22
316 3080.242000 3079.615149 15
317 3090.518000 3149.590681 13
318 3099.379000 3099.748462 31
319 3109.614000 3109.748462 0
320 3119.010000 3080.805435 8
321 3128.279000 3129.035202 33
322 3137.870000 3091.849806 12
323 3146.021000 3146.329259 17
324 3155.866000 3155.756372 36
325 3165.193000 3165.756372 0
326 3174.701000 3164.774357 12
327 3184.357000 3174.774357 0
328 3194.357000 3194.469947 17
329 3204.267000 3204.572236 25
330 3213.801000 3213.786204 12
331 3224.560000 3224.287085 19
332 3234.264000 3234.287085 0
333 3244.615000 3252.324846 10
334 3253.814000 3253.955906 12
335 3263.814000 3263.878199 23
336 3273.940000 3272.105756 18
337 3283.138000 3282.105756 0
338 3294.383000 3292.105756 0
339 3302.959000 3302.105756 0
340 3312.556000 3312.281394 16
341 3323.005000 3323.448075 28
342 3334.161000 3333.053774 18
343 3344.480000 3331.411719 9
344 3354.582000 3365.310679 11
345 3364.582000 3334.261921 10
346 3374.424000 3374.274034 18
347 3384.424000 3384.274034 0
348 3394.511000 3394.570894 22
349 3404.275000 3403.002694 16
350 3414.420000 3413.002694 0
351 3423.839000 3394.532232 11
352 3434.227000 3435.996634 12
353 3443.973000 3443.243090 18
354 3454.135000 3454.378267 21
355 3463.796000 3463.523261 39
356 3473.317000 3473.523261 0
357 3483.002000 3482.759021 16
358 3491.710000 3574.357529 13
359 3501.231000 3501.009249 26
360 3511.079000 3509.626909 18
361 3520.698000 3520.960739 26
362 3530.154000 3530.960739 0
363 3539.741000 3540.960739 0
364 3549.838000 3550.960739 0
365 3559.823000 3559.163998 20
366 3571.457000 3570.012338 14
367 3581.369000 3626.944321 11
368 3590.500000 3636.944321 0
369 3600.241000 3688.321361 9
370 3610.648000 3610.500695 16
371 3620.496000 3620.500695 0
372 3631.869000 3629.761988 13
373 3640.968000 3641.115868 25
374 3651.042000 3651.115868 0
375 3660.726000 3647.745206 10
376 3667.063000 3677.685764 9
377 3675.057000 3679.305606 11
378 3686.171000 3685.911156 18
379 3694.652000 3695.911156 0
380 3705.060000 3705.911156 0
381 3715.001000 3711.193705 17
382 3725.044000 3721.193705 0
383 3733.674000 3733.091831 10
384 3743.809000 3742.495574 22
385 3753.461000 3753.469081 19
386 3763.193000 3763.772929 16
387 3772.288000 3794.866875 14
388 3781.697000 3804.866875 0
389 3791.239000 3790.980205 28
390 3799.153000 3798.428978 12
391 3809.153000 3807.649487 14
392 3818.946000 3817.885081 13
393 3828.946000 3823.132575 10
394 3839.290000 3840.234479 16
395 3849.127000 3849.413264 18
396 3859.366000 3859.304811 15
397 3869.880000 3872.004541 16
398 3879.793000 3879.421122 18
399 3889.165000 3888.737956 14
400 3898.538000 3900.244462 18
401 3908.473000 3909.093675 14
402 3918.296000 3918.317810 29
403 3928.034000 3927.873122 22
404 3937.025000 3933.866574 20
405 3945.670000 3943.866574 0
406 3954.797000 3953.866574 0
407 3963.756000 3972.635235 8
408 3975.048000 3974.979226 19
409 3981.645000 3984.695565 10
410 3992.690000 3992.537513 31
411 4002.457000 4001.630882 18
412 4011.982000 4000.274457 8
413 4021.430000 4021.581137 20
414 4030.624000 4108.930437 10
415 4040.513000 4039.830707 17
416 4049.727000 4048.843186 20
417 4058.371000 4058.447000 14
418 4068.258000 4067.764521 14
419 4076.974000 4077.764521 0
420 4085.661000 4087.764521 0
421 4096.585000 4096.342961 11
422 4105.894000 4105.770704 33
423 4115.448000 4115.770704 0
424 4123.311000 4172.002783 15
425 4132.804000 4132.706642 18
426 4142.148000 4146.869696 10
427 4151.574000 4151.988522 12
428 4160.897000 4160.154768 19
429 4170.041000 4170.234600 19
430 4180.202000 4179.248759 27
431 4189.466000 4189.303251 28
432 4198.878000 4166.151225 8
433 4208.352000 4176.151225 0
434 4218.124000 4218.154554 20
435 4228.124000 4228.048803 24
436 4237.399000 4290.005286 13
437 4245.914000 4244.903000 21
438 4255.326000 4254.903000 0
439 4264.948000 4230.002075 12
440 4274.331000 4274.428220 19
441 4284.331000 4284.922438 25
442 4294.866000 4293.647908 22
443 4304.488000 4304.006317 22
444 4314.081000 4297.797732 10
445 4323.524000 4325.859817 15
446 4333.314000 4333.811161 43
447 4342.679000 4342.834446 27
448 4351.252000 4351.276490 21
449 4361.175000 4360.873949 18
450 4371.247000 4370.873949 0
451 4380.061000 4379.983116 8
452 4388.724000 4389.131500 20
453 4397.957000 4399.474563 12
454 4408.286000 4408.155274 15
455 4418.401000 4418.246329 46
456 4427.665000 4458.939582 9
457 4437.586000 4438.196463 31
458 4447.586000 4449.083230 20
459 4457.586000 4455.740873 15
460 4466.965000 4467.283111 25
461 4476.557000 4477.283111 0
462 4485.941000 4485.212285 12
463 4495.941000 4495.212285 0
464 4504.556000 4505.212285 0
465 4514.556000 4515.296136 14
466 4524.310000 4525.296136 0
467 4532.555000 4532.949309 15
468 4542.555000 4540.002547 17
469 4551.201000 4535.947534 20
470 4561.332000 4534.986465 9
471 4572.125000 4570.760338 11
472 4581.268000 4580.760338 0
473 4590.771000 4590.881984 16
474 4600.003000 4600.881984 0
475 4610.003000 4608.350905 14
476 4619.399000 4620.124790 11
477 4627.343000 4630.124790 0
478 4636.335000 4636.450877 31
479 4646.109000 4645.640833 22
480 4655.421000 4655.248418 33
481 4665.421000 4665.248418 0
