001 0.000000 0.802945 32
002 10.000000 9.688506 20
003 20.000000 23.193031 10
004 28.072000 29.518493 9
005 38.058000 39.518493 0
006 48.059000 48.423842 22
007 58.056000 60.170802 12
008 68.056000 68.244956 14
009 78.056000 77.705056 21
010 88.056000 88.637385 23
011 98.056000 98.126976 48
012 108.056000 107.711701 36
013 118.056000 118.465408 29
014 128.056000 128.073778 33
015 138.056000 137.870246 37
016 148.056000 148.377194 45
017 158.056000 158.092986 28
018 168.056000 167.801976 30
019 178.056000 178.523172 31
020 188.056000 188.160608 50
021 198.056000 198.262414 41
022 208.056000 207.973007 45
023 218.056000 216.985365 25
024 228.056000 226.985365 0
025 238.056000 239.284868 16
026 248.056000 248.576934 11
027 258.311000 259.872270 11
028 268.392000 270.262263 9
029 278.457000 275.672158 16
030 288.680000 288.981060 18
031 299.265000 299.930525 23
032 309.265000 309.125389 13
033 319.460000 316.450043 9
034 329.886000 326.450043 0
035 331.489000 336.450043 0
036 341.050000 332.766554 8
037 352.269000 342.766554 0
038 362.269000 352.766554 0
039 372.483000 371.656314 10
040 382.483000 447.885081 11
041 392.844000 392.354354 15
042 403.556000 404.400618 25
043 414.326000 414.400618 0
044 424.449000 424.400618 0
045 434.768000 434.766950 16
046 444.768000 524.948874 12
047 452.651000 491.053321 10
048 462.775000 488.034316 9
049 472.194000 498.034316 0
050 482.194000 482.138235 15
051 491.877000 491.391364 16
052 501.624000 501.766043 14
053 511.427000 508.242813 9
054 520.978000 520.780190 18
055 530.978000 530.780190 0
056 541.619000 540.780190 0
057 550.842000 550.780190 0
058 560.228000 560.631743 12
059 569.286000 568.771819 18
060 578.659000 575.937800 12
061 588.915000 585.937800 0
062 598.555000 595.937800 0
063 608.681000 610.574959 17
064 619.259000 620.595163 24
065 628.721000 628.593334 22
066 638.369000 637.237652 9
067 647.991000 647.237652 0
068 657.851000 621.408230 10
069 666.916000 667.721991 17
070 675.899000 675.702651 21
071 685.573000 684.688748 12
072 695.248000 694.493619 16
073 705.586000 706.176075 13
074 715.395000 716.176075 0
075 725.261000 724.984666 12
076 734.717000 818.073172 8
077 745.217000 745.818862 12
078 755.217000 754.872378 16
079 764.858000 763.971066 10
080 774.506000 773.971066 0
081 785.429000 783.971066 0
082 796.513000 796.638572 15
083 806.746000 806.502167 10
084 816.819000 816.655054 16
085 826.819000 824.029971 8
086 836.249000 834.029971 0
087 846.163000 845.959671 14
088 856.163000 864.653367 8
089 864.873000 863.536890 17
090 873.220000 873.221282 16
091 883.027000 883.459688 15
092 892.860000 893.459688 0
093 902.860000 903.459688 0
094 912.210000 911.906424 20
095 921.433000 921.130635 14
096 931.433000 931.491356 20
097 940.742000 941.371700 11
098 949.547000 951.371700 0
099 958.617000 974.347221 8
100 968.324000 1048.006765 12
101 977.329000 977.825875 15
102 987.329000 988.135685 24
103 997.595000 983.664248 8
104 1007.336000 1006.852064 15
105 1017.463000 1016.852064 0
106 1028.014000 1038.743144 10
107 1037.881000 1048.743144 0
108 1046.619000 1046.807292 23
109 1056.878000 1057.143078 22
110 1066.607000 1065.548869 13
111 1076.607000 1033.338360 8
112 1085.691000 1043.338360 0
113 1095.691000 1096.183000 14
114 1104.986000 1109.830449 10
115 1115.086000 1114.728478 26
116 1124.734000 1124.728478 0
117 1133.904000 1134.728478 0
118 1143.738000 1152.013743 12
119 1153.068000 1161.475820 8
120 1162.582000 1163.028131 19
121 1172.470000 1172.829163 8
122 1181.693000 1181.225483 8
123 1191.553000 1182.451223 12
124 1201.148000 1192.451223 0
125 1211.148000 1210.845178 9
126 1220.338000 1282.882424 13
127 1229.986000 1272.826457 11
128 1239.076000 1282.826457 0
129 1249.076000 1338.853119 8
130 1257.800000 1348.853119 0
131 1267.668000 1410.597787 8
132 1278.014000 1341.577102 9
133 1288.014000 1343.667138 9
134 1297.789000 1353.667138 0
135 1307.517000 1361.448824 15
136 1317.517000 1318.656081 12
137 1327.250000 1328.228556 10
138 1336.985000 1336.842336 24
139 1346.985000 1347.650925 17
140 1356.581000 1355.935400 10
141 1365.299000 1363.990864 13
142 1375.105000 1376.749844 13
143 1385.579000 1347.563145 8
144 1395.579000 1396.161435 20
145 1405.579000 1406.056839 19
146 1415.931000 1415.809548 18
147 1425.340000 1424.011839 9
148 1434.351000 1434.011839 0
149 1443.813000 1444.011839 0
150 1453.703000 1453.227440 17
151 1463.450000 1463.227440 0
152 1471.333000 1474.168951 8
153 1481.566000 1482.736232 13
154 1491.044000 1487.169086 15
155 1500.579000 1497.169086 0
156 1510.173000 1460.584412 8
157 1520.607000 1522.132119 10
158 1530.868000 1532.132119 0
159 1540.607000 1542.132119 0
160 1549.968000 1567.056273 9
161 1560.345000 1577.056273 0
162 1570.539000 1569.838037 8
163 1579.858000 1579.952883 21
164 1589.858000 1589.952883 0
165 1599.858000 1599.952883 0
166 1610.086000 1609.952883 0
167 1620.615000 1620.571085 18
168 1631.827000 1719.043316 8
169 1641.168000 1640.935003 22
170 1651.300000 1651.403413 9
171 1663.636000 1661.403413 0
172 1672.749000 1672.055588 19
173 1683.172000 1682.055588 0
174 1693.095000 1692.593386 20
175 1702.956000 1701.223434 11
176 1713.607000 1711.223434 0
177 1724.031000 1721.223434 0
178 1734.031000 1731.223434 0
179 1742.838000 1745.871476 9
180 1752.449000 1751.993823 13
181 1760.542000 1759.893383 11
182 1770.715000 1769.893383 0
183 1780.992000 1779.893383 0
184 1790.832000 1789.893383 0
185 1800.832000 1800.000352 19
186 1810.721000 1810.785048 32
187 1820.617000 1820.674524 22
188 1830.360000 1830.172558 23
189 1840.013000 1839.438724 24
190 1849.209000 1849.438724 0
191 1860.090000 1869.837019 9
192 1869.680000 1870.697346 8
193 1879.478000 1879.330245 22
194 1889.402000 1889.227779 18
195 1899.097000 1896.914629 17
196 1908.417000 1954.757913 9
197 1917.757000 1964.757913 0
198 1926.911000 1929.061531 24
199 1937.293000 1937.618643 11
200 1946.883000 1947.618643 0
201 1954.809000 1957.618643 0
202 1964.620000 1964.617520 17
203 1974.782000 1974.617520 0
204 1985.579000 1986.271259 12
205 1995.308000 1995.172056 17
206 2005.308000 2005.172056 0
207 2015.204000 2015.172056 0
208 2024.919000 2023.455340 15
209 2034.823000 2044.613568 13
210 2044.823000 2044.917967 26
211 2053.733000 2054.917967 0
212 2065.736000 2065.797704 13
213 2075.432000 2074.785458 13
214 2085.432000 2081.262696 11
215 2095.640000 2091.262696 0
216 2105.535000 2115.583878 8
217 2116.249000 2116.195772 12
218 2125.944000 2125.731147 13
219 2135.944000 2135.731147 0
220 2146.477000 2145.976822 16
221 2156.339000 2155.976822 0
222 2166.172000 2166.039810 15
223 2176.248000 2176.039810 0
224 2185.589000 2186.039810 0
225 2195.326000 2197.058705 11
226 2205.520000 2205.162516 13
227 2217.024000 2215.162516 0
228 2227.821000 2227.654665 11
229 2237.286000 2237.052866 24
230 2246.071000 2245.731856 8
231 2256.071000 2257.133434 10
232 2265.092000 2264.593072 14
233 2275.092000 2274.593072 0
234 2284.908000 2284.512643 17
235 2294.908000 2294.666902 19
236 2304.609000 2304.408075 25
237 2314.609000 2312.466367 10
238 2324.304000 2324.461020 15
239 2334.304000 2334.461020 0
240 2344.486000 2344.590558 16
241 2353.057000 2355.516934 9
242 2362.985000 2365.516934 0
243 2372.520000 2411.918019 10
244 2381.683000 2421.918019 0
245 2392.797000 2416.680516 10
246 2402.524000 2403.446884 18
247 2412.524000 2413.100757 18
248 2422.603000 2421.576822 12
249 2432.623000 2432.270828 8
250 2442.623000 2441.865557 11
251 2451.774000 2451.865557 0
252 2461.676000 2461.865557 0
253 2470.754000 2531.919958 8
254 2481.214000 2481.338878 24
255 2491.098000 2491.338878 0
256 2500.447000 2501.338878 0
257 2509.765000 2508.411258 10
258 2518.890000 2522.438313 15
259 2529.280000 2532.438313 0
260 2538.944000 2540.387256 19
261 2548.529000 2548.988680 17
262 2558.036000 2558.988680 0
263 2567.093000 2566.019592 8
264 2575.836000 2576.019592 0
265 2585.931000 2587.117940 11
266 2595.244000 2611.050109 8
267 2605.244000 2605.232999 13
268 2615.042000 2617.576574 15
269 2624.843000 2624.285668 12
270 2635.057000 2636.720288 20
271 2645.270000 2646.720288 0
272 2654.752000 2655.772069 11
273 2664.938000 2666.669078 13
274 2674.439000 2673.588521 23
275 2684.201000 2683.588521 0
276 2693.355000 2699.250260 8
277 2703.021000 2703.264468 13
278 2712.409000 2711.452583 13
279 2722.955000 2726.514349 15
280 2733.351000 2734.025730 19
281 2743.508000 2743.264449 27
282 2753.438000 2740.676501 8
283 2763.906000 2765.076442 19
284 2774.276000 2775.076442 0
285 2783.156000 2783.121833 14
286 2792.350000 2787.470405 9
287 2802.543000 2797.470405 0
288 2812.446000 2807.470405 0
289 2821.794000 2817.470405 0
290 2830.771000 2833.041010 11
291 2841.083000 2840.815361 10
292 2851.257000 2851.023516 12
293 2861.257000 2861.023516 0
294 2871.591000 2871.023516 0
295 2880.480000 2889.377794 10
296 2890.480000 2891.170637 15
297 2900.383000 2899.534654 17
298 2910.232000 2908.169650 14
299 2920.525000 2978.837676 8
300 2930.148000 2988.837676 0
301 2939.843000 2998.837676 0
302 2949.985000 2951.253471 11
303 2959.411000 2960.034584 12
304 2969.411000 2970.034584 0
305 2979.660000 2980.005494 19
306 2989.373000 2990.005494 0
307 2999.373000 3003.600305 17
308 3009.156000 3013.600305 0
309 3018.995000 3020.113723 15
310 3028.707000 3028.769601 22
311 3038.277000 3038.769601 0
312 3046.041000 3088.437734 8
313 3054.913000 3098.437734 0
314 3064.767000 3137.977591 8
315 3074.767000 3074.441462 17
316 3084.516000 3084.719139 20
317 3092.780000 3091.978269 15
318 3102.278000 3100.734896 13
319 3113.010000 3129.632322 10
320 3122.474000 3123.019190 9
321 3132.329000 3131.760697 18
322 3140.879000 3138.531031 11
323 3150.790000 3150.988555 14
324 3160.555000 3160.988555 0
325 3169.624000 3170.988555 0
326 3177.834000 3180.988555 0
327 3187.548000 3190.988555 0
328 3198.656000 3198.605696 14
329 3208.441000 3206.367649 14
330 3217.491000 3216.367649 0
331 3228.026000 3224.493465 11
332 3238.294000 3245.922336 8
333 3248.222000 3255.922336 0
334 3258.222000 3257.443854 15
335 3267.432000 3266.971308 17
336 3277.002000 3273.376074 15
337 3287.002000 3284.186946 9
338 3297.002000 3265.597943 11
339 3307.002000 3307.799404 17
340 3316.855000 3318.276971 9
341 3326.855000 3328.276971 0
342 3335.816000 3335.635807 8
343 3346.780000 3345.848499 13
344 3357.496000 3358.220667 17
345 3367.780000 3367.652251 24
346 3377.690000 3377.652251 0
347 3387.331000 3387.813384 9
348 3397.331000 3397.813384 0
349 3403.895000 3407.813384 0
350 3413.895000 3417.813384 0
351 3423.625000 3423.573249 12
352 3434.501000 3433.573249 0
353 3444.227000 3496.176598 8
354 3454.999000 3453.700396 11
355 3464.135000 3464.409018 23
356 3474.135000 3474.409018 0
357 3484.135000 3485.089665 14
358 3493.815000 3494.480381 13
359 3503.474000 3503.297916 17
360 3513.133000 3513.297916 0
361 3522.614000 3522.587525 17
362 3532.614000 3532.587525 0
363 3540.698000 3540.954220 13
364 3549.319000 3549.077626 11
365 3560.035000 3644.902247 8
366 3570.427000 3567.196763 13
367 3579.853000 3578.077019 9
368 3588.868000 3588.077019 0
369 3597.758000 3598.077019 0
370 3608.598000 3610.660104 9
371 3619.205000 3685.382955 8
372 3630.495000 3630.611744 18
373 3639.841000 3638.687139 17
374 3650.150000 3648.687139 0
375 3658.773000 3658.687139 0
376 3669.988000 3668.687139 0
377 3675.443000 3683.762372 8
378 3686.082000 3686.248481 14
379 3696.082000 3696.248481 0
380 3707.480000 3720.716417 13
381 3717.480000 3730.716417 0
382 3727.480000 3740.716417 0
383 3737.086000 3737.025868 9
384 3746.943000 3747.162999 11
385 3756.241000 3753.774415 9
386 3766.400000 3763.774415 0
387 3776.400000 3815.525635 10
388 3786.400000 3825.525635 0
389 3795.665000 3795.894598 13
390 3803.874000 3803.305431 8
391 3813.588000 3813.308840 22
392 3823.819000 3822.399147 12
393 3833.460000 3832.399147 0
394 3842.278000 3842.455427 20
395 3852.672000 3852.185158 18
396 3863.100000 3862.792088 16
397 3873.868000 3875.586241 10
398 3883.688000 3883.229975 14
399 3892.560000 3892.467073 14
400 3903.079000 3902.981715 17
401 3913.113000 3914.662140 15
402 3922.683000 3923.442102 12
403 3932.467000 3932.483033 16
404 3942.324000 3942.483033 0
405 3950.945000 3952.483033 0
406 3960.478000 3930.978317 8
407 3970.818000 3940.978317 0
408 3980.709000 3950.978317 0
409 3987.524000 3987.310417 11
410 3997.721000 3997.894184 20
411 4007.827000 4006.361304 15
412 4017.827000 4016.361304 0
413 4027.055000 4027.962755 14
414 4036.481000 4036.052404 19
415 4046.481000 4045.642453 19
416 4055.175000 4056.582137 11
417 4064.458000 4051.744058 9
418 4073.867000 4119.703013 11
419 4082.614000 4129.703013 0
420 4093.775000 4094.248013 10
421 4102.647000 4102.684952 16
422 4111.877000 4112.029753 12
423 4121.715000 4122.029753 0
424 4130.747000 4132.029753 0
425 4140.193000 4141.909392 17
426 4150.031000 4236.285922 8
427 4159.457000 4160.931835 8
428 4170.041000 4169.882250 23
429 4179.827000 4179.827458 21
430 4189.240000 4189.428901 11
431 4198.753000 4199.428901 0
432 4208.351000 4209.429102 9
433 4217.789000 4217.414952 19
434 4227.286000 4226.443626 13
435 4236.999000 4235.272114 15
436 4244.888000 4242.838212 18
437 4254.888000 4252.838212 0
438 4264.439000 4262.838212 0
439 4274.258000 4274.929300 16
440 4284.043000 4283.997311 13
441 4294.402000 4293.356214 19
442 4303.916000 4299.813545 10
443 4313.916000 4311.803135 17
444 4323.916000 4321.803135 0
445 4333.452000 4333.549939 20
446 4343.452000 4344.629660 14
447 4353.696000 4352.353705 14
448 4363.535000 4363.489078 16
449 4373.659000 4373.489078 0
450 4384.141000 4383.489078 0
451 4393.800000 4393.489078 0
452 4403.011000 4403.160271 12
453 4412.922000 4412.624679 25
454 4421.741000 4419.864308 20
455 4431.202000 4429.864308 0
456 4440.558000 4441.333229 18
457 4450.718000 4451.101504 14
458 4460.914000 4460.903555 12
459 4468.980000 4469.558444 16
460 4477.834000 4477.077768 8
461 4487.834000 4486.688723 10
462 4496.760000 4496.688723 0
463 4505.714000 4506.688723 0
464 4514.669000 4516.688723 0
465 4522.896000 4534.677036 9
466 4532.554000 4577.208116 8
467 4540.771000 4538.166899 11
468 4549.692000 4538.452500 9
469 4558.663000 4536.546888 9
470 4568.567000 4546.546888 0
471 4579.446000 4577.464073 9
472 4586.385000 4587.919491 16
473 4596.676000 4597.203167 14
474 4606.008000 4607.204361 15
475 4615.820000 4617.204361 0
476 4624.232000 4628.120979 8
477 4633.843000 4633.780912 18
478 4643.506000 4644.024603 18
479 4652.917000 4653.200543 17
480 4662.917000 4663.200543 0
481 4672.917000 4671.067023 8
