001 0.000000 0.387891 34
002 10.000000 9.678964 21
003 20.000000 19.678964 0
004 28.072000 28.426972 10
005 38.058000 38.426972 0
006 48.059000 48.072547 23
007 58.056000 59.756403 15
008 68.056000 68.230136 16
009 78.056000 77.832485 21
010 88.056000 88.598101 23
011 98.056000 97.910784 51
012 108.056000 107.840222 38
013 118.056000 118.912135 32
014 128.056000 128.214488 37
015 138.056000 137.905859 40
016 148.056000 148.412282 47
017 158.056000 157.728798 30
018 168.056000 168.082652 30
019 178.056000 178.224304 29
020 188.056000 188.522349 47
021 198.056000 198.266037 42
022 208.056000 207.967069 44
023 218.056000 217.328079 24
024 228.056000 227.328079 0
025 238.056000 239.691688 17
026 248.056000 248.459360 11
027 258.311000 259.694465 11
028 268.392000 268.691167 10
029 278.457000 275.446118 16
030 288.680000 286.127612 10
031 299.265000 299.799917 24
032 309.265000 309.885455 12
033 319.460000 316.318300 8
034 329.886000 326.318300 0
035 331.489000 336.318300 0
036 341.050000 332.744401 9
037 352.269000 342.744401 0
038 362.269000 375.642775 8
039 372.483000 371.656314 10
040 382.483000 386.829986 14
041 392.844000 392.622814 17
042 403.556000 404.237984 28
043 414.326000 414.237984 0
044 424.449000 424.657752 14
045 434.768000 435.092018 18
046 444.768000 525.911441 9
047 452.651000 535.911441 0
048 462.775000 487.877625 8
049 472.194000 497.877625 0
050 482.194000 482.627300 15
051 491.877000 490.850602 18
052 501.624000 502.448352 13
053 511.427000 510.199564 13
054 520.978000 520.390969 21
055 530.978000 572.651278 8
056 541.619000 582.651278 0
057 550.842000 564.609018 8
058 560.228000 560.878719 9
059 569.286000 568.836227 17
060 578.659000 623.191334 13
061 588.915000 585.705155 12
062 598.555000 595.705155 0
063 608.681000 610.472031 16
064 619.259000 620.504933 20
065 628.721000 628.470689 24
066 638.369000 675.428654 11
067 647.991000 685.428654 0
068 657.851000 662.273358 10
069 666.916000 666.796686 15
070 675.899000 675.555685 23
071 685.573000 684.720905 14
072 695.248000 694.665827 16
073 705.586000 706.183865 12
074 715.395000 716.183865 0
075 725.261000 725.543584 13
076 734.717000 817.951494 9
077 745.217000 745.030308 11
078 755.217000 754.640014 10
079 764.858000 763.373272 12
080 774.506000 773.373272 0
081 785.429000 783.373272 0
082 796.513000 796.658711 14
083 806.746000 806.658711 0
084 816.819000 816.653742 19
085 826.819000 823.317392 10
086 836.249000 833.317392 0
087 846.163000 845.990989 13
088 856.163000 855.990989 0
089 864.873000 863.217414 16
090 873.220000 873.282668 16
091 883.027000 883.468923 14
092 892.860000 893.468923 0
093 902.860000 903.468923 0
094 912.210000 911.628045 21
095 921.433000 921.111384 15
096 931.433000 931.499829 21
097 940.742000 941.053911 11
098 949.547000 951.053911 0
099 958.617000 961.053911 0
100 968.324000 1048.108883 8
101 977.329000 977.424154 16
102 987.329000 988.072099 20
103 997.595000 998.072099 0
104 1007.336000 1007.026052 13
105 1017.463000 1017.026052 0
106 1028.014000 1038.319796 9
107 1037.881000 1048.319796 0
108 1046.619000 1046.532874 19
109 1056.878000 1056.775442 25
110 1066.607000 1066.146217 12
111 1076.607000 1035.411076 9
112 1085.691000 1045.411076 0
113 1095.691000 1096.436610 14
114 1104.986000 1108.964869 9
115 1115.086000 1114.515452 27
116 1124.734000 1124.515452 0
117 1133.904000 1134.515452 0
118 1143.738000 1151.091108 12
119 1153.068000 1158.775888 8
120 1162.582000 1162.971605 20
121 1172.470000 1172.971605 0
122 1181.693000 1180.345907 10
123 1191.553000 1237.693945 8
124 1201.148000 1247.693945 0
125 1211.148000 1210.193196 10
126 1220.338000 1223.635685 12
127 1229.986000 1228.799612 11
128 1239.076000 1237.016935 12
129 1249.076000 1247.016935 0
130 1257.800000 1232.998534 10
131 1267.668000 1269.173639 12
132 1278.014000 1277.986005 24
133 1288.014000 1286.523623 21
134 1297.789000 1297.943258 25
135 1307.517000 1356.243946 10
136 1317.517000 1318.637438 16
137 1327.250000 1329.503009 11
138 1336.985000 1337.282597 24
139 1346.985000 1347.754828 14
140 1356.581000 1357.754828 0
141 1365.299000 1363.198269 12
142 1375.105000 1376.755442 18
143 1385.579000 1348.521429 11
144 1395.579000 1396.636869 18
145 1405.579000 1405.914391 19
146 1415.931000 1415.170656 20
147 1425.340000 1424.218510 8
148 1434.351000 1434.218510 0
149 1443.813000 1444.218510 0
150 1453.703000 1453.073672 17
151 1463.450000 1463.073672 0
152 1471.333000 1473.073672 0
153 1481.566000 1482.736232 13
154 1491.044000 1488.645032 16
155 1500.579000 1498.645032 0
156 1510.173000 1508.684425 9
157 1520.607000 1522.132119 10
158 1530.868000 1532.132119 0
159 1540.607000 1542.132119 0
160 1549.968000 1570.116875 8
161 1560.345000 1580.116875 0
162 1570.539000 1570.550489 8
163 1579.858000 1579.900652 21
164 1589.858000 1589.900652 0
165 1599.858000 1599.900652 0
166 1610.086000 1609.900652 0
167 1620.615000 1620.948306 16
168 1631.827000 1719.043316 8
169 1641.168000 1641.010747 25
170 1651.300000 1651.306907 8
171 1663.636000 1661.306907 0
172 1672.749000 1672.231450 18
173 1683.172000 1682.231450 0
174 1693.095000 1692.255433 18
175 1702.956000 1701.212513 11
176 1713.607000 1755.788413 8
177 1724.031000 1765.788413 0
178 1734.031000 1826.031865 9
179 1742.838000 1836.031865 0
180 1752.449000 1846.031865 0
181 1760.542000 1856.031865 0
182 1770.715000 1866.031865 0
183 1780.992000 1876.031865 0
184 1790.832000 1886.031865 0
185 1800.832000 1896.031865 0
186 1810.721000 1906.031865 0
187 1820.617000 1916.031865 0
188 1830.360000 1879.749102 11
189 1840.013000 1889.749102 0
190 1849.209000 1899.749102 0
191 1860.090000 1909.749102 0
192 1869.680000 1871.791666 10
193 1879.478000 1879.334474 23
194 1889.402000 1889.268368 19
195 1899.097000 1895.639883 17
196 1908.417000 1870.309031 10
197 1917.757000 1880.309031 0
198 1926.911000 1928.846580 20
199 1937.293000 1937.597355 12
200 1946.883000 1947.597355 0
201 1954.809000 1957.597355 0
202 1964.620000 1964.624518 17
203 1974.782000 1974.624518 0
204 1985.579000 1985.207465 11
205 1995.308000 1994.821615 16
206 2005.308000 2004.821615 0
207 2015.204000 2014.821615 0
208 2024.919000 2023.249013 20
209 2034.823000 2044.727761 13
210 2044.823000 2044.849284 26
211 2053.733000 2054.849284 0
212 2065.736000 2066.264463 14
213 2075.432000 2075.020932 13
214 2085.432000 2085.020932 0
215 2095.640000 2095.020932 0
216 2105.535000 2113.979647 10
217 2116.249000 2116.195772 12
218 2125.944000 2125.768011 15
219 2135.944000 2136.289332 10
220 2146.477000 2145.529724 9
221 2156.339000 2155.529724 0
222 2166.172000 2166.592603 15
223 2176.248000 2176.592603 0
224 2185.589000 2186.592603 0
225 2195.326000 2195.532341 12
226 2205.520000 2204.438438 14
227 2217.024000 2219.304492 12
228 2227.821000 2227.708558 9
229 2237.286000 2237.055362 24
230 2246.071000 2245.462025 9
231 2256.071000 2256.918382 11
232 2265.092000 2265.030232 12
233 2275.092000 2275.030232 0
234 2284.908000 2284.512643 17
235 2294.908000 2294.679774 19
236 2304.609000 2304.465711 24
237 2314.609000 2311.200476 9
238 2324.304000 2323.746784 9
239 2334.304000 2333.746784 0
240 2344.486000 2344.163207 19
241 2353.057000 2355.471112 8
242 2362.985000 2365.471112 0
243 2372.520000 2412.922828 9
244 2381.683000 2422.922828 0
245 2392.797000 2415.658943 12
246 2402.524000 2403.682879 14
247 2412.524000 2413.081015 16
248 2422.603000 2421.469511 10
249 2432.623000 2431.580437 9
250 2442.623000 2442.162499 12
251 2451.774000 2489.809700 8
252 2461.676000 2499.809700 0
253 2470.754000 2532.687402 8
254 2481.214000 2481.344483 21
255 2491.098000 2491.344483 0
256 2500.447000 2501.344483 0
257 2509.765000 2508.832617 14
258 2518.890000 2521.378547 16
259 2529.280000 2531.378547 0
260 2538.944000 2539.473485 17
261 2548.529000 2548.988680 17
262 2558.036000 2558.988680 0
263 2567.093000 2565.878620 12
264 2575.836000 2575.878620 0
265 2585.931000 2586.492233 9
266 2595.244000 2612.581801 8
267 2605.244000 2605.145887 15
268 2615.042000 2615.534613 14
269 2624.843000 2622.026557 8
270 2635.057000 2636.597448 20
271 2645.270000 2646.597448 0
272 2654.752000 2655.354546 8
273 2664.938000 2666.834686 12
274 2674.439000 2673.733188 23
275 2684.201000 2681.150176 8
276 2693.355000 2691.150176 0
277 2703.021000 2703.264468 13
278 2712.409000 2711.400784 13
279 2722.955000 2725.940263 17
280 2733.351000 2733.978101 20
281 2743.508000 2743.337719 28
282 2753.438000 2742.846772 9
283 2763.906000 2765.494950 21
284 2774.276000 2782.011964 9
285 2783.156000 2783.255560 13
286 2792.350000 2786.364938 8
287 2802.543000 2796.364938 0
288 2812.446000 2806.364938 0
289 2821.794000 2816.364938 0
290 2830.771000 2832.822817 12
291 2841.083000 2840.466065 11
292 2851.257000 2851.112101 13
293 2861.257000 2861.112101 0
294 2871.591000 2871.112101 0
295 2880.480000 2881.112101 0
296 2890.480000 2891.864179 12
297 2900.383000 2899.627232 19
298 2910.232000 2907.657570 12
299 2920.525000 2978.837676 8
300 2930.148000 2950.644401 8
301 2939.843000 2960.644401 0
302 2949.985000 2950.344197 9
303 2959.411000 2959.649455 11
304 2969.411000 2969.649455 0
305 2979.660000 2980.066476 16
306 2989.373000 2990.066476 0
307 2999.373000 3004.128870 14
308 3009.156000 3014.128870 0
309 3018.995000 3023.232834 12
310 3028.707000 3028.716757 21
311 3038.277000 3035.698699 8
312 3046.041000 3046.065928 11
313 3054.913000 3056.065928 0
314 3064.767000 3066.065928 0
315 3074.767000 3074.298973 17
316 3084.516000 3084.671670 22
317 3092.780000 3092.119264 13
318 3102.278000 3100.222762 11
319 3113.010000 3110.222762 0
320 3122.474000 3123.748717 12
321 3132.329000 3131.653202 15
322 3140.879000 3140.354261 15
323 3150.790000 3151.146986 13
324 3160.555000 3153.651385 9
325 3169.624000 3163.651385 0
326 3177.834000 3173.651385 0
327 3187.548000 3138.373745 8
328 3198.656000 3198.475727 11
329 3208.441000 3206.443073 14
330 3217.491000 3216.443073 0
331 3228.026000 3225.434879 9
332 3238.294000 3246.024933 9
333 3248.222000 3256.024933 0
334 3258.222000 3257.532192 15
335 3267.432000 3267.322091 17
336 3277.002000 3273.980812 14
337 3287.002000 3285.621693 9
338 3297.002000 3263.749573 12
339 3307.002000 3308.044478 17
340 3316.855000 3318.584710 10
341 3326.855000 3328.584710 0
342 3335.816000 3335.635807 8
343 3346.780000 3346.093805 13
344 3357.496000 3359.508995 18
345 3367.780000 3368.025498 23
346 3377.690000 3378.025498 0
347 3387.331000 3387.825994 9
348 3397.331000 3397.825994 0
349 3403.895000 3407.825994 0
350 3413.895000 3417.825994 0
351 3423.625000 3427.825994 0
352 3434.501000 3437.825994 0
353 3444.227000 3443.481723 9
354 3454.999000 3453.481723 0
355 3464.135000 3464.320074 23
356 3474.135000 3474.320074 0
357 3484.135000 3485.090563 14
358 3493.815000 3494.399310 14
359 3503.474000 3503.198269 16
360 3513.133000 3513.198269 0
361 3522.614000 3522.490909 18
362 3532.614000 3532.490909 0
363 3540.698000 3540.969343 12
364 3549.319000 3549.995626 9
365 3560.035000 3644.902247 8
366 3570.427000 3567.219206 12
367 3579.853000 3578.213209 9
368 3588.868000 3588.213209 0
369 3597.758000 3598.213209 0
370 3608.598000 3608.213209 0
371 3619.205000 3685.382955 8
372 3630.495000 3630.613441 16
373 3639.841000 3638.629986 16
374 3650.150000 3648.629986 0
375 3658.773000 3658.629986 0
376 3669.988000 3668.629986 0
377 3675.443000 3678.629986 0
378 3686.082000 3686.279342 12
379 3696.082000 3696.279342 0
380 3707.480000 3719.828427 10
381 3717.480000 3729.828427 0
382 3727.480000 3739.828427 0
383 3737.086000 3737.026491 8
384 3746.943000 3746.750031 9
385 3756.241000 3754.397392 9
386 3766.400000 3764.397392 0
387 3776.400000 3815.570425 11
388 3786.400000 3787.090475 16
389 3795.665000 3795.717196 17
390 3803.874000 3803.305431 8
391 3813.588000 3813.302733 21
392 3823.819000 3822.399147 12
393 3833.460000 3814.832971 8
394 3842.278000 3842.466534 18
395 3852.672000 3852.064386 17
396 3863.100000 3862.808581 16
397 3873.868000 3876.603829 10
398 3883.688000 3882.868896 11
399 3892.560000 3892.868896 0
400 3903.079000 3902.975668 16
401 3913.113000 3914.642121 15
402 3922.683000 3923.452091 12
403 3932.467000 3932.330831 14
404 3942.324000 3942.330831 0
405 3950.945000 3952.330831 0
406 3960.478000 3960.647074 14
407 3970.818000 3987.229209 9
408 3980.709000 3997.229209 0
409 3987.524000 3987.850183 12
410 3997.721000 3997.837170 18
411 4007.827000 4006.041225 16
412 4017.827000 4016.041225 0
413 4027.055000 4027.297175 14
414 4036.481000 4036.052404 19
415 4046.481000 4045.845936 18
416 4055.175000 4056.179091 12
417 4064.458000 4059.871239 10
418 4073.867000 4119.064307 9
419 4082.614000 4129.064307 0
420 4093.775000 4093.964156 9
421 4102.647000 4102.561350 16
422 4111.877000 4112.046102 11
423 4121.715000 4122.046102 0
424 4130.747000 4130.117176 14
425 4140.193000 4115.843285 13
426 4150.031000 4125.843285 0
427 4159.457000 4160.719525 9
428 4170.041000 4169.608814 21
429 4179.827000 4179.811464 23
430 4189.240000 4189.990000 11
431 4198.753000 4166.038853 8
432 4208.351000 4209.429102 9
433 4217.789000 4217.420944 17
434 4227.286000 4226.400814 12
435 4236.999000 4235.785932 17
436 4244.888000 4242.974187 18
437 4254.888000 4252.974187 0
438 4264.439000 4262.974187 0
439 4274.258000 4274.775326 15
440 4284.043000 4283.997311 13
441 4294.402000 4294.190850 16
442 4303.916000 4304.190850 0
443 4313.916000 4314.190850 0
444 4323.916000 4330.111058 8
445 4333.452000 4333.464045 22
446 4343.452000 4343.290802 16
447 4353.696000 4353.369198 13
448 4363.535000 4363.373588 15
449 4373.659000 4373.373588 0
450 4384.141000 4383.373588 0
451 4393.800000 4392.733165 14
452 4403.011000 4404.072066 9
453 4412.922000 4412.416969 22
454 4421.741000 4420.290118 20
455 4431.202000 4430.290118 0
456 4440.558000 4441.455666 20
457 4450.718000 4449.914520 16
458 4460.914000 4462.028141 19
459 4468.980000 4469.601021 15
460 4477.834000 4478.091369 12
461 4487.834000 4483.783237 10
462 4496.760000 4493.783237 0
463 4505.714000 4503.783237 0
464 4514.669000 4513.783237 0
465 4522.896000 4523.783237 0
466 4532.554000 4577.208116 8
467 4540.771000 4538.616284 13
468 4549.692000 4537.764958 12
469 4558.663000 4547.764958 0
470 4568.567000 4557.764958 0
471 4579.446000 4577.453685 8
472 4586.385000 4587.646675 18
473 4596.676000 4597.333099 12
474 4606.008000 4607.764781 14
475 4615.820000 4617.764781 0
476 4624.232000 4624.308769 8
477 4633.843000 4633.784187 18
478 4643.506000 4644.478052 18
479 4652.917000 4653.353354 18
480 4662.917000 4663.353354 0
481 4672.917000 4671.057325 9
