001 0.000000 0.349383 33
002 10.000000 9.661395 20
003 20.000000 21.703847 13
004 28.072000 29.056096 11
005 38.058000 38.704834 8
006 48.059000 47.938489 22
007 58.056000 59.756403 15
008 68.056000 68.230136 16
009 78.056000 77.832485 21
010 88.056000 88.329716 25
011 98.056000 97.909633 51
012 108.056000 107.846555 39
013 118.056000 118.954909 31
014 128.056000 128.079956 35
015 138.056000 137.910760 42
016 148.056000 148.386137 41
017 158.056000 158.004278 27
018 168.056000 167.907803 28
019 178.056000 178.093370 32
020 188.056000 188.614738 49
021 198.056000 198.080618 41
022 208.056000 207.974783 47
023 218.056000 217.079739 23
024 228.056000 227.079739 0
025 238.056000 239.691688 17
026 248.056000 248.576934 11
027 258.311000 259.484999 13
028 268.392000 268.720533 10
029 278.457000 276.176170 15
030 288.680000 287.380352 14
031 299.265000 300.005245 26
032 309.265000 309.070777 14
033 319.460000 316.318300 8
034 329.886000 326.318300 0
035 331.489000 336.318300 0
036 341.050000 333.240290 9
037 352.269000 343.240290 0
038 362.269000 375.642775 8
039 372.483000 371.246469 9
040 382.483000 383.307733 16
041 392.844000 392.892669 14
042 403.556000 404.449920 25
043 414.326000 414.449920 0
044 424.449000 424.449920 0
045 434.768000 434.759631 17
046 444.768000 525.911441 9
047 452.651000 491.797795 8
048 462.775000 487.865244 10
049 472.194000 497.865244 0
050 482.194000 482.122217 16
051 491.877000 490.850602 18
052 501.624000 501.805532 13
053 511.427000 508.927751 12
054 520.978000 520.482887 21
055 530.978000 530.482887 0
056 541.619000 540.482887 0
057 550.842000 550.482887 0
058 560.228000 560.573934 13
059 569.286000 568.771819 18
060 578.659000 577.312769 10
061 588.915000 584.478674 11
062 598.555000 594.478674 0
063 608.681000 611.414322 14
064 619.259000 621.037123 14
065 628.721000 628.589612 21
066 638.369000 675.539771 10
067 647.991000 685.539771 0
068 657.851000 662.258345 10
069 666.916000 667.662110 16
070 675.899000 675.475316 22
071 685.573000 684.720905 14
072 695.248000 694.821337 16
073 705.586000 706.183865 12
074 715.395000 716.183865 0
075 725.261000 724.738148 18
076 734.717000 734.738148 0
077 745.217000 745.033098 12
078 755.217000 754.665626 11
079 764.858000 763.373272 12
080 774.506000 773.373272 0
081 785.429000 783.373272 0
082 796.513000 796.638572 15
083 806.746000 806.638572 0
084 816.819000 816.687803 17
085 826.819000 822.890668 9
086 836.249000 832.890668 0
087 846.163000 846.005825 13
088 856.163000 861.570925 10
089 864.873000 862.906125 15
090 873.220000 873.097482 16
091 883.027000 883.672814 14
092 892.860000 893.672814 0
093 902.860000 903.672814 0
094 912.210000 911.767152 21
095 921.433000 921.038541 12
096 931.433000 931.517276 20
097 940.742000 941.517276 0
098 949.547000 951.517276 0
099 958.617000 961.517276 0
100 968.324000 1049.021326 12
101 977.329000 977.825420 15
102 987.329000 988.141276 21
103 997.595000 998.141276 0
104 1007.336000 1006.856576 16
105 1017.463000 1016.856576 0
106 1028.014000 1038.062385 10
107 1037.881000 1039.296593 9
108 1046.619000 1046.793329 23
109 1056.878000 1056.765425 21
110 1066.607000 1065.548869 13
111 1076.607000 1075.548869 0
112 1085.691000 1085.548869 0
113 1095.691000 1096.234130 13
114 1104.986000 1108.964869 9
115 1115.086000 1114.728478 26
116 1124.734000 1124.728478 0
117 1133.904000 1134.728478 0
118 1143.738000 1151.803643 11
119 1153.068000 1160.828705 10
120 1162.582000 1162.971605 20
121 1172.470000 1172.829163 8
122 1181.693000 1181.025488 11
123 1191.553000 1188.780029 16
124 1201.148000 1198.780029 0
125 1211.148000 1210.287231 12
126 1220.338000 1223.881649 11
127 1229.986000 1228.297638 10
128 1239.076000 1236.636203 10
129 1249.076000 1246.636203 0
130 1257.800000 1231.569825 11
131 1267.668000 1269.263725 11
132 1278.014000 1278.018576 21
133 1288.014000 1285.892323 22
134 1297.789000 1297.916251 25
135 1307.517000 1359.595177 13
136 1317.517000 1318.323431 16
137 1327.250000 1328.541251 11
138 1336.985000 1337.075395 26
139 1346.985000 1347.725626 18
140 1356.581000 1355.915501 10
141 1365.299000 1364.949959 16
142 1375.105000 1376.955035 13
143 1385.579000 1347.563145 8
144 1395.579000 1396.639273 20
145 1405.579000 1405.855194 20
146 1415.931000 1415.771639 19
147 1425.340000 1423.642917 10
148 1434.351000 1433.823214 13
149 1443.813000 1443.823214 0
150 1453.703000 1452.862099 15
151 1463.450000 1462.862099 0
152 1471.333000 1472.862099 0
153 1481.566000 1482.626323 12
154 1491.044000 1492.626323 0
155 1500.579000 1502.626323 0
156 1510.173000 1508.260399 10
157 1520.607000 1522.286710 9
158 1530.868000 1532.286710 0
159 1540.607000 1542.286710 0
160 1549.968000 1552.286710 0
161 1560.345000 1562.286710 0
162 1570.539000 1569.831359 9
163 1579.858000 1579.985212 19
164 1589.858000 1589.985212 0
165 1599.858000 1598.288252 8
166 1610.086000 1608.288252 0
167 1620.615000 1620.937729 17
168 1631.827000 1630.937729 0
169 1641.168000 1641.300125 25
170 1651.300000 1651.307072 10
171 1663.636000 1661.307072 0
172 1672.749000 1672.619976 15
173 1683.172000 1682.619976 0
174 1693.095000 1692.703969 20
175 1702.956000 1701.183892 11
176 1713.607000 1711.183892 0
177 1724.031000 1721.183892 0
178 1734.031000 1731.183892 0
179 1742.838000 1746.424058 9
180 1752.449000 1751.728751 15
181 1760.542000 1759.934620 12
182 1770.715000 1769.934620 0
183 1780.992000 1779.934620 0
184 1790.832000 1789.934620 0
185 1800.832000 1800.232919 17
186 1810.721000 1810.886085 30
187 1820.617000 1821.656936 23
188 1830.360000 1830.025308 21
189 1840.013000 1839.303125 22
190 1849.209000 1849.303125 0
191 1860.090000 1859.303125 0
192 1869.680000 1869.412012 12
193 1879.478000 1878.809730 22
194 1889.402000 1889.252154 22
195 1899.097000 1897.664161 19
196 1908.417000 1869.069468 9
197 1917.757000 1879.069468 0
198 1926.911000 1928.822510 19
199 1937.293000 1937.663271 9
200 1946.883000 1947.663271 0
201 1954.809000 1953.940927 10
202 1964.620000 1964.663558 14
203 1974.782000 1974.663558 0
204 1985.579000 1985.870174 12
205 1995.308000 1994.911207 17
206 2005.308000 2004.911207 0
207 2015.204000 2014.911207 0
208 2024.919000 2023.501240 16
209 2034.823000 2033.501240 0
210 2044.823000 2044.537403 26
211 2053.733000 2054.537403 0
212 2065.736000 2065.830296 12
213 2075.432000 2074.526929 11
214 2085.432000 2084.526929 0
215 2095.640000 2094.526929 0
216 2105.535000 2115.583878 8
217 2116.249000 2116.514952 13
218 2125.944000 2125.768011 15
219 2135.944000 2136.334950 12
220 2146.477000 2146.385937 18
221 2156.339000 2156.385937 0
222 2166.172000 2166.587466 14
223 2176.248000 2176.587466 0
224 2185.589000 2186.587466 0
225 2195.326000 2195.666984 12
226 2205.520000 2205.299696 12
227 2217.024000 2218.929567 10
228 2227.821000 2227.713586 9
229 2237.286000 2236.928092 26
230 2246.071000 2246.928092 0
231 2256.071000 2256.942919 11
232 2265.092000 2264.523384 12
233 2275.092000 2274.523384 0
234 2284.908000 2284.344209 17
235 2294.908000 2294.249963 17
236 2304.609000 2304.381934 22
237 2314.609000 2314.381934 0
238 2324.304000 2324.340455 12
239 2334.304000 2334.340455 0
240 2344.486000 2344.614558 19
241 2353.057000 2355.287811 9
242 2362.985000 2365.287811 0
243 2372.520000 2412.010085 10
244 2381.683000 2422.010085 0
245 2392.797000 2416.655350 11
246 2402.524000 2403.406762 19
247 2412.524000 2413.100757 18
248 2422.603000 2421.576822 12
249 2432.623000 2432.270828 8
250 2442.623000 2442.048646 10
251 2451.774000 2452.048646 0
252 2461.676000 2462.048646 0
253 2470.754000 2472.048646 0
254 2481.214000 2481.239690 21
255 2491.098000 2491.239690 0
256 2500.447000 2501.239690 0
257 2509.765000 2508.411258 10
258 2518.890000 2521.413127 16
259 2529.280000 2531.413127 0
260 2538.944000 2538.958307 18
261 2548.529000 2548.988680 17
262 2558.036000 2558.988680 0
263 2567.093000 2565.954976 10
264 2575.836000 2575.954976 0
265 2585.931000 2586.994966 9
266 2595.244000 2596.994966 0
267 2605.244000 2605.116680 11
268 2615.042000 2617.202978 16
269 2624.843000 2623.880538 13
270 2635.057000 2636.770071 21
271 2645.270000 2646.770071 0
272 2654.752000 2656.770071 0
273 2664.938000 2665.703530 14
274 2674.439000 2673.781147 25
275 2684.201000 2680.576258 9
276 2693.355000 2699.797799 8
277 2703.021000 2703.381594 9
278 2712.409000 2711.131529 16
279 2722.955000 2726.314100 15
280 2733.351000 2733.842180 18
281 2743.508000 2743.236869 27
282 2753.438000 2742.152939 8
283 2763.906000 2765.578004 19
284 2774.276000 2844.166602 9
285 2783.156000 2783.121833 14
286 2792.350000 2793.121833 0
287 2802.543000 2803.121833 0
288 2812.446000 2813.121833 0
289 2821.794000 2823.121833 0
290 2830.771000 2832.740405 11
291 2841.083000 2840.731549 8
292 2851.257000 2850.892670 15
293 2861.257000 2860.892670 0
294 2871.591000 2899.757377 8
295 2880.480000 2909.757377 0
296 2890.480000 2891.786110 16
297 2900.383000 2899.485613 16
298 2910.232000 2907.128608 14
299 2920.525000 2979.769889 11
300 2930.148000 2989.769889 0
301 2939.843000 2999.769889 0
302 2949.985000 2950.415410 8
303 2959.411000 2959.612901 10
304 2969.411000 2962.281716 8
305 2979.660000 2980.005494 19
306 2989.373000 2990.005494 0
307 2999.373000 3004.437910 14
308 3009.156000 3014.437910 0
309 3018.995000 3020.977189 15
310 3028.707000 3028.718554 24
311 3038.277000 3038.718554 0
312 3046.041000 3048.718554 0
313 3054.913000 3046.292974 9
314 3064.767000 3056.292974 0
315 3074.767000 3074.241531 15
316 3084.516000 3083.737249 16
317 3092.780000 3092.098570 12
318 3102.278000 3100.681939 12
319 3113.010000 3106.647340 8
320 3122.474000 3124.156635 10
321 3132.329000 3132.177902 12
322 3140.879000 3139.852127 17
323 3150.790000 3150.990784 12
324 3160.555000 3160.990784 0
325 3169.624000 3170.990784 0
326 3177.834000 3180.990784 0
327 3187.548000 3190.990784 0
328 3198.656000 3198.445128 13
329 3208.441000 3206.854620 13
330 3217.491000 3218.020463 8
331 3228.026000 3224.152980 10
332 3238.294000 3234.152980 0
333 3248.222000 3214.456658 8
334 3258.222000 3257.532192 15
335 3267.432000 3267.455231 14
336 3277.002000 3274.021323 17
337 3287.002000 3284.186946 9
338 3297.002000 3259.936652 8
339 3307.002000 3308.044478 17
340 3316.855000 3318.521558 9
341 3326.855000 3328.521558 0
342 3335.816000 3335.635807 8
343 3346.780000 3346.093805 13
344 3357.496000 3359.298700 17
345 3367.780000 3368.314002 24
346 3377.690000 3378.314002 0
347 3387.331000 3387.573756 8
348 3397.331000 3397.573756 0
349 3403.895000 3407.573756 0
350 3413.895000 3417.573756 0
351 3423.625000 3425.271472 13
352 3434.501000 3435.271472 0
353 3444.227000 3443.590446 8
354 3454.999000 3453.205418 11
355 3464.135000 3464.309080 25
356 3474.135000 3474.309080 0
357 3484.135000 3485.149854 13
358 3493.815000 3495.338484 10
359 3503.474000 3503.088468 13
360 3513.133000 3512.947621 10
361 3522.614000 3522.875171 19
362 3532.614000 3532.875171 0
363 3540.698000 3543.693338 11
364 3549.319000 3549.810812 12
365 3560.035000 3645.950379 9
366 3570.427000 3567.196763 13
367 3579.853000 3630.527249 8
368 3588.868000 3640.527249 0
369 3597.758000 3650.527249 0
370 3608.598000 3610.906700 8
371 3619.205000 3619.846484 9
372 3630.495000 3630.611744 18
373 3639.841000 3638.401026 14
374 3650.150000 3648.401026 0
375 3658.773000 3658.401026 0
376 3669.988000 3668.401026 0
377 3675.443000 3678.401026 0
378 3686.082000 3686.248481 14
379 3696.082000 3696.248481 0
380 3707.480000 3719.638477 9
381 3717.480000 3729.638477 0
382 3727.480000 3720.777665 9
383 3737.086000 3737.025868 9
384 3746.943000 3746.750031 9
385 3756.241000 3753.033624 12
386 3766.400000 3763.263962 10
387 3776.400000 3773.263962 0
388 3786.400000 3783.263962 0
389 3795.665000 3795.722863 16
390 3803.874000 3803.346519 9
391 3813.588000 3813.529415 20
392 3823.819000 3822.399147 12
393 3833.460000 3824.443187 9
394 3842.278000 3842.506678 18
395 3852.672000 3852.026202 18
396 3863.100000 3862.826972 17
397 3873.868000 3876.800304 10
398 3883.688000 3883.204165 13
399 3892.560000 3892.673083 18
400 3903.079000 3902.998161 18
401 3913.113000 3914.851133 17
402 3922.683000 3923.348374 14
403 3932.467000 3932.344289 15
404 3942.324000 3942.344289 0
405 3950.945000 3952.344289 0
406 3960.478000 3961.305910 14
407 3970.818000 3986.820529 8
408 3980.709000 3996.820529 0
409 3987.524000 3987.889460 11
410 3997.721000 3997.598125 18
411 4007.827000 4006.346527 15
412 4017.827000 4016.346527 0
413 4027.055000 4027.596272 15
414 4036.481000 4036.350448 17
415 4046.481000 4045.827248 17
416 4055.175000 4053.052279 18
417 4064.458000 4054.007849 8
418 4073.867000 4119.051588 8
419 4082.614000 4129.051588 0
420 4093.775000 4139.051588 0
421 4102.647000 4102.569077 13
422 4111.877000 4112.029753 12
423 4121.715000 4122.029753 0
424 4130.747000 4130.117176 14
425 4140.193000 4141.909392 17
426 4150.031000 4151.909392 0
427 4159.457000 4161.909392 0
428 4170.041000 4169.882250 23
429 4179.827000 4179.834791 20
430 4189.240000 4188.592069 10
431 4198.753000 4165.695764 10
432 4208.351000 4208.698422 11
433 4217.789000 4217.415174 20
434 4227.286000 4226.263790 11
435 4236.999000 4235.253025 13
436 4244.888000 4243.086981 16
437 4254.888000 4253.086981 0
438 4264.439000 4263.086981 0
439 4274.258000 4274.555728 15
440 4284.043000 4283.848161 11
441 4294.402000 4293.351256 20
442 4303.916000 4299.134997 8
443 4313.916000 4310.799356 13
444 4323.916000 4325.874636 10
445 4333.452000 4333.464045 22
446 4343.452000 4344.435213 17
447 4353.696000 4352.988821 12
448 4363.535000 4363.364761 14
449 4373.659000 4373.364761 0
450 4384.141000 4383.364761 0
451 4393.800000 4393.364761 0
452 4403.011000 4403.054014 8
453 4412.922000 4412.342679 24
454 4421.741000 4420.771175 26
455 4431.202000 4430.771175 0
456 4440.558000 4441.528102 20
457 4450.718000 4450.095380 15
458 4460.914000 4460.422537 14
459 4468.980000 4469.282352 18
460 4477.834000 4478.349209 10
461 4487.834000 4486.688723 10
462 4496.760000 4496.688723 0
463 4505.714000 4506.688723 0
464 4514.669000 4516.688723 0
465 4522.896000 4526.688723 0
466 4532.554000 4531.334825 8
467 4540.771000 4586.108483 10
468 4549.692000 4537.274973 11
469 4558.663000 4536.546888 9
470 4568.567000 4546.546888 0
471 4579.446000 4533.104610 9
472 4586.385000 4588.448671 16
473 4596.676000 4597.203167 14
474 4606.008000 4607.005002 14
475 4615.820000 4617.005002 0
476 4624.232000 4627.431928 10
477 4633.843000 4633.768963 19
478 4643.506000 4644.246137 18
479 4652.917000 4653.200543 17
480 4662.917000 4663.200543 0
481 4672.917000 4673.200543 0
