001 0.000000 0.004072 53
002 10.000000 9.471633 20
003 20.000000 19.471633 0
004 30.000000 30.513933 14
005 39.500000 39.753398 24
006 49.500000 49.428297 29
007 59.500000 59.904889 29
008 69.500000 69.454949 45
009 79.500000 78.803178 38
010 89.500000 89.508104 51
011 99.500000 99.452824 48
012 109.500000 109.028918 50
013 119.495000 119.476945 55
014 129.495000 129.463465 54
015 139.495000 139.543468 50
016 149.495000 149.322940 55
017 159.495000 159.313083 50
018 169.495000 169.306507 51
019 179.496000 179.486667 62
020 189.496000 189.596490 68
021 199.496000 199.432498 60
022 209.496000 209.376648 65
023 219.496000 219.144097 33
024 229.496000 231.066283 18
025 239.496000 240.693038 30
026 249.496000 249.169920 13
027 257.833000 257.782599 13
028 268.070000 268.728739 15
029 278.273000 277.599261 20
030 288.681000 276.789000 8
031 299.870000 302.211785 19
032 309.155000 309.618666 22
033 319.459000 319.618666 0
034 327.623000 329.618666 0
035 333.710000 332.736999 9
036 343.710000 401.714217 9
037 353.913000 411.714217 0
038 362.483000 367.666490 8
039 374.999000 375.298312 13
040 385.304000 385.809469 17
041 395.507000 394.492389 18
042 405.814000 403.890548 24
043 416.151000 389.699355 9
044 426.151000 426.242705 19
045 436.526000 436.272438 32
046 446.591000 446.272438 0
047 454.821000 455.423101 25
048 464.821000 462.766596 14
049 473.425000 472.766596 0
050 483.288000 483.637920 38
051 493.185000 492.428171 28
052 502.674000 501.451708 20
053 512.129000 511.451708 0
054 521.822000 520.754146 10
055 532.195000 530.754146 0
056 540.665000 563.837890 8
057 550.665000 573.837890 0
058 560.936000 562.473644 17
059 570.219000 570.330332 19
060 580.219000 579.199132 23
061 590.965000 589.902620 23
062 600.454000 600.819999 10
063 610.340000 611.255781 11
064 620.425000 621.360216 42
065 630.553000 630.938843 14
066 641.140000 640.938843 0
067 650.220000 650.938843 0
068 660.064000 660.054367 20
069 670.064000 670.212544 13
070 679.938000 679.584299 15
071 689.580000 689.583847 18
072 699.835000 699.918369 16
073 709.835000 709.918369 0
074 719.292000 669.374147 8
075 729.031000 729.213827 14
076 738.875000 739.962093 19
077 748.746000 748.640985 13
078 758.152000 758.475548 11
079 767.529000 768.475548 0
080 777.609000 778.475548 0
081 787.844000 724.282865 11
082 798.130000 808.808426 11
083 808.001000 808.677285 18
084 818.288000 818.792806 14
085 828.471000 828.973258 17
086 837.900000 838.973258 0
087 848.134000 849.306896 15
088 857.721000 857.387709 16
089 866.734000 866.291117 18
090 875.852000 876.314226 19
091 885.852000 886.041133 16
092 894.867000 870.660559 8
093 904.998000 905.136111 19
094 914.582000 914.500044 15
095 924.168000 925.221890 20
096 934.168000 934.333317 19
097 943.521000 942.310211 13
098 952.743000 952.310211 0
099 962.718000 915.524813 8
100 972.147000 972.635129 23
101 982.147000 982.267641 19
102 991.915000 991.376975 16
103 1002.124000 997.484718 9
104 1012.593000 1007.484718 0
105 1022.696000 1017.484718 0
106 1032.179000 1031.982841 19
107 1041.271000 1041.359259 20
108 1051.090000 1051.159132 20
109 1061.324000 1061.159132 0
110 1071.092000 1071.437026 21
111 1081.067000 1081.449284 8
112 1090.341000 1093.963567 10
113 1100.264000 1165.562152 15
114 1110.601000 1110.868483 30
115 1120.188000 1120.868483 0
116 1129.695000 1117.805757 8
117 1139.543000 1141.652869 10
118 1148.939000 1149.184429 11
119 1159.306000 1159.184429 0
120 1168.955000 1169.322540 10
121 1178.580000 1178.981150 21
122 1188.580000 1236.705031 8
123 1198.222000 1198.736161 19
124 1208.379000 1214.490608 12
125 1218.491000 1218.716594 12
126 1228.491000 1227.973258 13
127 1237.938000 1237.820657 24
128 1248.097000 1247.820657 0
129 1257.411000 1257.397380 11
130 1267.338000 1267.397380 0
131 1277.474000 1278.179943 24
132 1287.371000 1286.567509 15
133 1295.957000 1296.056749 10
134 1306.140000 1307.130129 18
135 1316.557000 1317.130129 0
136 1325.905000 1326.003277 16
137 1336.205000 1337.146399 16
138 1346.205000 1345.814407 26
139 1355.472000 1355.562492 14
140 1365.786000 1363.325031 19
141 1375.106000 1373.325031 0
142 1384.732000 1383.325031 0
143 1394.373000 1394.963529 29
144 1403.969000 1404.163425 35
145 1413.772000 1413.821021 10
146 1423.807000 1423.821021 0
147 1432.759000 1477.129230 8
148 1442.185000 1442.977575 19
149 1452.185000 1452.428497 27
150 1461.552000 1462.428497 0
151 1469.403000 1472.428497 0
152 1481.218000 1481.130401 16
153 1491.130000 1491.935415 14
154 1501.296000 1501.262718 14
155 1511.430000 1511.262718 0
156 1521.754000 1521.583343 10
157 1531.842000 1531.583343 0
158 1540.884000 1538.002658 10
159 1551.794000 1551.466269 26
160 1561.076000 1529.956024 11
161 1570.996000 1571.924477 13
162 1580.996000 1581.227153 30
163 1590.875000 1591.227153 0
164 1600.220000 1661.605077 11
165 1609.660000 1671.605077 0
166 1616.952000 1618.049978 17
167 1627.628000 1626.657843 12
168 1638.073000 1638.242638 15
169 1647.976000 1647.604328 9
170 1659.699000 1657.604328 0
171 1669.718000 1669.975227 25
172 1680.298000 1681.455257 21
173 1690.007000 1690.308052 20
174 1700.007000 1700.004207 32
175 1710.047000 1710.545889 12
176 1719.833000 1719.842855 13
177 1729.931000 1730.018562 9
178 1740.105000 1740.320330 16
179 1750.008000 1749.960097 31
180 1759.659000 1758.918350 21
181 1768.983000 1769.232520 12
182 1778.325000 1774.847553 12
183 1786.836000 1819.536588 10
184 1796.991000 1829.536588 0
185 1806.991000 1807.237986 24
186 1817.339000 1816.992366 14
187 1826.856000 1826.507771 42
188 1836.740000 1836.358907 19
189 1847.455000 1846.358907 0
190 1858.635000 1856.358907 0
191 1868.326000 1869.392797 29
192 1878.248000 1877.902575 21
193 1887.920000 1886.663071 13
194 1897.340000 1897.014722 23
195 1905.560000 1952.434736 8
196 1915.773000 1962.434736 0
197 1925.308000 1925.358002 27
198 1935.308000 1935.337506 10
199 1945.308000 1945.586168 20
200 1955.077000 1955.814430 13
201 1964.709000 1951.675981 8
202 1974.265000 1961.675981 0
203 1984.091000 1984.432556 22
204 1994.419000 1996.613549 9
205 2003.917000 2002.735510 9
206 2014.342000 2012.735510 0
207 2024.342000 2022.527819 9
208 2034.748000 2032.527819 0
209 2044.497000 2044.781917 10
210 2052.930000 2053.199980 9
211 2063.510000 2062.714855 26
212 2073.510000 2072.450341 13
213 2083.181000 2083.216803 20
214 2092.775000 2093.216803 0
215 2102.699000 2102.946248 18
216 2113.085000 2114.096759 11
217 2122.582000 2122.759901 19
218 2132.582000 2132.538420 14
219 2142.621000 2142.785865 13
220 2152.621000 2145.998528 8
221 2162.408000 2162.964861 10
222 2171.964000 2171.496882 25
223 2181.132000 2180.694228 14
224 2192.079000 2192.696470 12
225 2201.906000 2201.898893 26
226 2212.564000 2212.117461 15
227 2222.486000 2222.580675 24
228 2231.635000 2231.638473 21
229 2240.552000 2239.240320 13
230 2248.869000 2248.698395 12
231 2259.720000 2259.880176 11
232 2269.584000 2268.558681 13
233 2279.663000 2278.558681 0
234 2289.295000 2289.752533 17
235 2299.140000 2298.930908 25
236 2308.309000 2308.236448 19
237 2318.309000 2318.236448 0
238 2328.433000 2329.047356 16
239 2338.700000 2338.903646 23
240 2348.841000 2348.903646 0
241 2357.638000 2358.389323 9
242 2367.556000 2365.783324 12
243 2377.556000 2377.056850 15
244 2387.492000 2387.105868 33
245 2397.492000 2400.036032 11
246 2407.245000 2407.255534 27
247 2416.888000 2417.115766 19
248 2426.625000 2425.810393 26
249 2436.625000 2436.481789 26
250 2446.625000 2445.169584 11
251 2455.791000 2483.233130 8
252 2465.563000 2465.511569 11
253 2475.219000 2475.383377 27
254 2484.752000 2484.027228 23
255 2494.345000 2496.052934 9
256 2503.590000 2506.052934 0
257 2513.327000 2510.593262 17
258 2522.425000 2511.351944 16
259 2532.425000 2532.219962 15
260 2542.010000 2542.972618 14
261 2551.132000 2551.600566 20
262 2560.594000 2606.664156 10
263 2569.813000 2568.280947 11
264 2579.056000 2612.642775 10
265 2588.033000 2589.303393 19
266 2597.181000 2599.303393 0
267 2607.181000 2608.394167 11
268 2616.802000 2615.582719 26
269 2625.949000 2625.897868 28
270 2635.336000 2635.897868 0
271 2645.336000 2645.509931 22
272 2654.752000 2654.665681 16
273 2664.938000 2666.129613 16
274 2673.879000 2672.505684 19
275 2684.329000 2682.676974 12
276 2693.608000 2693.342944 26
277 2703.396000 2703.154736 22
278 2712.325000 2711.939486 14
279 2723.233000 2724.315322 21
280 2733.586000 2733.291390 19
281 2743.313000 2742.568643 19
282 2753.123000 2790.951172 9
283 2760.110000 2800.951172 0
284 2770.319000 2770.359448 9
285 2780.069000 2779.742960 23
286 2790.069000 2790.065662 14
287 2800.298000 2799.805041 10
288 2810.104000 2809.872017 20
289 2819.480000 2821.047388 12
290 2829.025000 2831.219133 10
291 2839.102000 2840.106901 20
292 2849.021000 2849.706308 11
293 2858.916000 2859.706308 0
294 2869.329000 2845.517150 9
295 2877.668000 2877.618993 25
296 2887.442000 2887.754735 31
297 2897.795000 2898.474101 14
298 2907.293000 2908.474101 0
299 2917.175000 2917.922613 38
300 2926.998000 2967.792604 11
301 2935.746000 2935.666248 11
302 2945.436000 2945.666248 0
303 2955.356000 2955.393951 16
304 2964.522000 2963.932935 10
305 2974.983000 2973.160221 16
306 2985.603000 2984.949310 17
307 2995.729000 2994.949310 0
308 3006.629000 2953.315119 10
309 3014.953000 3016.475622 14
310 3024.823000 3024.800572 26
311 3034.477000 3034.062397 8
312 3043.168000 3043.392692 17
313 3051.342000 3051.161044 22
314 3061.468000 3061.638222 19
315 3071.381000 3071.336130 15
316 3080.242000 3079.593625 17
317 3090.518000 3089.797382 21
318 3099.379000 3100.002128 29
319 3109.614000 3109.261733 26
320 3119.010000 3119.261733 0
321 3128.279000 3128.327535 32
322 3137.870000 3137.116559 22
323 3146.021000 3145.783580 22
324 3155.866000 3155.542825 39
325 3165.193000 3165.091574 10
326 3174.701000 3175.091574 0
327 3184.357000 3185.091574 0
328 3194.357000 3194.853876 14
329 3204.267000 3204.669506 14
330 3213.801000 3214.867919 18
331 3224.560000 3224.398407 24
332 3234.264000 3233.547094 15
333 3244.615000 3244.593949 20
334 3253.814000 3254.528114 16
335 3263.814000 3263.907032 15
336 3273.940000 3275.563339 14
337 3283.138000 3285.563339 0
338 3294.383000 3295.563339 0
339 3302.959000 3243.697777 8
340 3312.556000 3312.171282 27
341 3323.005000 3327.441564 14
342 3334.161000 3333.184074 18
343 3344.480000 3344.290849 24
344 3354.582000 3354.290849 0
345 3364.582000 3364.290849 0
346 3374.424000 3374.454790 15
347 3384.424000 3384.281063 10
348 3394.511000 3394.955502 25
349 3404.275000 3401.162447 8
350 3414.420000 3411.162447 0
351 3423.839000 3427.213263 8
352 3434.227000 3433.953903 8
353 3443.973000 3443.874313 17
354 3454.135000 3453.407589 22
355 3463.796000 3463.811465 29
356 3473.317000 3472.236965 8
357 3483.002000 3482.830524 13
358 3491.710000 3492.211608 13
359 3501.231000 3501.374299 23
360 3511.079000 3511.329965 21
361 3520.698000 3520.643970 20
362 3530.154000 3527.699514 12
363 3539.741000 3539.424534 24
364 3549.838000 3550.580909 8
365 3559.823000 3559.873360 9
366 3571.457000 3571.558146 15
367 3581.369000 3581.558146 0
368 3590.500000 3591.558146 0
369 3600.241000 3599.599101 14
370 3610.648000 3609.599101 0
371 3620.496000 3619.599101 0
372 3631.869000 3631.621160 18
373 3640.968000 3641.078525 18
374 3651.042000 3651.078525 0
375 3660.726000 3661.078525 0
376 3667.063000 3671.078525 0
377 3675.057000 3681.078525 0
378 3686.171000 3686.849102 17
379 3694.652000 3696.849102 0
380 3705.060000 3706.849102 0
381 3715.001000 3711.956924 12
382 3725.044000 3724.629857 10
383 3733.674000 3734.629857 0
384 3743.809000 3745.637709 9
385 3753.461000 3752.957056 20
386 3763.193000 3763.295754 20
387 3772.288000 3773.295754 0
388 3781.697000 3782.219146 19
389 3791.239000 3791.489978 29
390 3799.153000 3800.111311 10
391 3809.153000 3808.982904 10
392 3818.946000 3818.483940 19
393 3828.946000 3826.532673 11
394 3839.290000 3840.522760 22
395 3849.127000 3849.901668 11
396 3859.366000 3864.890339 11
397 3869.880000 3869.993167 15
398 3879.793000 3879.450505 20
399 3889.165000 3888.934089 19
400 3898.538000 3898.699510 16
401 3908.473000 3908.699510 0
402 3918.296000 3917.760980 19
403 3928.034000 3927.038031 19
404 3937.025000 3936.941674 22
405 3945.670000 3946.941674 0
406 3954.797000 3932.448704 8
407 3963.756000 3970.196699 9
408 3975.048000 3975.047720 21
409 3981.645000 3985.047720 0
410 3992.690000 3992.669306 26
411 4002.457000 4001.170613 16
412 4011.982000 3996.548255 9
413 4021.430000 4021.898809 18
414 4030.624000 4029.466005 12
415 4040.513000 4040.506918 9
416 4049.727000 4049.852635 17
417 4058.371000 4057.742292 12
418 4068.258000 4067.715723 24
419 4076.974000 4052.102107 10
420 4085.661000 4062.102107 0
421 4096.585000 4097.332024 16
422 4105.894000 4106.282619 24
423 4115.448000 4113.654193 12
424 4123.311000 4122.330457 15
425 4132.804000 4158.455763 9
426 4142.148000 4141.875053 23
427 4151.574000 4151.875053 0
428 4160.897000 4160.451624 14
429 4170.041000 4170.223519 9
430 4180.202000 4179.945757 17
431 4189.466000 4188.760760 18
432 4198.878000 4199.321221 13
433 4208.352000 4209.923168 20
434 4218.124000 4219.538491 19
435 4228.124000 4227.902392 20
436 4237.399000 4237.497570 16
437 4245.914000 4246.419444 22
438 4255.326000 4256.419444 0
439 4264.948000 4266.419444 0
440 4274.331000 4274.657559 18
441 4284.331000 4285.035458 14
442 4294.866000 4294.718727 17
443 4304.488000 4304.518959 26
444 4314.081000 4314.518959 0
445 4323.524000 4323.097804 12
446 4333.314000 4333.540872 21
447 4342.679000 4342.642198 28
448 4351.252000 4351.043401 17
449 4361.175000 4360.391372 9
450 4371.247000 4370.391372 0
451 4380.061000 4407.501781 10
452 4388.724000 4388.418221 10
453 4397.957000 4398.669440 9
454 4408.286000 4410.105759 14
455 4418.401000 4418.257360 44
456 4427.665000 4428.257360 0
457 4437.586000 4438.166036 25
458 4447.586000 4448.833967 21
459 4457.586000 4457.953317 25
460 4466.965000 4466.921365 36
461 4476.557000 4471.984251 9
462 4485.941000 4482.718199 13
463 4495.941000 4528.810904 8
464 4504.556000 4538.810904 0
465 4514.556000 4514.715556 14
466 4524.310000 4524.715556 0
467 4532.555000 4534.715556 0
468 4542.555000 4539.982984 10
469 4551.201000 4551.231852 20
470 4561.332000 4567.459346 10
471 4572.125000 4577.459346 0
472 4581.268000 4587.459346 0
473 4590.771000 4591.286165 16
474 4600.003000 4604.352121 8
475 4610.003000 4608.869974 18
476 4619.399000 4579.428725 9
477 4627.343000 4589.428725 0
478 4636.335000 4636.377299 31
479 4646.109000 4645.750831 22
480 4655.421000 4655.561644 28
481 4665.421000 4669.202355 23
