001 0.000000 -0.059676 52
002 10.000000 9.475770 20
003 20.000000 19.475770 0
004 30.000000 30.873398 16
005 39.500000 39.430764 23
006 49.500000 48.865460 30
007 59.500000 59.982081 30
008 69.500000 69.457800 44
009 79.500000 78.908388 39
010 89.500000 89.518144 46
011 99.500000 99.499992 48
012 109.500000 109.224122 51
013 119.495000 119.477403 56
014 129.495000 129.533554 55
015 139.495000 139.495373 49
016 149.495000 149.324836 56
017 159.495000 159.363135 50
018 169.495000 169.306137 50
019 179.496000 179.659793 65
020 189.496000 189.758398 70
021 199.496000 199.435503 61
022 209.496000 209.400492 66
023 219.496000 219.148083 29
024 229.496000 230.353687 19
025 239.496000 240.636434 31
026 249.496000 249.587145 15
027 257.833000 258.179075 16
028 268.070000 268.777261 14
029 278.273000 276.638481 20
030 288.681000 281.413880 10
031 299.870000 302.579961 18
032 309.155000 309.323671 18
033 319.459000 319.323671 0
034 327.623000 329.323671 0
035 333.710000 333.158642 9
036 343.710000 323.914682 9
037 353.913000 333.914682 0
038 362.483000 297.768871 8
039 374.999000 307.768871 0
040 385.304000 385.809469 17
041 395.507000 394.428001 17
042 405.814000 403.815816 23
043 416.151000 426.149609 8
044 426.151000 426.242705 19
045 436.526000 436.233862 27
046 446.591000 445.855334 12
047 454.821000 454.633202 24
048 464.821000 463.923298 10
049 473.425000 473.923298 0
050 483.288000 483.283902 34
051 493.185000 491.763166 27
052 502.674000 501.823935 20
053 512.129000 511.823935 0
054 521.822000 520.845201 11
055 532.195000 530.845201 0
056 540.665000 540.845201 0
057 550.665000 551.578471 8
058 560.936000 562.276899 20
059 570.219000 569.530606 16
060 580.219000 579.968988 21
061 590.965000 590.219902 23
062 600.454000 562.056819 8
063 610.340000 611.021025 16
064 620.425000 621.383419 41
065 630.553000 631.086531 16
066 641.140000 641.086531 0
067 650.220000 651.086531 0
068 660.064000 659.892901 18
069 670.064000 669.738334 12
070 679.938000 679.639360 16
071 689.580000 687.515693 11
072 699.835000 699.919850 17
073 709.835000 709.919850 0
074 719.292000 669.374147 8
075 729.031000 729.379531 14
076 738.875000 739.843042 21
077 748.746000 748.658606 14
078 758.152000 758.315104 17
079 767.529000 768.315104 0
080 777.609000 778.315104 0
081 787.844000 789.243365 11
082 798.130000 799.323507 17
083 808.001000 808.598586 13
084 818.288000 819.535877 17
085 828.471000 828.768947 18
086 837.900000 838.768947 0
087 848.134000 849.017927 19
088 857.721000 857.261067 16
089 866.734000 866.351999 17
090 875.852000 876.535852 19
091 885.852000 886.052251 17
092 894.867000 923.406467 8
093 904.998000 905.124206 16
094 914.582000 916.454795 13
095 924.168000 925.164540 21
096 934.168000 934.252540 21
097 943.521000 943.064444 10
098 952.743000 953.064444 0
099 962.718000 916.716224 9
100 972.147000 972.613477 25
101 982.147000 982.284751 19
102 991.915000 991.442345 17
103 1002.124000 1001.442345 0
104 1012.593000 1011.442345 0
105 1022.696000 1021.442345 0
106 1032.179000 1032.101188 18
107 1041.271000 1041.641703 22
108 1051.090000 1050.049347 24
109 1061.324000 1061.965393 14
110 1071.092000 1071.419020 23
111 1081.067000 1081.419020 0
112 1090.341000 1091.568474 8
113 1100.264000 1165.050510 13
114 1110.601000 1111.058988 26
115 1120.188000 1115.511147 10
116 1129.695000 1127.496406 10
117 1139.543000 1137.496406 0
118 1148.939000 1093.662628 14
119 1159.306000 1108.357581 12
120 1168.955000 1169.322540 10
121 1178.580000 1179.082622 22
122 1188.580000 1238.858462 11
123 1198.222000 1199.085845 17
124 1208.379000 1215.198878 14
125 1218.491000 1219.514376 13
126 1228.491000 1227.412204 17
127 1237.938000 1238.565052 24
128 1248.097000 1248.565052 0
129 1257.411000 1257.577409 11
130 1267.338000 1268.086893 9
131 1277.474000 1278.209558 25
132 1287.371000 1285.859518 14
133 1295.957000 1296.580679 12
134 1306.140000 1307.300240 15
135 1316.557000 1317.300240 0
136 1325.905000 1325.989649 18
137 1336.205000 1337.511015 19
138 1346.205000 1345.814407 26
139 1355.472000 1355.510669 16
140 1365.786000 1363.833140 19
141 1375.106000 1373.833140 0
142 1384.732000 1383.833140 0
143 1394.373000 1394.833233 30
144 1403.969000 1404.136781 34
145 1413.772000 1412.949101 13
146 1423.807000 1422.949101 0
147 1432.759000 1478.706426 9
148 1442.185000 1442.043142 23
149 1452.185000 1452.105342 33
150 1461.552000 1462.105342 0
151 1469.403000 1472.105342 0
152 1481.218000 1481.058538 13
153 1491.130000 1490.961575 12
154 1501.296000 1501.166966 9
155 1511.430000 1511.166966 0
156 1521.754000 1521.166503 14
157 1531.842000 1531.166503 0
158 1540.884000 1539.340385 10
159 1551.794000 1551.181425 22
160 1561.076000 1532.395105 9
161 1570.996000 1570.959632 14
162 1580.996000 1581.385482 29
163 1590.875000 1591.385482 0
164 1600.220000 1661.800864 11
165 1609.660000 1671.800864 0
166 1616.952000 1618.010280 18
167 1627.628000 1628.380777 9
168 1638.073000 1637.914317 14
169 1647.976000 1649.054298 10
170 1659.699000 1659.054298 0
171 1669.718000 1669.955254 21
172 1680.298000 1681.270551 20
173 1690.007000 1690.329781 17
174 1700.007000 1700.051701 28
175 1710.047000 1710.529726 13
176 1719.833000 1720.392755 11
177 1729.931000 1730.392755 0
178 1740.105000 1740.695760 18
179 1750.008000 1750.128872 30
180 1759.659000 1759.095854 23
181 1768.983000 1769.297390 12
182 1778.325000 1774.093806 12
183 1786.836000 1784.333705 11
184 1796.991000 1794.333705 0
185 1806.991000 1807.119805 25
186 1817.339000 1816.638228 12
187 1826.856000 1826.444975 38
188 1836.740000 1836.536874 16
189 1847.455000 1846.536874 0
190 1858.635000 1856.536874 0
191 1868.326000 1869.552884 27
192 1878.248000 1877.729043 22
193 1887.920000 1886.663071 13
194 1897.340000 1897.076008 18
195 1905.560000 1953.014221 9
196 1915.773000 1963.014221 0
197 1925.308000 1925.024917 29
198 1935.308000 1935.299516 10
199 1945.308000 1945.297527 18
200 1955.077000 1954.218338 15
201 1964.709000 1951.256627 9
202 1974.265000 1961.256627 0
203 1984.091000 1984.366060 20
204 1994.419000 1994.366060 0
205 2003.917000 2003.382292 9
206 2014.342000 2013.382292 0
207 2024.342000 2024.074387 14
208 2034.748000 2034.074387 0
209 2044.497000 2044.936866 11
210 2052.930000 2054.936866 0
211 2063.510000 2062.728265 30
212 2073.510000 2072.508517 14
213 2083.181000 2083.364774 20
214 2092.775000 2093.364774 0
215 2102.699000 2102.881666 19
216 2113.085000 2112.881666 0
217 2122.582000 2122.927494 19
218 2132.582000 2132.726849 14
219 2142.621000 2142.726849 0
220 2152.621000 2150.312030 16
221 2162.408000 2160.312030 0
222 2171.964000 2171.635906 22
223 2181.132000 2180.768390 17
224 2192.079000 2192.684296 12
225 2201.906000 2201.894136 24
226 2212.564000 2212.103775 16
227 2222.486000 2222.858467 25
228 2231.635000 2231.598519 21
229 2240.552000 2239.240320 13
230 2248.869000 2248.713480 12
231 2259.720000 2258.713480 0
232 2269.584000 2268.736321 19
233 2279.663000 2281.653738 8
234 2289.295000 2289.911332 18
235 2299.140000 2298.434491 30
236 2308.309000 2308.250402 21
237 2318.309000 2318.250402 0
238 2328.433000 2328.072140 11
239 2338.700000 2339.059493 23
240 2348.841000 2349.059493 0
241 2357.638000 2358.300447 10
242 2367.556000 2366.675927 13
243 2377.556000 2377.470031 10
244 2387.492000 2387.095474 33
245 2397.492000 2399.747637 9
246 2407.245000 2407.255534 27
247 2416.888000 2416.949840 17
248 2426.625000 2425.721560 27
249 2436.625000 2436.476393 26
250 2446.625000 2445.590290 10
251 2455.791000 2455.590290 0
252 2465.563000 2465.460537 11
253 2475.219000 2475.697533 23
254 2484.752000 2484.045322 22
255 2494.345000 2496.028757 9
256 2503.590000 2506.028757 0
257 2513.327000 2512.037616 18
258 2522.425000 2511.628691 13
259 2532.425000 2532.439251 20
260 2542.010000 2542.956065 13
261 2551.132000 2551.700373 17
262 2560.594000 2606.138084 10
263 2569.813000 2616.138084 0
264 2579.056000 2658.022543 11
265 2588.033000 2589.186131 20
266 2597.181000 2596.775347 12
267 2607.181000 2607.960539 11
268 2616.802000 2616.022455 29
269 2625.949000 2625.897625 31
270 2635.336000 2635.897625 0
271 2645.336000 2645.652188 22
272 2654.752000 2654.553814 15
273 2664.938000 2666.294979 16
274 2673.879000 2671.413741 17
275 2684.329000 2682.530220 11
276 2693.608000 2693.318394 25
277 2703.396000 2703.127909 21
278 2712.325000 2713.230586 15
279 2723.233000 2723.888793 20
280 2733.586000 2733.250973 19
281 2743.313000 2742.739441 19
282 2753.123000 2752.739441 0
283 2760.110000 2762.731905 14
284 2770.319000 2767.086630 9
285 2780.069000 2779.908098 24
286 2790.069000 2789.591032 18
287 2800.298000 2799.325528 9
288 2810.104000 2809.196414 13
289 2819.480000 2819.991645 12
290 2829.025000 2830.284531 12
291 2839.102000 2840.138139 23
292 2849.021000 2850.350338 11
293 2858.916000 2860.350338 0
294 2869.329000 2845.448518 8
295 2877.668000 2877.630966 24
296 2887.442000 2887.773966 27
297 2897.795000 2897.203254 15
298 2907.293000 2968.599027 8
299 2917.175000 2917.905327 39
300 2926.998000 2927.905327 0
301 2935.746000 2935.666248 11
302 2945.436000 2945.666248 0
303 2955.356000 2955.393951 16
304 2964.522000 2963.932935 10
305 2974.983000 2973.160221 16
306 2985.603000 2984.368984 21
307 2995.729000 2994.368984 0
308 3006.629000 2951.542938 9
309 3014.953000 3017.246015 14
310 3024.823000 3024.779776 28
311 3034.477000 3034.114670 10
312 3043.168000 3043.357029 19
313 3051.342000 3051.250624 21
314 3061.468000 3061.635562 18
315 3071.381000 3070.750346 16
316 3080.242000 3079.606242 17
317 3090.518000 3089.599637 20
318 3099.379000 3100.109823 32
319 3109.614000 3109.260598 27
320 3119.010000 3119.260598 0
321 3128.279000 3128.576904 29
322 3137.870000 3137.444534 22
323 3146.021000 3145.800293 23
324 3155.866000 3155.555432 39
325 3165.193000 3165.338140 10
326 3174.701000 3175.338140 0
327 3184.357000 3184.331822 8
328 3194.357000 3195.236944 15
329 3204.267000 3204.824421 15
330 3213.801000 3214.715510 20
331 3224.560000 3224.404152 25
332 3234.264000 3234.404152 0
333 3244.615000 3244.605617 22
334 3253.814000 3255.191463 14
335 3263.814000 3263.911067 16
336 3273.940000 3274.981131 13
337 3283.138000 3284.981131 0
338 3294.383000 3294.981131 0
339 3302.959000 3304.981131 0
340 3312.556000 3312.430248 25
341 3323.005000 3327.239105 11
342 3334.161000 3332.928509 20
343 3344.480000 3344.427155 23
344 3354.582000 3354.910978 11
345 3364.582000 3385.868956 8
346 3374.424000 3374.405903 15
347 3384.424000 3383.977185 12
348 3394.511000 3394.882851 23
349 3404.275000 3401.619405 9
350 3414.420000 3411.619405 0
351 3423.839000 3399.557451 10
352 3434.227000 3409.557451 0
353 3443.973000 3443.833441 16
354 3454.135000 3453.596272 24
355 3463.796000 3464.092643 30
356 3473.317000 3474.092643 0
357 3483.002000 3482.799263 21
358 3491.710000 3492.578422 12
359 3501.231000 3501.489211 21
360 3511.079000 3511.654426 23
361 3520.698000 3520.679822 20
362 3530.154000 3528.191302 11
363 3539.741000 3539.428812 25
364 3549.838000 3550.580909 8
365 3559.823000 3559.500354 9
366 3571.457000 3571.561286 14
367 3581.369000 3579.433702 8
368 3590.500000 3589.282844 10
369 3600.241000 3599.741977 11
370 3610.648000 3609.741977 0
371 3620.496000 3619.741977 0
372 3631.869000 3631.864289 17
373 3640.968000 3641.081437 17
374 3651.042000 3651.081437 0
375 3660.726000 3661.081437 0
376 3667.063000 3671.081437 0
377 3675.057000 3681.081437 0
378 3686.171000 3686.987716 16
379 3694.652000 3696.987716 0
380 3705.060000 3706.987716 0
381 3715.001000 3720.815638 18
382 3725.044000 3725.022898 10
383 3733.674000 3735.022898 0
384 3743.809000 3743.974973 15
385 3753.461000 3752.791111 18
386 3763.193000 3763.281447 22
387 3772.288000 3770.220474 8
388 3781.697000 3782.219146 19
389 3791.239000 3791.266181 29
390 3799.153000 3800.238343 9
391 3809.153000 3807.744222 12
392 3818.946000 3818.013650 17
393 3828.946000 3827.540881 10
394 3839.290000 3843.220325 11
395 3849.127000 3850.628826 13
396 3859.366000 3867.147542 10
397 3869.880000 3869.971032 13
398 3879.793000 3879.956215 19
399 3889.165000 3888.840131 16
400 3898.538000 3899.842514 12
401 3908.473000 3909.842514 0
402 3918.296000 3917.940900 23
403 3928.034000 3926.920033 16
404 3937.025000 3937.131588 24
405 3945.670000 3943.621905 11
406 3954.797000 3953.621905 0
407 3963.756000 3967.599718 13
408 3975.048000 3975.326708 20
409 3981.645000 3985.326708 0
410 3992.690000 3992.827145 29
411 4002.457000 4001.606742 19
412 4011.982000 3996.541068 8
413 4021.430000 4021.898809 18
414 4030.624000 4031.179497 16
415 4040.513000 4038.422874 14
416 4049.727000 4048.186618 17
417 4058.371000 4058.449658 15
418 4068.258000 4067.693453 24
419 4076.974000 4052.456039 12
420 4085.661000 4062.456039 0
421 4096.585000 4097.648346 14
422 4105.894000 4105.830657 25
423 4115.448000 4115.369979 12
424 4123.311000 4123.206420 17
425 4132.804000 4133.206420 0
426 4142.148000 4141.730869 23
427 4151.574000 4151.730869 0
428 4160.897000 4160.770799 14
429 4170.041000 4170.435555 9
430 4180.202000 4180.377934 14
431 4189.466000 4189.783375 22
432 4198.878000 4199.855582 13
433 4208.352000 4209.794168 21
434 4218.124000 4218.591208 23
435 4228.124000 4227.870847 23
436 4237.399000 4237.324640 13
437 4245.914000 4246.107492 23
438 4255.326000 4256.107492 0
439 4264.948000 4264.844798 13
440 4274.331000 4274.461616 15
441 4284.331000 4284.631844 14
442 4294.866000 4294.505334 19
443 4304.488000 4304.593756 27
444 4314.081000 4314.593756 0
445 4323.524000 4324.593756 0
446 4333.314000 4333.555689 22
447 4342.679000 4342.655837 30
448 4351.252000 4351.065416 18
449 4361.175000 4360.494286 11
450 4371.247000 4370.494286 0
451 4380.061000 4380.494286 0
452 4388.724000 4388.441749 12
453 4397.957000 4399.547866 9
454 4408.286000 4409.302323 13
455 4418.401000 4418.018611 38
456 4427.665000 4428.018611 0
457 4437.586000 4437.899085 25
458 4447.586000 4448.941328 19
459 4457.586000 4458.020229 29
460 4466.965000 4466.963269 37
461 4476.557000 4476.963269 0
462 4485.941000 4482.234100 12
463 4495.941000 4492.234100 0
464 4504.556000 4502.234100 0
465 4514.556000 4514.735497 17
466 4524.310000 4604.495362 11
467 4532.555000 4532.554875 9
468 4542.555000 4540.905820 15
469 4551.201000 4551.229517 20
470 4561.332000 4567.459346 10
471 4572.125000 4573.000265 10
472 4581.268000 4583.000265 0
473 4590.771000 4591.266353 17
474 4600.003000 4601.266353 0
475 4610.003000 4608.856576 18
476 4619.399000 4618.856576 0
477 4627.343000 4628.856576 0
478 4636.335000 4636.377299 31
479 4646.109000 4645.930171 21
480 4655.421000 4655.604084 29
481 4665.421000 4669.146203 23
