001 0.000000 0.099323 52
002 10.000000 9.681534 18
003 20.000000 19.681534 0
004 30.000000 30.979692 18
005 39.500000 39.393218 23
006 49.500000 48.956657 31
007 59.500000 59.786271 29
008 69.500000 69.586654 47
009 79.500000 79.011589 39
010 89.500000 89.337947 51
011 99.500000 99.365337 50
012 109.500000 109.018794 50
013 119.495000 119.477403 56
014 129.495000 129.464734 51
015 139.495000 139.496092 49
016 149.495000 149.187285 58
017 159.495000 159.313083 50
018 169.495000 169.404027 55
019 179.496000 179.486850 63
020 189.496000 189.449557 70
021 199.496000 199.435789 60
022 209.496000 209.382961 66
023 219.496000 218.903822 32
024 229.496000 231.057460 18
025 239.496000 240.578016 31
026 249.496000 249.584757 16
027 257.833000 258.139606 17
028 268.070000 269.026640 15
029 278.273000 276.506012 19
030 288.681000 281.542733 11
031 299.870000 301.460095 24
032 309.155000 309.553951 19
033 319.459000 319.553951 0
034 327.623000 329.553951 0
035 333.710000 334.570318 9
036 343.710000 401.455999 8
037 353.913000 411.455999 0
038 362.483000 366.812036 8
039 374.999000 375.894267 13
040 385.304000 385.809469 17
041 395.507000 394.370182 16
042 405.814000 403.955217 26
043 416.151000 392.884576 9
044 426.151000 426.242705 19
045 436.526000 436.440447 29
046 446.591000 446.687776 12
047 454.821000 454.250045 22
048 464.821000 463.666799 12
049 473.425000 473.666799 0
050 483.288000 483.127816 37
051 493.185000 492.632059 32
052 502.674000 501.621271 20
053 512.129000 511.621271 0
054 521.822000 520.775889 10
055 532.195000 530.775889 0
056 540.665000 540.775889 0
057 550.665000 550.775889 0
058 560.936000 562.568187 20
059 570.219000 570.101564 17
060 580.219000 579.115820 23
061 590.965000 589.681378 25
062 600.454000 600.819999 10
063 610.340000 611.577181 16
064 620.425000 621.633276 41
065 630.553000 630.655843 16
066 641.140000 640.655843 0
067 650.220000 650.655843 0
068 660.064000 660.135083 24
069 670.064000 670.273772 13
070 679.938000 679.436420 16
071 689.580000 689.883454 17
072 699.835000 699.524400 16
073 709.835000 754.854779 9
074 719.292000 764.854779 0
075 729.031000 729.197959 13
076 738.875000 739.518095 17
077 748.746000 748.512739 14
078 758.152000 758.444331 18
079 767.529000 811.072206 9
080 777.609000 821.072206 0
081 787.844000 788.979795 9
082 798.130000 799.816919 15
083 808.001000 808.486048 14
084 818.288000 819.275732 18
085 828.471000 829.217450 20
086 837.900000 839.217450 0
087 848.134000 848.775866 17
088 857.721000 857.259694 17
089 866.734000 866.026184 23
090 875.852000 876.352052 20
091 885.852000 886.045599 16
092 894.867000 896.045599 0
093 904.998000 905.139667 19
094 914.582000 914.694291 13
095 924.168000 925.035243 19
096 934.168000 933.900990 21
097 943.521000 983.799395 10
098 952.743000 993.799395 0
099 962.718000 1003.799395 0
100 972.147000 972.617468 23
101 982.147000 982.167827 21
102 991.915000 991.906398 16
103 1002.124000 1001.279544 9
104 1012.593000 1011.279544 0
105 1022.696000 1021.279544 0
106 1032.179000 1032.115871 19
107 1041.271000 1041.563005 19
108 1051.090000 1049.604513 18
109 1061.324000 1061.926555 11
110 1071.092000 1071.275261 23
111 1081.067000 1081.275261 0
112 1090.341000 1092.396180 9
113 1100.264000 1165.354192 15
114 1110.601000 1110.748707 28
115 1120.188000 1115.659314 9
116 1129.695000 1125.659314 0
117 1139.543000 1141.652869 10
118 1148.939000 1149.475742 14
119 1159.306000 1159.475742 0
120 1168.955000 1171.248446 11
121 1178.580000 1179.080608 21
122 1188.580000 1238.354601 12
123 1198.222000 1198.878976 18
124 1208.379000 1213.334324 11
125 1218.491000 1218.954919 13
126 1228.491000 1227.190798 16
127 1237.938000 1237.434254 25
128 1248.097000 1247.434254 0
129 1257.411000 1257.397787 12
130 1267.338000 1268.205357 8
131 1277.474000 1277.858413 30
132 1287.371000 1287.388867 15
133 1295.957000 1296.491280 13
134 1306.140000 1307.134285 18
135 1316.557000 1317.134285 0
136 1325.905000 1325.808748 17
137 1336.205000 1337.841223 19
138 1346.205000 1345.876962 23
139 1355.472000 1355.490670 15
140 1365.786000 1364.493122 19
141 1375.106000 1405.622128 9
142 1384.732000 1415.622128 0
143 1394.373000 1394.833233 30
144 1403.969000 1404.262937 36
145 1413.772000 1413.753481 10
146 1423.807000 1423.753481 0
147 1432.759000 1433.753481 0
148 1442.185000 1442.923126 19
149 1452.185000 1452.454644 25
150 1461.552000 1462.454644 0
151 1469.403000 1472.454644 0
152 1481.218000 1481.064635 13
153 1491.130000 1491.633128 13
154 1501.296000 1501.263567 13
155 1511.430000 1511.263567 0
156 1521.754000 1521.606398 16
157 1531.842000 1531.606398 0
158 1540.884000 1541.606398 0
159 1551.794000 1551.219714 24
160 1561.076000 1530.534073 11
161 1570.996000 1572.000151 12
162 1580.996000 1581.240059 27
163 1590.875000 1591.240059 0
164 1600.220000 1663.270284 11
165 1609.660000 1673.270284 0
166 1616.952000 1618.086271 16
167 1627.628000 1627.117882 13
168 1638.073000 1637.695731 16
169 1647.976000 1649.170013 8
170 1659.699000 1659.170013 0
171 1669.718000 1670.235900 23
172 1680.298000 1681.474380 21
173 1690.007000 1690.321530 18
174 1700.007000 1699.879120 32
175 1710.047000 1711.352072 9
176 1719.833000 1718.149538 9
177 1729.931000 1728.149538 0
178 1740.105000 1740.320330 16
179 1750.008000 1750.290101 28
180 1759.659000 1759.236560 20
181 1768.983000 1769.462719 12
182 1778.325000 1774.385397 13
183 1786.836000 1784.385397 0
184 1796.991000 1794.385397 0
185 1806.991000 1806.986170 25
186 1817.339000 1816.995718 12
187 1826.856000 1826.437908 38
188 1836.740000 1836.647366 13
189 1847.455000 1846.647366 0
190 1858.635000 1856.647366 0
191 1868.326000 1869.439517 30
192 1878.248000 1877.792497 21
193 1887.920000 1886.834966 14
194 1897.340000 1897.130112 22
195 1905.560000 1907.130112 0
196 1915.773000 1917.130112 0
197 1925.308000 1925.044095 26
198 1935.308000 1935.303685 11
199 1945.308000 1945.805084 19
200 1955.077000 1954.902549 13
201 1964.709000 1964.902549 0
202 1974.265000 1974.902549 0
203 1984.091000 1984.739223 22
204 1994.419000 1995.796179 11
205 2003.917000 2005.796179 0
206 2014.342000 2015.796179 0
207 2024.342000 2024.074387 14
208 2034.748000 2034.074387 0
209 2044.497000 2045.864985 9
210 2052.930000 2055.864985 0
211 2063.510000 2062.960255 31
212 2073.510000 2072.497932 14
213 2083.181000 2083.216803 20
214 2092.775000 2093.216803 0
215 2102.699000 2103.405394 18
216 2113.085000 2113.716774 9
217 2122.582000 2122.917173 19
218 2132.582000 2132.520950 11
219 2142.621000 2142.663672 13
220 2152.621000 2147.335634 9
221 2162.408000 2163.026763 9
222 2171.964000 2171.344984 22
223 2181.132000 2180.713678 16
224 2192.079000 2192.464638 12
225 2201.906000 2201.894453 27
226 2212.564000 2212.085518 17
227 2222.486000 2222.838861 26
228 2231.635000 2231.600933 22
229 2240.552000 2239.274093 10
230 2248.869000 2248.725751 11
231 2259.720000 2259.740919 9
232 2269.584000 2268.745673 13
233 2279.663000 2278.745673 0
234 2289.295000 2289.806692 14
235 2299.140000 2298.210805 26
236 2308.309000 2308.161366 18
237 2318.309000 2318.161366 0
238 2328.433000 2328.590222 17
239 2338.700000 2338.819220 20
240 2348.841000 2348.819220 0
241 2357.638000 2357.596775 10
242 2367.556000 2365.937695 13
243 2377.556000 2377.109810 13
244 2387.492000 2387.085141 32
245 2397.492000 2399.860032 8
246 2407.245000 2407.392533 25
247 2416.888000 2417.127183 18
248 2426.625000 2425.812155 27
249 2436.625000 2436.495231 27
250 2446.625000 2445.895505 13
251 2455.791000 2482.863205 8
252 2465.563000 2465.712114 11
253 2475.219000 2475.629548 21
254 2484.752000 2484.480482 23
255 2494.345000 2496.669329 10
256 2503.590000 2506.669329 0
257 2513.327000 2510.170732 16
258 2522.425000 2511.380770 12
259 2532.425000 2532.484145 14
260 2542.010000 2543.211016 15
261 2551.132000 2551.366824 16
262 2560.594000 2606.625059 11
263 2569.813000 2566.273153 9
264 2579.056000 2613.726021 12
265 2588.033000 2589.114207 22
266 2597.181000 2599.114207 0
267 2607.181000 2608.158468 17
268 2616.802000 2615.696302 29
269 2625.949000 2625.739779 31
270 2635.336000 2615.637122 9
271 2645.336000 2645.636873 21
272 2654.752000 2653.928180 14
273 2664.938000 2665.724899 15
274 2673.879000 2672.495940 18
275 2684.329000 2682.190688 12
276 2693.608000 2693.606334 23
277 2703.396000 2702.873108 21
278 2712.325000 2712.288329 14
279 2723.233000 2723.897511 18
280 2733.586000 2733.311088 22
281 2743.313000 2742.741454 20
282 2753.123000 2789.219109 10
283 2760.110000 2763.407469 10
284 2770.319000 2769.480890 12
285 2780.069000 2779.941106 24
286 2790.069000 2789.594787 18
287 2800.298000 2799.325528 9
288 2810.104000 2809.325528 0
289 2819.480000 2820.286979 13
290 2829.025000 2831.125830 10
291 2839.102000 2839.942729 20
292 2849.021000 2850.500525 10
293 2858.916000 2860.500525 0
294 2869.329000 2846.967388 13
295 2877.668000 2877.610813 26
296 2887.442000 2887.770450 30
297 2897.795000 2898.548402 13
298 2907.293000 2907.293139 10
299 2917.175000 2917.923991 38
300 2926.998000 2927.923991 0
301 2935.746000 2935.407220 9
302 2945.436000 2945.407220 0
303 2955.356000 2955.475988 15
304 2964.522000 2963.970879 9
305 2974.983000 2974.030906 19
306 2985.603000 2984.792131 20
307 2995.729000 2975.627472 8
308 3006.629000 2985.627472 0
309 3014.953000 3016.295700 13
310 3024.823000 3024.965410 27
311 3034.477000 3033.498733 8
312 3043.168000 3042.793639 16
313 3051.342000 3051.266959 22
314 3061.468000 3061.631888 18
315 3071.381000 3071.431596 14
316 3080.242000 3080.196347 17
317 3090.518000 3089.663179 22
318 3099.379000 3100.156248 30
319 3109.614000 3109.288042 24
320 3119.010000 3119.288042 0
321 3128.279000 3128.571017 30
322 3137.870000 3137.271161 22
323 3146.021000 3145.783580 22
324 3155.866000 3155.549710 38
325 3165.193000 3165.051095 8
326 3174.701000 3175.051095 0
327 3184.357000 3185.051095 0
328 3194.357000 3195.236944 15
329 3204.267000 3204.551385 14
330 3213.801000 3214.746395 19
331 3224.560000 3224.300931 17
332 3234.264000 3233.307058 17
333 3244.615000 3244.258195 24
334 3253.814000 3254.374434 13
335 3263.814000 3263.897774 14
336 3273.940000 3275.066216 12
337 3283.138000 3275.224709 8
338 3294.383000 3310.481937 8
339 3302.959000 3245.530297 9
340 3312.556000 3312.238591 26
341 3323.005000 3327.900772 13
342 3334.161000 3332.866102 19
343 3344.480000 3344.280813 23
344 3354.582000 3354.913924 10
345 3364.582000 3364.913924 0
346 3374.424000 3374.124872 11
347 3384.424000 3383.893810 11
348 3394.511000 3394.973302 24
349 3404.275000 3401.056310 9
350 3414.420000 3411.056310 0
351 3423.839000 3424.519392 10
352 3434.227000 3434.519392 0
353 3443.973000 3443.550251 13
354 3454.135000 3453.026625 24
355 3463.796000 3463.985703 27
356 3473.317000 3473.985703 0
357 3483.002000 3448.709497 8
358 3491.710000 3492.505196 13
359 3501.231000 3501.341276 20
360 3511.079000 3511.305103 21
361 3520.698000 3520.918746 20
362 3530.154000 3525.031575 9
363 3539.741000 3539.406339 25
364 3549.838000 3550.580909 8
365 3559.823000 3560.191035 8
366 3571.457000 3571.558146 15
367 3581.369000 3581.558146 0
368 3590.500000 3633.042730 8
369 3600.241000 3599.599101 14
370 3610.648000 3609.599101 0
371 3620.496000 3624.133059 9
372 3631.869000 3631.980432 14
373 3640.968000 3641.080511 16
374 3651.042000 3651.080511 0
375 3660.726000 3661.080511 0
376 3667.063000 3671.080511 0
377 3675.057000 3681.080511 0
378 3686.171000 3686.974165 14
379 3694.652000 3696.974165 0
380 3705.060000 3706.974165 0
381 3715.001000 3721.825326 14
382 3725.044000 3721.531617 8
383 3733.674000 3731.531617 0
384 3743.809000 3744.036201 12
385 3753.461000 3752.874254 18
386 3763.193000 3763.038959 21
387 3772.288000 3773.038959 0
388 3781.697000 3782.391876 18
389 3791.239000 3791.269647 31
390 3799.153000 3799.466855 8
391 3809.153000 3808.577968 11
392 3818.946000 3818.348039 15
393 3828.946000 3826.319760 13
394 3839.290000 3840.668309 17
395 3849.127000 3851.018760 8
396 3859.366000 3864.890339 11
397 3869.880000 3869.970297 10
398 3879.793000 3879.225200 22
399 3889.165000 3888.836299 16
400 3898.538000 3898.782762 17
401 3908.473000 3929.805295 9
402 3918.296000 3918.353341 28
403 3928.034000 3926.966370 17
404 3937.025000 3937.275175 21
405 3945.670000 3943.060750 11
406 3954.797000 3953.060750 0
407 3963.756000 3968.552748 15
408 3975.048000 3975.543810 19
409 3981.645000 3985.543810 0
410 3992.690000 3992.875404 28
411 4002.457000 4001.325875 18
412 4011.982000 3996.559927 10
413 4021.430000 4021.757770 16
414 4030.624000 4030.396759 15
415 4040.513000 4039.709885 12
416 4049.727000 4049.619109 16
417 4058.371000 4056.012337 12
418 4068.258000 4067.712284 23
419 4076.974000 4054.409452 10
420 4085.661000 4064.409452 0
421 4096.585000 4097.601577 16
422 4105.894000 4106.284961 23
423 4115.448000 4115.408858 15
424 4123.311000 4121.853465 16
425 4132.804000 4131.853465 0
426 4142.148000 4141.590314 23
427 4151.574000 4151.590314 0
428 4160.897000 4160.807309 12
429 4170.041000 4170.207062 8
430 4180.202000 4180.152864 12
431 4189.466000 4189.118421 23
432 4198.878000 4199.736787 15
433 4208.352000 4209.604185 22
434 4218.124000 4219.478112 20
435 4228.124000 4227.851496 22
436 4237.399000 4237.773510 13
437 4245.914000 4246.144169 22
438 4255.326000 4254.821122 18
439 4264.948000 4264.843593 11
440 4274.331000 4274.600296 13
441 4284.331000 4285.059466 13
442 4294.866000 4294.985781 18
443 4304.488000 4304.502616 27
444 4314.081000 4302.681309 8
445 4323.524000 4312.681309 0
446 4333.314000 4333.544688 23
447 4342.679000 4342.865247 29
448 4351.252000 4351.019183 17
449 4361.175000 4359.441031 9
450 4371.247000 4369.441031 0
451 4380.061000 4379.441031 0
452 4388.724000 4388.441749 12
453 4397.957000 4399.421505 12
454 4408.286000 4410.105759 14
455 4418.401000 4418.177581 42
456 4427.665000 4428.177581 0
457 4437.586000 4438.076508 25
458 4447.586000 4447.823676 22
459 4457.586000 4458.044455 28
460 4466.965000 4467.042395 38
461 4476.557000 4477.042395 0
462 4485.941000 4485.405188 15
463 4495.941000 4495.405188 0
464 4504.556000 4523.995559 8
465 4514.556000 4515.133233 16
466 4524.310000 4525.133233 0
467 4532.555000 4574.808686 8
468 4542.555000 4540.842288 14
469 4551.201000 4551.111462 18
470 4561.332000 4568.155143 12
471 4572.125000 4572.399348 9
472 4581.268000 4582.399348 0
473 4590.771000 4591.295056 16
474 4600.003000 4603.784435 8
475 4610.003000 4608.431733 19
476 4619.399000 4577.239036 9
477 4627.343000 4628.110698 8
478 4636.335000 4636.379883 30
479 4646.109000 4645.718835 25
480 4655.421000 4655.701989 27
481 4665.421000 4669.259966 23
