001 0.000000 0.754134 56
002 10.000000 9.322449 24
003 20.000000 19.322449 0
004 28.072000 29.732133 10
005 38.058000 38.185635 19
006 48.059000 47.942169 41
007 58.056000 58.240886 26
008 68.056000 68.052681 34
009 78.056000 77.883359 41
010 88.056000 88.256461 38
011 98.056000 97.960891 75
012 108.056000 108.089201 63
013 118.056000 118.058408 49
014 128.056000 128.061402 63
015 138.056000 138.092956 54
016 148.056000 148.047028 63
017 158.056000 158.022950 53
018 168.056000 167.973970 54
019 178.056000 178.212364 57
020 188.056000 188.050045 75
021 198.056000 198.045801 59
022 208.056000 207.997246 73
023 218.056000 218.028220 42
024 228.056000 241.242564 14
025 238.056000 240.453161 26
026 248.056000 247.769806 8
027 258.311000 261.484480 10
028 268.392000 269.672464 12
029 278.457000 277.953677 32
030 288.680000 304.214326 8
031 299.265000 300.330406 28
032 309.265000 309.961184 10
033 319.460000 316.878888 8
034 329.886000 326.878888 0
035 331.489000 336.878888 0
036 341.050000 331.921686 8
037 352.269000 341.921686 0
038 362.269000 367.055941 11
039 372.483000 373.351458 14
040 382.483000 383.630737 18
041 392.844000 391.537559 12
042 403.556000 404.302126 33
043 414.326000 377.590435 8
044 424.449000 424.721327 16
045 434.768000 434.408316 20
046 444.768000 444.408316 0
047 452.651000 453.361256 25
048 462.775000 458.846265 10
049 472.194000 468.846265 0
050 482.194000 482.532340 27
051 491.877000 491.001176 23
052 501.624000 502.025957 18
053 511.427000 510.712752 14
054 520.978000 520.115112 13
055 530.978000 530.115112 0
056 541.619000 540.115112 0
057 550.842000 562.883153 8
058 560.228000 562.804900 22
059 569.286000 569.577881 16
060 578.659000 578.030703 21
061 588.915000 588.216652 23
062 598.555000 598.216652 0
063 608.681000 610.410633 14
064 619.259000 619.235563 34
065 628.721000 628.328557 20
066 638.369000 637.855342 11
067 647.991000 648.505430 14
068 657.851000 658.310857 22
069 666.916000 667.484650 24
070 675.899000 675.566674 23
071 685.573000 685.217253 12
072 695.248000 694.568412 15
073 705.586000 704.568412 0
074 715.395000 714.568412 0
075 725.261000 725.416705 24
076 734.717000 736.334809 11
077 745.217000 745.201015 20
078 755.217000 754.600438 9
079 764.858000 765.216684 10
080 774.506000 775.216684 0
081 785.429000 787.976305 8
082 796.513000 797.321687 22
083 806.746000 806.055185 14
084 816.819000 816.205575 18
085 826.819000 824.893307 18
086 836.249000 834.893307 0
087 846.163000 846.528953 18
088 856.163000 855.937863 9
089 864.873000 864.859538 10
090 873.220000 873.405438 29
091 883.027000 882.887871 21
092 892.860000 890.265372 10
093 902.860000 903.393839 14
094 912.210000 912.679662 11
095 921.433000 921.346336 9
096 931.433000 930.526338 21
097 940.742000 940.526338 0
098 949.547000 948.666782 11
099 958.617000 958.666782 0
100 968.324000 967.897939 16
101 977.329000 977.216908 13
102 987.329000 986.505962 14
103 997.595000 995.226431 10
104 1007.336000 1006.170782 18
105 1017.463000 1004.977198 8
106 1028.014000 1028.303425 15
107 1037.881000 1037.784529 10
108 1046.619000 1046.319816 30
109 1056.878000 1056.222391 19
110 1066.607000 1066.547260 12
111 1076.607000 1112.239472 14
112 1085.691000 1122.239472 0
113 1095.691000 1095.483738 17
114 1104.986000 1163.076745 18
115 1115.086000 1114.910147 24
116 1124.734000 1163.544876 9
117 1133.904000 1132.503498 17
118 1143.738000 1110.959963 11
119 1153.068000 1120.959963 0
120 1162.582000 1163.286549 25
121 1172.470000 1171.828356 12
122 1181.693000 1181.733191 22
123 1191.553000 1191.733191 0
124 1201.148000 1202.782483 10
125 1211.148000 1211.373324 11
126 1220.338000 1221.215986 16
127 1229.986000 1229.547976 10
128 1239.076000 1236.060525 11
129 1249.076000 1246.060525 0
130 1257.800000 1256.060525 0
131 1267.668000 1266.060525 0
132 1278.014000 1279.635032 19
133 1288.014000 1286.364504 30
134 1297.789000 1297.936610 21
135 1307.517000 1307.169646 15
136 1317.517000 1280.605843 9
137 1327.250000 1327.536428 17
138 1336.985000 1336.979310 17
139 1346.985000 1346.385994 20
140 1356.581000 1355.683501 20
141 1365.299000 1364.778377 16
142 1375.105000 1374.778377 0
143 1385.579000 1384.778377 0
144 1395.579000 1396.598866 24
145 1405.579000 1405.800855 27
146 1415.931000 1414.804048 16
147 1425.340000 1424.804048 0
148 1434.351000 1434.804048 0
149 1443.813000 1443.742004 17
150 1453.703000 1453.301826 21
151 1463.450000 1463.301826 0
152 1471.333000 1473.301826 0
153 1481.566000 1481.945626 13
154 1491.044000 1489.970560 28
155 1500.579000 1499.970560 0
156 1510.173000 1509.682984 12
157 1520.607000 1519.682984 0
158 1530.868000 1529.682984 0
159 1540.607000 1539.682984 0
160 1549.968000 1549.682984 0
161 1560.345000 1566.898185 9
162 1570.539000 1571.407958 14
163 1579.858000 1580.214010 18
164 1589.858000 1590.214010 0
165 1599.858000 1599.865706 8
166 1610.086000 1609.865706 0
167 1620.615000 1621.271123 19
168 1631.827000 1630.866233 8
169 1641.168000 1641.123538 20
170 1651.300000 1651.010895 15
171 1663.636000 1663.837846 9
172 1672.749000 1672.367822 17
173 1683.172000 1682.367822 0
174 1693.095000 1693.181403 19
175 1702.956000 1701.809805 18
176 1713.607000 1711.809805 0
177 1724.031000 1723.748990 13
178 1734.031000 1733.748990 0
179 1742.838000 1744.492877 19
180 1752.449000 1751.431286 25
181 1760.542000 1760.742528 14
182 1770.715000 1768.734725 14
183 1780.992000 1778.734725 0
184 1790.832000 1790.526954 12
185 1800.832000 1801.189291 17
186 1810.721000 1810.789823 29
187 1820.617000 1820.384808 28
188 1830.360000 1830.551831 21
189 1840.013000 1840.151817 36
190 1849.209000 1850.151817 0
191 1860.090000 1861.704485 15
192 1869.680000 1873.257158 15
193 1879.478000 1878.495131 17
194 1889.402000 1890.980661 15
195 1899.097000 1898.217495 20
196 1908.417000 1908.217495 0
197 1917.757000 1918.217495 0
198 1926.911000 1928.388821 24
199 1937.293000 1938.197417 11
200 1946.883000 1947.408699 9
201 1954.809000 1954.300935 16
202 1964.620000 1964.300935 0
203 1974.782000 1974.300935 0
204 1985.579000 1987.072031 17
205 1995.308000 1995.184218 24
206 2005.308000 2005.184218 0
207 2015.204000 2015.184218 0
208 2024.919000 2023.751018 27
209 2034.823000 2048.106452 8
210 2044.823000 2046.245440 34
211 2053.733000 2054.887852 17
212 2065.736000 2065.090729 19
213 2075.432000 2074.939519 17
214 2085.432000 2084.939519 0
215 2095.640000 2094.939519 0
216 2105.535000 2105.441268 13
217 2116.249000 2115.441268 0
218 2125.944000 2126.111239 18
219 2135.944000 2136.194486 19
220 2146.477000 2146.070862 14
221 2156.339000 2156.070862 0
222 2166.172000 2166.399205 17
223 2176.248000 2176.399205 0
224 2185.589000 2186.399205 0
225 2195.326000 2196.801599 23
226 2205.520000 2204.980424 19
227 2217.024000 2218.941649 17
228 2227.821000 2228.341004 14
229 2237.286000 2237.086846 36
230 2246.071000 2245.339350 10
231 2256.071000 2256.463364 12
232 2265.092000 2263.576506 12
233 2275.092000 2273.481209 14
234 2284.908000 2285.108822 21
235 2294.908000 2293.435745 24
236 2304.609000 2304.589496 18
237 2314.609000 2314.452783 10
238 2324.304000 2324.458702 13
239 2334.304000 2334.458702 0
240 2344.486000 2345.031569 17
241 2353.057000 2355.031569 0
242 2362.985000 2363.104299 12
243 2372.520000 2372.606621 22
244 2381.683000 2382.606621 0
245 2392.797000 2390.477806 27
246 2402.524000 2403.092679 27
247 2412.524000 2412.298279 37
248 2422.603000 2422.277827 17
249 2432.623000 2431.909455 12
250 2442.623000 2441.077470 25
251 2451.774000 2451.077470 0
252 2461.676000 2461.077470 0
253 2470.754000 2473.536241 14
254 2481.214000 2480.015536 24
255 2491.098000 2490.015536 0
256 2500.447000 2499.877902 15
257 2509.765000 2508.734080 32
258 2518.890000 2519.528890 16
259 2529.280000 2530.853222 12
260 2538.944000 2538.921997 11
261 2548.529000 2548.214258 24
262 2558.036000 2558.214258 0
263 2567.093000 2565.850501 12
264 2575.836000 2558.763534 10
265 2585.931000 2585.669766 20
266 2595.244000 2595.793484 10
267 2605.244000 2606.018774 16
268 2615.042000 2610.603752 14
269 2624.843000 2625.094818 24
270 2635.057000 2636.617590 20
271 2645.270000 2645.497709 18
272 2654.752000 2653.952653 12
273 2664.938000 2665.883874 14
274 2674.439000 2674.062874 19
275 2684.201000 2682.972286 11
276 2693.355000 2692.603483 23
277 2703.021000 2702.687442 11
278 2712.409000 2713.158977 19
279 2722.955000 2723.579528 19
280 2733.351000 2733.433860 43
281 2743.508000 2743.033262 23
282 2753.438000 2753.033262 0
283 2763.906000 2763.033262 0
284 2774.276000 2774.173335 12
285 2783.156000 2782.314670 11
286 2792.350000 2791.483550 10
287 2802.543000 2801.640555 16
288 2812.446000 2836.176830 9
289 2821.794000 2785.839430 8
290 2830.771000 2795.839430 0
291 2841.083000 2839.003678 14
292 2851.257000 2780.129330 8
293 2861.257000 2790.129330 0
294 2871.591000 2800.129330 0
295 2880.480000 2810.129330 0
296 2890.480000 2820.129330 0
297 2900.383000 2899.040402 22
298 2910.232000 2904.638004 8
299 2920.525000 2920.603529 15
300 2930.148000 2929.162046 21
301 2939.843000 2940.173318 27
302 2949.985000 2950.295325 8
303 2959.411000 2960.982018 8
304 2969.411000 2969.314456 15
305 2979.660000 2978.922639 22
306 2989.373000 2985.376574 11
307 2999.373000 3002.917043 11
308 3009.156000 3009.751628 11
309 3018.995000 3020.685095 25
310 3028.707000 3028.837295 18
311 3038.277000 3038.837295 0
312 3046.041000 3042.939881 11
313 3054.913000 3093.928497 11
314 3064.767000 3064.602096 19
315 3074.767000 3074.695759 9
316 3084.516000 3084.165060 14
317 3092.780000 3092.222030 22
318 3102.278000 3101.636749 22
319 3113.010000 3111.636749 0
320 3122.474000 3123.503763 8
321 3132.329000 3132.112164 24
322 3140.879000 3140.043701 16
323 3150.790000 3150.679750 22
324 3160.555000 3159.497689 11
325 3169.624000 3169.497689 0
326 3177.834000 3177.870101 15
327 3187.548000 3187.766113 25
328 3198.656000 3199.836802 14
329 3208.441000 3207.668534 15
330 3217.491000 3217.547166 20
331 3228.026000 3227.573503 22
332 3238.294000 3238.585604 12
333 3248.222000 3246.837136 10
334 3258.222000 3258.311891 18
335 3267.432000 3267.481736 15
336 3277.002000 3268.254723 8
337 3287.002000 3278.254723 0
338 3297.002000 3259.564804 9
339 3307.002000 3308.170478 30
340 3316.855000 3312.600095 8
341 3326.855000 3322.600095 0
342 3335.816000 3335.051718 16
343 3346.780000 3347.116369 31
344 3357.496000 3358.885335 21
345 3367.780000 3368.018013 16
346 3377.690000 3383.687469 11
347 3387.331000 3388.253960 17
348 3397.331000 3396.963714 21
349 3403.895000 3403.897940 11
350 3413.895000 3413.897940 0
351 3423.625000 3423.366491 20
352 3434.501000 3434.909322 14
353 3444.227000 3444.228172 22
354 3454.999000 3453.878605 27
355 3464.135000 3464.157948 26
356 3474.135000 3474.157948 0
357 3484.135000 3483.701030 18
358 3493.815000 3493.841742 13
359 3503.474000 3502.686835 21
360 3513.133000 3512.196866 12
361 3522.614000 3522.196866 0
362 3532.614000 3523.790180 8
363 3540.698000 3542.933936 9
364 3549.319000 3550.910929 10
365 3560.035000 3560.910929 0
366 3570.427000 3570.463667 19
367 3579.853000 3579.867626 17
368 3588.868000 3589.240351 16
369 3597.758000 3583.990447 8
370 3608.598000 3593.990447 0
371 3619.205000 3603.990447 0
372 3630.495000 3630.342782 18
373 3639.841000 3638.923539 11
374 3650.150000 3648.923539 0
375 3658.773000 3658.923539 0
376 3669.988000 3668.923539 0
377 3675.443000 3678.923539 0
378 3686.082000 3685.783658 18
379 3696.082000 3695.783658 0
380 3707.480000 3705.783658 0
381 3717.480000 3715.783658 0
382 3727.480000 3725.783658 0
383 3737.086000 3735.572666 10
384 3746.943000 3747.024399 15
385 3756.241000 3788.100136 11
386 3766.400000 3798.100136 0
387 3776.400000 3783.722392 8
388 3786.400000 3785.542983 21
389 3795.665000 3795.346184 16
390 3803.874000 3803.831725 21
391 3813.588000 3812.812794 37
392 3823.819000 3822.958454 15
393 3833.460000 3832.958454 0
394 3842.278000 3842.812075 20
395 3852.672000 3852.448231 23
396 3863.100000 3863.121436 8
397 3873.868000 3874.667156 13
398 3883.688000 3882.483918 22
399 3892.560000 3891.511245 30
400 3903.079000 3902.875405 14
401 3913.113000 3913.019122 19
402 3922.683000 3922.673919 16
403 3932.467000 3931.154546 13
404 3942.324000 3941.643759 11
405 3950.945000 3948.739529 9
406 3960.478000 3964.042834 13
407 3970.818000 3974.042834 0
408 3980.709000 3980.952562 13
409 3987.524000 3987.564871 22
410 3997.721000 3998.238270 24
411 4007.827000 4007.835650 9
412 4017.827000 4016.776571 16
413 4027.055000 4026.776571 0
414 4036.481000 4099.849811 8
415 4046.481000 4045.161814 9
416 4055.175000 4054.083937 24
417 4064.458000 4064.159009 19
418 4073.867000 4074.159009 0
419 4082.614000 4082.069201 8
420 4093.775000 4092.069201 0
421 4102.647000 4102.849312 26
422 4111.877000 4113.320557 11
423 4121.715000 4120.951502 22
424 4130.747000 4130.180690 10
425 4140.193000 4140.512577 29
426 4150.031000 4149.711047 10
427 4159.457000 4160.456827 11
428 4170.041000 4170.062478 12
429 4179.827000 4179.461730 27
430 4189.240000 4189.374901 19
431 4198.753000 4198.762562 15
432 4208.351000 4208.669402 21
433 4217.789000 4217.872376 28
434 4227.286000 4227.073965 18
435 4236.999000 4236.614467 15
436 4244.888000 4245.936485 17
437 4254.888000 4253.325133 17
438 4264.439000 4235.194687 10
439 4274.258000 4274.785012 23
440 4284.043000 4284.078881 24
441 4294.402000 4294.450318 31
442 4303.916000 4303.388348 23
443 4313.916000 4312.213899 13
444 4323.916000 4323.191358 12
445 4333.452000 4333.618471 30
446 4343.452000 4343.520213 23
447 4353.696000 4352.913197 16
448 4363.535000 4361.428608 10
449 4373.659000 4371.428608 0
450 4384.141000 4381.428608 0
451 4393.800000 4393.322236 8
452 4403.011000 4403.086169 8
453 4412.922000 4410.994751 26
454 4421.741000 4421.508188 18
455 4431.202000 4431.508188 0
456 4440.558000 4440.736712 21
457 4450.718000 4451.280668 20
458 4460.914000 4463.621374 16
459 4468.980000 4469.825773 27
460 4477.834000 4479.825773 0
461 4487.834000 4486.770634 13
462 4496.760000 4530.177717 9
463 4505.714000 4540.177717 0
464 4514.669000 4550.177717 0
465 4522.896000 4601.443470 10
466 4532.554000 4577.958989 12
467 4540.771000 4587.958989 0
468 4549.692000 4597.958989 0
469 4558.663000 4558.908590 14
470 4568.567000 4574.741684 9
471 4579.446000 4577.708116 12
472 4586.385000 4588.350836 18
473 4596.676000 4595.736797 10
474 4606.008000 4607.542303 24
475 4615.820000 4617.542303 0
476 4624.232000 4623.737053 8
477 4633.843000 4633.535063 26
478 4643.506000 4643.848783 17
479 4652.917000 4653.974580 22
480 4662.917000 4663.974580 0
481 4672.917000 4671.512382 30
