001 0.000000 0.907262 49
002 10.000000 9.751848 21
003 20.000000 19.751848 0
004 28.072000 29.158391 10
005 38.058000 38.031825 17
006 48.059000 47.975753 41
007 58.056000 58.240886 26
008 68.056000 68.125112 33
009 78.056000 77.879255 40
010 88.056000 88.089322 37
011 98.056000 98.087888 74
012 108.056000 108.088720 63
013 118.056000 118.057417 48
014 128.056000 128.055886 65
015 138.056000 138.085142 58
016 148.056000 148.045035 62
017 158.056000 158.024866 54
018 168.056000 167.976545 55
019 178.056000 178.276927 59
020 188.056000 187.952893 78
021 198.056000 198.045801 59
022 208.056000 208.033291 72
023 218.056000 217.983327 43
024 228.056000 241.021141 14
025 238.056000 240.356626 27
026 248.056000 247.043552 10
027 258.311000 261.084064 11
028 268.392000 268.909480 18
029 278.457000 278.064738 32
030 288.680000 303.976970 8
031 299.265000 300.152138 22
032 309.265000 309.984866 12
033 319.460000 319.984866 0
034 329.886000 329.984866 0
035 331.489000 339.984866 0
036 341.050000 338.394156 9
037 352.269000 327.043651 9
038 362.269000 367.146212 13
039 372.483000 373.100879 14
040 382.483000 383.696524 20
041 392.844000 394.331661 12
042 403.556000 404.291982 34
043 414.326000 414.291982 0
044 424.449000 424.607116 16
045 434.768000 434.468715 22
046 444.768000 444.468715 0
047 452.651000 453.264955 24
048 462.775000 460.911958 12
049 472.194000 470.911958 0
050 482.194000 482.393860 27
051 491.877000 491.002297 21
052 501.624000 501.566339 16
053 511.427000 510.990861 13
054 520.978000 519.801530 14
055 530.978000 495.846883 8
056 541.619000 505.846883 0
057 550.842000 562.390116 9
058 560.228000 562.421814 18
059 569.286000 569.654745 17
060 578.659000 577.420988 17
061 588.915000 588.199530 21
062 598.555000 598.199530 0
063 608.681000 610.485873 13
064 619.259000 619.174373 34
065 628.721000 628.292328 19
066 638.369000 637.413344 10
067 647.991000 648.466738 15
068 657.851000 658.209103 21
069 666.916000 667.584631 21
070 675.899000 676.213884 22
071 685.573000 685.641425 10
072 695.248000 694.711972 15
073 705.586000 704.711972 0
074 715.395000 714.711972 0
075 725.261000 725.246847 23
076 734.717000 736.956400 11
077 745.217000 745.145177 20
078 755.217000 754.698566 13
079 764.858000 765.151136 11
080 774.506000 775.151136 0
081 785.429000 787.368581 8
082 796.513000 797.352742 22
083 806.746000 807.321145 14
084 816.819000 816.396621 17
085 826.819000 825.296188 19
086 836.249000 835.296188 0
087 846.163000 846.540461 16
088 856.163000 856.629035 11
089 864.873000 864.381883 11
090 873.220000 873.320329 31
091 883.027000 882.785775 21
092 892.860000 892.785775 0
093 902.860000 903.529323 20
094 912.210000 912.497894 9
095 921.433000 920.962312 10
096 931.433000 930.377104 20
097 940.742000 999.493624 10
098 949.547000 948.768788 12
099 958.617000 958.768788 0
100 968.324000 968.081089 16
101 977.329000 977.824993 16
102 987.329000 986.505962 14
103 997.595000 996.505962 0
104 1007.336000 1006.341270 17
105 1017.463000 1016.341270 0
106 1028.014000 1028.232827 15
107 1037.881000 1038.308762 13
108 1046.619000 1046.245770 27
109 1056.878000 1056.834957 18
110 1066.607000 1110.893411 10
111 1076.607000 1112.239472 14
112 1085.691000 1122.239472 0
113 1095.691000 1095.373218 14
114 1104.986000 1162.990930 17
115 1115.086000 1115.316212 23
116 1124.734000 1124.372420 11
117 1133.904000 1132.577651 14
118 1143.738000 1109.794491 9
119 1153.068000 1119.794491 0
120 1162.582000 1163.324512 23
121 1172.470000 1171.379308 13
122 1181.693000 1181.463571 17
123 1191.553000 1191.463571 0
124 1201.148000 1202.807530 12
125 1211.148000 1211.373324 11
126 1220.338000 1220.975784 15
127 1229.986000 1229.547976 10
128 1239.076000 1236.053340 11
129 1249.076000 1246.053340 0
130 1257.800000 1256.053340 0
131 1267.668000 1269.167310 8
132 1278.014000 1279.552408 18
133 1288.014000 1286.565489 33
134 1297.789000 1297.899100 20
135 1307.517000 1307.140978 17
136 1317.517000 1279.437916 8
137 1327.250000 1327.674489 15
138 1336.985000 1336.896448 18
139 1346.985000 1346.428417 18
140 1356.581000 1356.168823 16
141 1365.299000 1364.811669 15
142 1375.105000 1374.811669 0
143 1385.579000 1384.811669 0
144 1395.579000 1396.590854 23
145 1405.579000 1405.793183 25
146 1415.931000 1414.374145 17
147 1425.340000 1424.374145 0
148 1434.351000 1434.374145 0
149 1443.813000 1444.713206 11
150 1453.703000 1453.418517 20
151 1463.450000 1463.418517 0
152 1471.333000 1473.418517 0
153 1481.566000 1482.314301 16
154 1491.044000 1490.056334 28
155 1500.579000 1500.056334 0
156 1510.173000 1510.405495 9
157 1520.607000 1519.918852 9
158 1530.868000 1529.918852 0
159 1540.607000 1535.542738 9
160 1549.968000 1545.542738 0
161 1560.345000 1566.265619 10
162 1570.539000 1569.130176 21
163 1579.858000 1580.227932 18
164 1589.858000 1590.227932 0
165 1599.858000 1599.894668 8
166 1610.086000 1609.894668 0
167 1620.615000 1621.004914 19
168 1631.827000 1630.885398 8
169 1641.168000 1641.494569 18
170 1651.300000 1650.530474 16
171 1663.636000 1663.282399 10
172 1672.749000 1672.193271 22
173 1683.172000 1682.193271 0
174 1693.095000 1693.181534 18
175 1702.956000 1701.617893 16
176 1713.607000 1703.818796 9
177 1724.031000 1723.761168 13
178 1734.031000 1733.761168 0
179 1742.838000 1744.756228 18
180 1752.449000 1751.431286 25
181 1760.542000 1760.720812 13
182 1770.715000 1769.496240 10
183 1780.992000 1779.496240 0
184 1790.832000 1790.447197 10
185 1800.832000 1800.666236 16
186 1810.721000 1810.788425 28
187 1820.617000 1820.430142 27
188 1830.360000 1829.993803 24
189 1840.013000 1840.067711 40
190 1849.209000 1850.067711 0
191 1860.090000 1861.851942 16
192 1869.680000 1873.147983 15
193 1879.478000 1878.364101 20
194 1889.402000 1890.493189 13
195 1899.097000 1897.962700 20
196 1908.417000 1906.334620 14
197 1917.757000 1916.334620 0
198 1926.911000 1928.089889 25
199 1937.293000 1939.049680 12
200 1946.883000 1947.135132 11
201 1954.809000 1954.793500 19
202 1964.620000 1987.342781 9
203 1974.782000 1997.342781 0
204 1985.579000 1987.452050 16
205 1995.308000 1995.149856 25
206 2005.308000 2005.149856 0
207 2015.204000 2015.149856 0
208 2024.919000 2023.449333 27
209 2034.823000 2022.836052 9
210 2044.823000 2046.139038 38
211 2053.733000 2054.983703 17
212 2065.736000 2064.898410 21
213 2075.432000 2074.404247 20
214 2085.432000 2084.404247 0
215 2095.640000 2094.404247 0
216 2105.535000 2105.535797 9
217 2116.249000 2115.535797 0
218 2125.944000 2126.236415 16
219 2135.944000 2136.468128 14
220 2146.477000 2146.396238 19
221 2156.339000 2156.396238 0
222 2166.172000 2166.517479 20
223 2176.248000 2176.517479 0
224 2185.589000 2186.517479 0
225 2195.326000 2196.893664 23
226 2205.520000 2204.878532 16
227 2217.024000 2217.899974 21
228 2227.821000 2229.571787 16
229 2237.286000 2237.091412 36
230 2246.071000 2247.091412 0
231 2256.071000 2256.300437 14
232 2265.092000 2263.220305 12
233 2275.092000 2274.297000 15
234 2284.908000 2285.165236 17
235 2294.908000 2294.082438 22
236 2304.609000 2304.588210 20
237 2314.609000 2314.360230 10
238 2324.304000 2324.642069 12
239 2334.304000 2331.244784 11
240 2344.486000 2344.943317 17
241 2353.057000 2354.943317 0
242 2362.985000 2363.498100 13
243 2372.520000 2372.606621 22
244 2381.683000 2380.627184 8
245 2392.797000 2390.940913 24
246 2402.524000 2403.073624 31
247 2412.524000 2412.241900 39
248 2422.603000 2422.404584 17
249 2432.623000 2431.877480 12
250 2442.623000 2441.844806 23
251 2451.774000 2451.844806 0
252 2461.676000 2461.844806 0
253 2470.754000 2473.491392 15
254 2481.214000 2479.957090 25
255 2491.098000 2489.957090 0
256 2500.447000 2499.879677 14
257 2509.765000 2508.593130 30
258 2518.890000 2521.784176 11
259 2529.280000 2530.869463 8
260 2538.944000 2539.008035 9
261 2548.529000 2548.111268 14
262 2558.036000 2558.111268 0
263 2567.093000 2567.014928 12
264 2575.836000 2559.511130 9
265 2585.931000 2585.684074 19
266 2595.244000 2595.299813 13
267 2605.244000 2605.823005 15
268 2615.042000 2613.152104 21
269 2624.843000 2625.078956 25
270 2635.057000 2637.017597 20
271 2645.270000 2645.463610 21
272 2654.752000 2654.520046 8
273 2664.938000 2665.709437 14
274 2674.439000 2673.911014 21
275 2684.201000 2683.146079 16
276 2693.355000 2691.021902 11
277 2703.021000 2669.756932 8
278 2712.409000 2713.244281 17
279 2722.955000 2723.672544 16
280 2733.351000 2733.671933 43
281 2743.508000 2743.003846 21
282 2753.438000 2753.003846 0
283 2763.906000 2763.003846 0
284 2774.276000 2774.338796 14
285 2783.156000 2783.101152 10
286 2792.350000 2792.174099 10
287 2802.543000 2801.904292 17
288 2812.446000 2811.904292 0
289 2821.794000 2787.648700 9
290 2830.771000 2797.648700 0
291 2841.083000 2838.845697 12
292 2851.257000 2850.981514 11
293 2861.257000 2860.981514 0
294 2871.591000 2870.981514 0
295 2880.480000 2881.019022 14
296 2890.480000 2890.097816 24
297 2900.383000 2899.031276 23
298 2910.232000 2907.928365 10
299 2920.525000 2920.551198 13
300 2930.148000 2929.461378 22
301 2939.843000 2939.857003 26
302 2949.985000 2950.008121 10
303 2959.411000 2960.008121 0
304 2969.411000 2969.314456 15
305 2979.660000 2978.975882 25
306 2989.373000 2987.342265 13
307 2999.373000 2997.342265 0
308 3009.156000 3009.706341 11
309 3018.995000 3020.688834 26
310 3028.707000 3028.627851 19
311 3038.277000 3036.988604 12
312 3046.041000 3044.173855 14
313 3054.913000 3095.282391 9
314 3064.767000 3064.522424 17
315 3074.767000 3074.695759 9
316 3084.516000 3083.726865 15
317 3092.780000 3092.205653 23
318 3102.278000 3101.937995 21
319 3113.010000 3111.937995 0
320 3122.474000 3121.937995 0
321 3132.329000 3132.112164 24
322 3140.879000 3140.344407 14
323 3150.790000 3150.679750 22
324 3160.555000 3160.081092 10
325 3169.624000 3170.081092 0
326 3177.834000 3177.895675 14
327 3187.548000 3187.345643 24
328 3198.656000 3199.838965 13
329 3208.441000 3206.967222 14
330 3217.491000 3217.277090 24
331 3228.026000 3227.345201 22
332 3238.294000 3237.345201 0
333 3248.222000 3247.050908 12
334 3258.222000 3258.009355 18
335 3267.432000 3266.428481 13
336 3277.002000 3273.658031 10
337 3287.002000 3283.658031 0
338 3297.002000 3293.658031 0
339 3307.002000 3308.774703 30
340 3316.855000 3312.404047 9
341 3326.855000 3322.404047 0
342 3335.816000 3335.055959 17
343 3346.780000 3346.934446 29
344 3357.496000 3358.752672 20
345 3367.780000 3368.471725 16
346 3377.690000 3383.234509 8
347 3387.331000 3388.210101 18
348 3397.331000 3396.963714 21
349 3403.895000 3403.765680 11
350 3413.895000 3413.765680 0
351 3423.625000 3423.550050 12
352 3434.501000 3434.399017 16
353 3444.227000 3444.120042 22
354 3454.999000 3454.072842 22
355 3464.135000 3464.500268 29
356 3474.135000 3474.500268 0
357 3484.135000 3483.738530 21
358 3493.815000 3494.186258 14
359 3503.474000 3502.471100 21
360 3513.133000 3511.126286 11
361 3522.614000 3521.126286 0
362 3532.614000 3521.795261 8
363 3540.698000 3531.795261 0
364 3549.319000 3550.417448 11
365 3560.035000 3560.417448 0
366 3570.427000 3570.607944 15
367 3579.853000 3579.433608 18
368 3588.868000 3588.395124 16
369 3597.758000 3598.395124 0
370 3608.598000 3608.395124 0
371 3619.205000 3618.395124 0
372 3630.495000 3629.920250 19
373 3639.841000 3638.313059 14
374 3650.150000 3648.313059 0
375 3658.773000 3661.811816 8
376 3669.988000 3671.811816 0
377 3675.443000 3681.811816 0
378 3686.082000 3685.783658 18
379 3696.082000 3695.783658 0
380 3707.480000 3705.783658 0
381 3717.480000 3715.783658 0
382 3727.480000 3725.783658 0
383 3737.086000 3735.783658 0
384 3746.943000 3746.763588 13
385 3756.241000 3756.763588 0
386 3766.400000 3766.763588 0
387 3776.400000 3784.459873 8
388 3786.400000 3786.058674 28
389 3795.665000 3795.049645 16
390 3803.874000 3804.262102 20
391 3813.588000 3813.079432 37
392 3823.819000 3822.470073 16
393 3833.460000 3832.470073 0
394 3842.278000 3843.196887 16
395 3852.672000 3852.699986 21
396 3863.100000 3863.169999 9
397 3873.868000 3874.334426 11
398 3883.688000 3882.717736 21
399 3892.560000 3891.307084 32
400 3903.079000 3902.847011 17
401 3913.113000 3913.853212 22
402 3922.683000 3922.692885 12
403 3932.467000 3931.342108 15
404 3942.324000 3941.684787 12
405 3950.945000 3949.155022 11
406 3960.478000 3963.499811 13
407 3970.818000 3973.499811 0
408 3980.709000 3980.936454 14
409 3987.524000 3988.007598 22
410 3997.721000 3998.477765 27
411 4007.827000 4006.610725 10
412 4017.827000 4017.452264 17
413 4027.055000 4027.452264 0
414 4036.481000 4103.421643 9
415 4046.481000 4045.161814 9
416 4055.175000 4053.935762 26
417 4064.458000 4064.148963 16
418 4073.867000 4074.148963 0
419 4082.614000 4082.246440 11
420 4093.775000 4092.246440 0
421 4102.647000 4103.274111 29
422 4111.877000 4114.183116 13
423 4121.715000 4121.167704 22
424 4130.747000 4131.167704 0
425 4140.193000 4140.500703 30
426 4150.031000 4149.964571 9
427 4159.457000 4161.463857 14
428 4170.041000 4170.046452 13
429 4179.827000 4179.343582 27
430 4189.240000 4189.210991 10
431 4198.753000 4198.560972 15
432 4208.351000 4208.356821 18
433 4217.789000 4217.713481 29
434 4227.286000 4228.539869 19
435 4236.999000 4236.477770 16
436 4244.888000 4245.813771 18
437 4254.888000 4252.575144 14
438 4264.439000 4233.774824 11
439 4274.258000 4274.382001 21
440 4284.043000 4284.084980 23
441 4294.402000 4294.131786 32
442 4303.916000 4303.385991 22
443 4313.916000 4311.427803 13
444 4323.916000 4323.362776 12
445 4333.452000 4333.425809 29
446 4343.452000 4343.495938 22
447 4353.696000 4354.624402 11
448 4363.535000 4362.092766 14
449 4373.659000 4388.260741 8
450 4384.141000 4398.260741 0
451 4393.800000 4394.413742 11
452 4403.011000 4403.869111 9
453 4412.922000 4411.394649 26
454 4421.741000 4421.897507 16
455 4431.202000 4431.897507 0
456 4440.558000 4440.515483 20
457 4450.718000 4451.591783 20
458 4460.914000 4460.379940 16
459 4468.980000 4469.608381 28
460 4477.834000 4479.608381 0
461 4487.834000 4487.169022 13
462 4496.760000 4530.458642 8
463 4505.714000 4540.458642 0
464 4514.669000 4550.458642 0
465 4522.896000 4524.043592 9
466 4532.554000 4577.570081 12
467 4540.771000 4587.570081 0
468 4549.692000 4597.570081 0
469 4558.663000 4558.658692 14
470 4568.567000 4574.869227 9
471 4579.446000 4577.300553 12
472 4586.385000 4587.840487 18
473 4596.676000 4596.337337 10
474 4606.008000 4606.927009 20
475 4615.820000 4637.162247 10
476 4624.232000 4647.162247 0
477 4633.843000 4633.523166 28
478 4643.506000 4643.976433 19
479 4652.917000 4654.013709 21
480 4662.917000 4661.409758 9
481 4672.917000 4671.098318 30
