001 0.000000 0.677645 54
002 10.000000 9.141286 24
003 20.000000 19.141286 0
004 28.072000 28.645844 10
005 38.058000 37.729236 17
006 48.059000 47.975753 41
007 58.056000 58.240886 26
008 68.056000 68.057710 35
009 78.056000 77.883359 41
010 88.056000 88.300245 39
011 98.056000 98.000476 74
012 108.056000 108.033446 66
013 118.056000 118.058918 48
014 128.056000 128.055880 66
015 138.056000 138.088134 54
016 148.056000 148.046858 66
017 158.056000 158.024990 54
018 168.056000 167.976252 55
019 178.056000 178.359283 58
020 188.056000 188.077861 74
021 198.056000 198.078310 58
022 208.056000 207.994934 72
023 218.056000 217.974999 43
024 228.056000 240.871599 14
025 238.056000 240.487162 26
026 248.056000 247.769806 8
027 258.311000 261.285933 10
028 268.392000 268.748533 14
029 278.457000 278.204804 28
030 288.680000 304.426866 9
031 299.265000 300.482366 22
032 309.265000 309.719549 15
033 319.460000 319.719549 0
034 329.886000 329.719549 0
035 331.489000 339.719549 0
036 341.050000 349.719549 0
037 352.269000 359.719549 0
038 362.269000 367.705743 11
039 372.483000 373.410799 15
040 382.483000 383.590968 19
041 392.844000 393.387273 15
042 403.556000 404.294477 32
043 414.326000 414.294477 0
044 424.449000 424.607116 16
045 434.768000 434.442811 24
046 444.768000 444.442811 0
047 452.651000 453.197150 25
048 462.775000 459.832426 11
049 472.194000 469.832426 0
050 482.194000 482.530548 22
051 491.877000 491.223225 23
052 501.624000 502.120379 16
053 511.427000 511.534633 15
054 520.978000 518.288612 9
055 530.978000 528.288612 0
056 541.619000 538.288612 0
057 550.842000 548.288612 0
058 560.228000 562.703807 23
059 569.286000 569.764461 16
060 578.659000 577.997174 22
061 588.915000 587.823827 18
062 598.555000 597.823827 0
063 608.681000 610.289709 13
064 619.259000 619.287060 32
065 628.721000 628.261123 18
066 638.369000 637.717013 15
067 647.991000 648.427687 13
068 657.851000 658.418699 20
069 666.916000 667.532320 23
070 675.899000 676.078492 21
071 685.573000 685.752437 14
072 695.248000 694.568412 15
073 705.586000 704.568412 0
074 715.395000 714.568412 0
075 725.261000 725.536511 24
076 734.717000 737.055056 12
077 745.217000 745.175006 20
078 755.217000 754.705956 13
079 764.858000 764.633448 14
080 774.506000 774.633448 0
081 785.429000 784.633448 0
082 796.513000 796.941133 23
083 806.746000 806.757644 17
084 816.819000 816.286782 17
085 826.819000 823.832364 18
086 836.249000 833.832364 0
087 846.163000 846.378702 18
088 856.163000 856.378702 0
089 864.873000 864.712004 9
090 873.220000 873.082031 30
091 883.027000 882.355235 23
092 892.860000 892.355235 0
093 902.860000 903.111996 12
094 912.210000 911.876235 10
095 921.433000 921.631118 10
096 931.433000 930.648925 19
097 940.742000 940.907474 10
098 949.547000 949.595802 11
099 958.617000 959.595802 0
100 968.324000 968.881674 14
101 977.329000 977.810510 16
102 987.329000 987.236483 14
103 997.595000 1053.566795 8
104 1007.336000 1006.003699 14
105 1017.463000 1016.003699 0
106 1028.014000 1027.932319 13
107 1037.881000 1038.403028 11
108 1046.619000 1045.887982 21
109 1056.878000 1056.968258 19
110 1066.607000 1111.331499 9
111 1076.607000 1112.748300 13
112 1085.691000 1122.748300 0
113 1095.691000 1095.423711 17
114 1104.986000 1162.853595 15
115 1115.086000 1115.195639 23
116 1124.734000 1163.530679 10
117 1133.904000 1132.921856 16
118 1143.738000 1142.921856 0
119 1153.068000 1152.921856 0
120 1162.582000 1163.075507 23
121 1172.470000 1171.319752 11
122 1181.693000 1181.571521 21
123 1191.553000 1191.571521 0
124 1201.148000 1202.606731 12
125 1211.148000 1211.374436 13
126 1220.338000 1220.848865 15
127 1229.986000 1229.441692 10
128 1239.076000 1236.315345 12
129 1249.076000 1278.511459 8
130 1257.800000 1258.641936 11
131 1267.668000 1268.641936 0
132 1278.014000 1280.010304 21
133 1288.014000 1286.522845 33
134 1297.789000 1297.934725 20
135 1307.517000 1307.129998 16
136 1317.517000 1280.084348 9
137 1327.250000 1327.536428 17
138 1336.985000 1336.722647 18
139 1346.985000 1346.456789 16
140 1356.581000 1355.554833 19
141 1365.299000 1364.747159 15
142 1375.105000 1374.747159 0
143 1385.579000 1385.538157 8
144 1395.579000 1396.708082 22
145 1405.579000 1405.808724 26
146 1415.931000 1414.485376 16
147 1425.340000 1424.485376 0
148 1434.351000 1434.485376 0
149 1443.813000 1444.111063 17
150 1453.703000 1453.396402 18
151 1463.450000 1463.396402 0
152 1471.333000 1473.396402 0
153 1481.566000 1481.809154 13
154 1491.044000 1490.086480 25
155 1500.579000 1500.086480 0
156 1510.173000 1510.188509 11
157 1520.607000 1520.188509 0
158 1530.868000 1530.188509 0
159 1540.607000 1540.188509 0
160 1549.968000 1550.188509 0
161 1560.345000 1566.341779 10
162 1570.539000 1571.500321 16
163 1579.858000 1580.207930 17
164 1589.858000 1588.340945 8
165 1599.858000 1600.026538 11
166 1610.086000 1610.026538 0
167 1620.615000 1621.080753 20
168 1631.827000 1630.744808 9
169 1641.168000 1641.494569 18
170 1651.300000 1650.964060 13
171 1663.636000 1663.304982 8
172 1672.749000 1671.662526 21
173 1683.172000 1681.662526 0
174 1693.095000 1692.774040 17
175 1702.956000 1703.191566 19
176 1713.607000 1714.517878 10
177 1724.031000 1723.515725 15
178 1734.031000 1733.515725 0
179 1742.838000 1744.679951 20
180 1752.449000 1751.274297 23
181 1760.542000 1761.247630 12
182 1770.715000 1768.740760 12
183 1780.992000 1774.159742 8
184 1790.832000 1790.522635 12
185 1800.832000 1800.890007 20
186 1810.721000 1810.756663 25
187 1820.617000 1820.368324 25
188 1830.360000 1830.058897 24
189 1840.013000 1840.134428 40
190 1849.209000 1850.134428 0
191 1860.090000 1861.434355 16
192 1869.680000 1872.427540 14
193 1879.478000 1878.471666 16
194 1889.402000 1890.400398 14
195 1899.097000 1897.279790 14
196 1908.417000 1905.718177 12
197 1917.757000 1898.323125 8
198 1926.911000 1928.544484 25
199 1937.293000 1938.276185 10
200 1946.883000 1946.750742 10
201 1954.809000 1954.667015 19
202 1964.620000 1964.667015 0
203 1974.782000 1974.667015 0
204 1985.579000 1986.371717 16
205 1995.308000 1995.255891 26
206 2005.308000 2005.255891 0
207 2015.204000 2015.255891 0
208 2024.919000 2023.320769 28
209 2034.823000 2033.320769 0
210 2044.823000 2046.207629 35
211 2053.733000 2054.733186 16
212 2065.736000 2065.084545 22
213 2075.432000 2074.807946 17
214 2085.432000 2071.840861 9
215 2095.640000 2081.840861 0
216 2105.535000 2105.535797 9
217 2116.249000 2115.535797 0
218 2125.944000 2126.177852 19
219 2135.944000 2136.498030 15
220 2146.477000 2146.636957 22
221 2156.339000 2156.636957 0
222 2166.172000 2166.803612 18
223 2176.248000 2176.803612 0
224 2185.589000 2186.803612 0
225 2195.326000 2196.241025 22
226 2205.520000 2205.053792 19
227 2217.024000 2217.901752 21
228 2227.821000 2228.248802 14
229 2237.286000 2237.093491 33
230 2246.071000 2246.068541 10
231 2256.071000 2255.676909 10
232 2265.092000 2263.028123 10
233 2275.092000 2273.721684 15
234 2284.908000 2284.992089 17
235 2294.908000 2294.079465 21
236 2304.609000 2304.588218 21
237 2314.609000 2314.452783 10
238 2324.304000 2324.192295 9
239 2334.304000 2330.692604 13
240 2344.486000 2344.932128 21
241 2353.057000 2354.932128 0
242 2362.985000 2363.514806 13
243 2372.520000 2372.584088 22
244 2381.683000 2380.375441 9
245 2392.797000 2390.505397 27
246 2402.524000 2403.152153 31
247 2412.524000 2412.275983 40
248 2422.603000 2422.260857 16
249 2432.623000 2431.909455 12
250 2442.623000 2441.227413 25
251 2451.774000 2451.227413 0
252 2461.676000 2461.227413 0
253 2470.754000 2473.445093 12
254 2481.214000 2480.328209 23
255 2491.098000 2490.328209 0
256 2500.447000 2499.790543 18
257 2509.765000 2509.089620 31
258 2518.890000 2522.911730 9
259 2529.280000 2530.755334 11
260 2538.944000 2537.810531 12
261 2548.529000 2548.830937 17
262 2558.036000 2554.431063 9
263 2567.093000 2566.453447 11
264 2575.836000 2558.613130 10
265 2585.931000 2585.666053 17
266 2595.244000 2595.079557 12
267 2605.244000 2605.837946 15
268 2615.042000 2613.558965 22
269 2624.843000 2624.702810 26
270 2635.057000 2636.773620 18
271 2645.270000 2645.475208 21
272 2654.752000 2653.817401 9
273 2664.938000 2665.625483 15
274 2674.439000 2674.171306 19
275 2684.201000 2682.532412 11
276 2693.355000 2692.253092 19
277 2703.021000 2702.253092 0
278 2712.409000 2712.362725 17
279 2722.955000 2723.643061 17
280 2733.351000 2733.601959 44
281 2743.508000 2742.753380 23
282 2753.438000 2752.753380 0
283 2763.906000 2762.753380 0
284 2774.276000 2775.094644 12
285 2783.156000 2782.890189 14
286 2792.350000 2792.005177 8
287 2802.543000 2801.865750 16
288 2812.446000 2836.176830 9
289 2821.794000 2787.056911 8
290 2830.771000 2797.056911 0
291 2841.083000 2839.003678 14
292 2851.257000 2851.111061 10
293 2861.257000 2906.181160 10
294 2871.591000 2916.181160 0
295 2880.480000 2881.019022 14
296 2890.480000 2890.127751 23
297 2900.383000 2899.040906 22
298 2910.232000 2905.684773 8
299 2920.525000 2920.551198 13
300 2930.148000 2929.501850 21
301 2939.843000 2939.915714 26
302 2949.985000 2906.052747 8
303 2959.411000 2959.984473 10
304 2969.411000 2969.314456 15
305 2979.660000 2979.009663 22
306 2989.373000 2985.376574 11
307 2999.373000 3002.928489 8
308 3009.156000 3009.223092 12
309 3018.995000 3021.125505 26
310 3028.707000 3028.837295 18
311 3038.277000 3036.791254 11
312 3046.041000 3033.894045 10
313 3054.913000 3043.894045 0
314 3064.767000 3064.525196 15
315 3074.767000 3074.066592 18
316 3084.516000 3084.364264 14
317 3092.780000 3092.274357 20
318 3102.278000 3101.911670 21
319 3113.010000 3094.090045 9
320 3122.474000 3104.090045 0
321 3132.329000 3131.897614 22
322 3140.879000 3140.402308 16
323 3150.790000 3150.689049 21
324 3160.555000 3158.771766 11
325 3169.624000 3168.771766 0
326 3177.834000 3177.916136 17
327 3187.548000 3187.538392 26
328 3198.656000 3199.829536 13
329 3208.441000 3207.605855 15
330 3217.491000 3217.195665 20
331 3228.026000 3227.345201 22
332 3238.294000 3237.345201 0
333 3248.222000 3247.115162 13
334 3258.222000 3257.950426 16
335 3267.432000 3266.362494 12
336 3277.002000 3272.006316 12
337 3287.002000 3282.006316 0
338 3297.002000 3292.006316 0
339 3307.002000 3308.081335 29
340 3316.855000 3312.178903 9
341 3326.855000 3322.178903 0
342 3335.816000 3334.978640 16
343 3346.780000 3346.994867 30
344 3357.496000 3359.076146 23
345 3367.780000 3367.779304 16
346 3377.690000 3377.779304 0
347 3387.331000 3388.400980 20
348 3397.331000 3396.779409 22
349 3403.895000 3403.891177 11
350 3413.895000 3413.891177 0
351 3423.625000 3423.560724 19
352 3434.501000 3434.862685 15
353 3444.227000 3444.417587 25
354 3454.999000 3453.988332 26
355 3464.135000 3464.392332 30
356 3474.135000 3474.392332 0
357 3484.135000 3483.702098 18
358 3493.815000 3493.840784 13
359 3503.474000 3502.504794 22
360 3513.133000 3512.243162 12
361 3522.614000 3522.038729 10
362 3532.614000 3522.898044 10
363 3540.698000 3501.602112 8
364 3549.319000 3550.409762 11
365 3560.035000 3560.409762 0
366 3570.427000 3570.482904 18
367 3579.853000 3579.400801 18
368 3588.868000 3588.613808 17
369 3597.758000 3583.648272 11
370 3608.598000 3593.648272 0
371 3619.205000 3603.648272 0
372 3630.495000 3629.849005 17
373 3639.841000 3639.000615 12
374 3650.150000 3649.000615 0
375 3658.773000 3659.000615 0
376 3669.988000 3669.000615 0
377 3675.443000 3679.000615 0
378 3686.082000 3684.933297 19
379 3696.082000 3694.933297 0
380 3707.480000 3704.933297 0
381 3717.480000 3714.933297 0
382 3727.480000 3724.933297 0
383 3737.086000 3736.581116 10
384 3746.943000 3747.185201 10
385 3756.241000 3753.933419 11
386 3766.400000 3763.933419 0
387 3776.400000 3782.855849 10
388 3786.400000 3785.645388 27
389 3795.665000 3794.967434 14
390 3803.874000 3803.341645 19
391 3813.588000 3812.905473 38
392 3823.819000 3822.795686 14
393 3833.460000 3832.795686 0
394 3842.278000 3843.052453 17
395 3852.672000 3852.700421 21
396 3863.100000 3863.868446 9
397 3873.868000 3874.289328 12
398 3883.688000 3882.562570 24
399 3892.560000 3891.316171 31
400 3903.079000 3902.847011 17
401 3913.113000 3913.804113 22
402 3922.683000 3921.946828 16
403 3932.467000 3931.409846 16
404 3942.324000 3941.734408 11
405 3950.945000 3951.734408 0
406 3960.478000 3966.843179 9
407 3970.818000 3976.843179 0
408 3980.709000 3980.952562 13
409 3987.524000 3987.836167 21
410 3997.721000 3998.186417 28
411 4007.827000 4007.607047 12
412 4017.827000 4018.106003 12
413 4027.055000 4028.106003 0
414 4036.481000 4102.131044 9
415 4046.481000 4044.883070 8
416 4055.175000 4054.100084 21
417 4064.458000 4064.285773 16
418 4073.867000 4116.570396 8
419 4082.614000 4082.462719 10
420 4093.775000 4092.462719 0
421 4102.647000 4102.824234 29
422 4111.877000 4111.169620 9
423 4121.715000 4120.611299 20
424 4130.747000 4130.611299 0
425 4140.193000 4140.485271 31
426 4150.031000 4148.467119 10
427 4159.457000 4160.805883 13
428 4170.041000 4169.735893 15
429 4179.827000 4179.566947 30
430 4189.240000 4189.172000 10
431 4198.753000 4199.341165 15
432 4208.351000 4208.674313 18
433 4217.789000 4218.047495 21
434 4227.286000 4227.077020 17
435 4236.999000 4236.526121 17
436 4244.888000 4245.485181 13
437 4254.888000 4252.193901 15
438 4264.439000 4234.966435 10
439 4274.258000 4274.814008 21
440 4284.043000 4284.250920 26
441 4294.402000 4294.440306 33
442 4303.916000 4303.583427 24
443 4313.916000 4313.583427 0
444 4323.916000 4323.101055 11
445 4333.452000 4333.614623 32
446 4343.452000 4343.523021 24
447 4353.696000 4352.830317 14
448 4363.535000 4362.092766 14
449 4373.659000 4372.092766 0
450 4384.141000 4382.092766 0
451 4393.800000 4394.472887 10
452 4403.011000 4404.472887 0
453 4412.922000 4411.259379 26
454 4421.741000 4421.495160 17
455 4431.202000 4431.495160 0
456 4440.558000 4441.269527 18
457 4450.718000 4451.824835 15
458 4460.914000 4463.516320 16
459 4468.980000 4469.303221 27
460 4477.834000 4479.303221 0
461 4487.834000 4486.879895 16
462 4496.760000 4530.170087 8
463 4505.714000 4540.170087 0
464 4514.669000 4518.851686 11
465 4522.896000 4522.972861 10
466 4532.554000 4577.511584 13
467 4540.771000 4523.137272 8
468 4549.692000 4548.877885 13
469 4558.663000 4536.288809 14
470 4568.567000 4546.288809 0
471 4579.446000 4577.512867 10
472 4586.385000 4587.946452 18
473 4596.676000 4596.326599 10
474 4606.008000 4607.638665 27
475 4615.820000 4636.109033 8
476 4624.232000 4646.109033 0
477 4633.843000 4633.763336 27
478 4643.506000 4643.416669 18
479 4652.917000 4653.766440 19
480 4662.917000 4663.766440 0
481 4672.917000 4671.437832 31
