001 0.000000 -0.183141 96
002 10.000000 9.981369 32
003 20.000000 20.591200 21
004 30.000000 29.671342 31
005 39.500000 39.482471 26
006 49.500000 49.597701 48
007 59.500000 59.424618 27
008 69.500000 69.465482 58
009 79.500000 79.463337 33
010 89.500000 89.445817 61
011 99.500000 99.589817 59
012 109.500000 109.496906 66
013 119.495000 119.469248 60
014 129.495000 129.390599 81
015 139.495000 139.514275 75
016 149.495000 149.505715 56
017 159.495000 159.505605 91
018 169.495000 169.462679 60
019 179.496000 179.534875 76
020 189.496000 189.427186 77
021 199.496000 199.448870 88
022 209.496000 209.461272 65
023 219.496000 219.452799 64
024 229.496000 229.297883 40
025 239.496000 240.488096 29
026 249.496000 250.755527 21
027 257.833000 260.505814 13
028 268.070000 269.261869 26
029 278.273000 277.399231 30
030 288.681000 286.490213 16
031 299.870000 300.851182 36
032 309.155000 308.599728 22
033 319.459000 318.599728 0
034 327.623000 328.599728 0
035 333.710000 397.470273 12
036 343.710000 328.354614 8
037 353.913000 338.354614 0
038 362.483000 372.373698 11
039 374.999000 382.373698 0
040 385.304000 384.761678 21
041 395.507000 395.582722 19
042 405.814000 406.192033 48
043 416.151000 395.350151 16
044 426.151000 426.228497 16
045 436.526000 436.991104 31
046 446.591000 445.126150 10
047 454.821000 454.778011 23
048 464.821000 464.778011 0
049 473.425000 474.778011 0
050 483.288000 483.126464 17
051 493.185000 492.687031 28
052 502.674000 502.547688 28
053 512.129000 510.744869 14
054 521.822000 522.615191 19
055 532.195000 532.615191 0
056 540.665000 542.615191 0
057 550.665000 625.051357 8
058 560.936000 561.074919 17
059 570.219000 570.113954 24
060 580.219000 579.826459 16
061 590.965000 590.176142 21
062 600.454000 600.555747 22
063 610.340000 611.673478 25
064 620.425000 620.739530 42
065 630.553000 630.854484 18
066 641.140000 640.854484 0
067 650.220000 650.854484 0
068 660.064000 660.241550 32
069 670.064000 670.241550 0
070 679.938000 679.958975 23
071 689.580000 689.949383 45
072 699.835000 699.833664 11
073 709.835000 708.966350 19
074 719.292000 718.966350 0
075 729.031000 729.489257 14
076 738.875000 739.459405 13
077 748.746000 749.481436 12
078 758.152000 758.025741 29
079 767.529000 805.128835 14
080 777.609000 815.128835 0
081 787.844000 788.146520 21
082 798.130000 798.378498 28
083 808.001000 807.804642 25
084 818.288000 818.731389 37
085 828.471000 826.643126 23
086 837.900000 836.643126 0
087 848.134000 849.002564 14
088 857.721000 857.592801 17
089 866.734000 867.161815 12
090 875.852000 876.135250 22
091 885.852000 885.773687 21
092 894.867000 895.773687 0
093 904.998000 905.004708 22
094 914.582000 914.442907 20
095 924.168000 925.007328 18
096 934.168000 933.988256 23
097 943.521000 928.350736 8
098 952.743000 951.567994 19
099 962.718000 963.232950 11
100 972.147000 972.400412 24
101 982.147000 982.077544 33
102 991.915000 991.719495 33
103 1002.124000 1000.690633 22
104 1012.593000 1010.690633 0
105 1022.696000 1020.690633 0
106 1032.179000 1032.231397 21
107 1041.271000 1041.430537 34
108 1051.090000 1050.962966 26
109 1061.324000 1061.263067 19
110 1071.092000 1070.408031 20
111 1081.067000 1080.408031 0
112 1090.341000 1090.408031 0
113 1100.264000 1101.632518 19
114 1110.601000 1110.360288 30
115 1120.188000 1120.178806 18
116 1129.695000 1129.436886 23
117 1139.543000 1140.092206 18
118 1148.939000 1148.712145 22
119 1159.306000 1159.868402 20
120 1168.955000 1168.984113 21
121 1178.580000 1178.984113 0
122 1188.580000 1238.726282 8
123 1198.222000 1199.332496 22
124 1208.379000 1208.540032 22
125 1218.491000 1219.879601 16
126 1228.491000 1227.971310 19
127 1237.938000 1238.721027 24
128 1248.097000 1277.667475 8
129 1257.411000 1287.667475 0
130 1267.338000 1267.280273 14
131 1277.474000 1339.033146 14
132 1287.371000 1286.591660 15
133 1295.957000 1293.603902 9
134 1306.140000 1304.909532 18
135 1316.557000 1314.909532 0
136 1325.905000 1326.047086 16
137 1336.205000 1336.352329 32
138 1346.205000 1345.781112 28
139 1355.472000 1355.006676 22
140 1365.786000 1349.500462 9
141 1375.106000 1338.273273 11
142 1384.732000 1341.317280 10
143 1394.373000 1394.436687 23
144 1403.969000 1404.215815 32
145 1413.772000 1412.271576 16
146 1423.807000 1421.199377 14
147 1432.759000 1431.199377 0
148 1442.185000 1444.137910 19
149 1452.185000 1452.020388 34
150 1461.552000 1460.992713 13
151 1469.403000 1468.099247 9
152 1481.218000 1482.013045 16
153 1491.130000 1490.684184 16
154 1501.296000 1501.684314 13
155 1511.430000 1511.497841 19
156 1521.754000 1521.705146 8
157 1531.842000 1531.274472 8
158 1540.884000 1541.274472 0
159 1551.794000 1551.673236 13
160 1561.076000 1561.387819 29
161 1570.996000 1570.956551 14
162 1580.996000 1581.289275 26
163 1590.875000 1591.289275 0
164 1600.220000 1662.767982 11
165 1609.660000 1672.767982 0
166 1616.952000 1617.548439 18
167 1627.628000 1631.402665 16
168 1638.073000 1638.209943 30
169 1647.976000 1647.219008 14
170 1659.699000 1637.303281 9
171 1669.718000 1669.507580 24
172 1680.298000 1679.976388 12
173 1690.007000 1689.808841 21
174 1700.007000 1699.811986 29
175 1710.047000 1710.452266 28
176 1719.833000 1720.005045 22
177 1729.931000 1730.059960 25
178 1740.105000 1740.089645 22
179 1750.008000 1749.975708 31
180 1759.659000 1759.566506 18
181 1768.983000 1769.668166 13
182 1778.325000 1777.099233 10
183 1786.836000 1786.825840 12
184 1796.991000 1800.746282 8
185 1806.991000 1807.084966 22
186 1817.339000 1817.176386 19
187 1826.856000 1826.919746 48
188 1836.740000 1837.430009 15
189 1847.455000 1847.430009 0
190 1858.635000 1857.430009 0
191 1868.326000 1869.759742 20
192 1878.248000 1879.082803 25
193 1887.920000 1887.398757 32
194 1897.340000 1896.242593 22
195 1905.560000 1904.915490 8
196 1915.773000 1914.915490 0
197 1925.308000 1925.745314 27
198 1935.308000 1935.745314 0
199 1945.308000 1945.903358 24
200 1955.077000 1951.879864 16
201 1964.709000 1964.729156 11
202 1974.265000 1974.729156 0
203 1984.091000 1985.391842 31
204 1994.419000 2075.519824 15
205 2003.917000 2003.023243 15
206 2014.342000 2013.023243 0
207 2024.342000 2024.357099 22
208 2034.748000 2020.026741 9
209 2044.497000 2044.110474 23
210 2052.930000 2055.766295 10
211 2063.510000 2066.659731 19
212 2073.510000 2073.298272 32
213 2083.181000 2083.124774 26
214 2092.775000 2092.506879 20
215 2102.699000 2102.774391 19
216 2113.085000 2113.397505 11
217 2122.582000 2122.942901 30
218 2132.582000 2132.680565 9
219 2142.621000 2142.912368 22
220 2152.621000 2144.521137 15
221 2162.408000 2162.595362 26
222 2171.964000 2171.846409 24
223 2181.132000 2180.495051 16
224 2192.079000 2192.741908 17
225 2201.906000 2200.936836 31
226 2212.564000 2208.553697 13
227 2222.486000 2222.358284 32
228 2231.635000 2231.472544 18
229 2240.552000 2240.060795 14
230 2248.869000 2250.060795 0
231 2259.720000 2259.896516 18
232 2269.584000 2269.896516 0
233 2279.663000 2279.693395 9
234 2289.295000 2289.560878 29
235 2299.140000 2298.082379 28
236 2308.309000 2308.636587 37
237 2318.309000 2317.052663 9
238 2328.433000 2327.783381 21
239 2338.700000 2338.454203 33
240 2348.841000 2348.454203 0
241 2357.638000 2357.841289 17
242 2367.556000 2367.362549 16
243 2377.556000 2374.353843 11
244 2387.492000 2387.659312 27
245 2397.492000 2397.659312 0
246 2407.245000 2407.283278 45
247 2416.888000 2416.765274 23
248 2426.625000 2426.332999 39
249 2436.625000 2436.858137 32
250 2446.625000 2445.565183 18
251 2455.791000 2475.301990 10
252 2465.563000 2465.390503 18
253 2475.219000 2475.652469 46
254 2484.752000 2484.196542 18
255 2494.345000 2494.507277 14
256 2503.590000 2503.579218 17
257 2513.327000 2522.958311 10
258 2522.425000 2534.103703 12
259 2532.425000 2533.850516 26
260 2542.010000 2543.151243 23
261 2551.132000 2550.853921 23
262 2560.594000 2558.594908 29
263 2569.813000 2567.930784 13
264 2579.056000 2537.473818 11
265 2588.033000 2587.465232 25
266 2597.181000 2597.170891 13
267 2607.181000 2606.339883 12
268 2616.802000 2616.006459 26
269 2625.949000 2625.749016 24
270 2635.336000 2635.749016 0
271 2645.336000 2645.892624 13
272 2654.752000 2655.559910 10
273 2664.938000 2664.687449 12
274 2673.879000 2672.673190 16
275 2684.329000 2682.010985 11
276 2693.608000 2692.010985 0
277 2703.396000 2703.255335 21
278 2712.325000 2712.900853 14
279 2723.233000 2724.405736 30
280 2733.586000 2733.443474 19
281 2743.313000 2743.117113 20
282 2753.123000 2753.117113 0
283 2760.110000 2760.225201 18
284 2770.319000 2771.265416 15
285 2780.069000 2780.310660 22
286 2790.069000 2789.770949 14
287 2800.298000 2797.404709 13
288 2810.104000 2810.053336 27
289 2819.480000 2819.747274 27
290 2829.025000 2827.303310 23
291 2839.102000 2839.703559 15
292 2849.021000 2849.193434 22
293 2858.916000 2858.875008 17
294 2869.329000 2868.875008 0
295 2877.668000 2882.602286 9
296 2887.442000 2887.827063 33
297 2897.795000 2897.485080 31
298 2907.293000 2907.245719 22
299 2917.175000 2916.951078 31
300 2926.998000 2922.006787 13
301 2935.746000 2933.263847 12
302 2945.436000 2943.263847 0
303 2955.356000 2955.309052 17
304 2964.522000 2964.230471 15
305 2974.983000 2974.906630 15
306 2985.603000 2984.304200 24
307 2995.729000 2994.304200 0
308 3006.629000 3006.087081 19
309 3014.953000 3015.541724 21
310 3024.823000 3025.441698 24
311 3034.477000 3034.673415 12
312 3043.168000 3043.271991 16
313 3051.342000 3051.386911 30
314 3061.468000 3061.181467 18
315 3071.381000 3071.215028 28
316 3080.242000 3080.665990 23
317 3090.518000 3088.740453 13
318 3099.379000 3099.594184 27
319 3109.614000 3109.187036 23
320 3119.010000 3119.187036 0
321 3128.279000 3129.122440 31
322 3137.870000 3136.554935 25
323 3146.021000 3146.691963 22
324 3155.866000 3155.334159 32
325 3165.193000 3165.082793 13
326 3174.701000 3175.082793 0
327 3184.357000 3184.362383 16
328 3194.357000 3194.913309 17
329 3204.267000 3204.649624 24
330 3213.801000 3213.743520 26
331 3224.560000 3224.214616 16
332 3234.264000 3233.616850 25
333 3244.615000 3244.520185 14
334 3253.814000 3254.906126 18
335 3263.814000 3263.849049 23
336 3273.940000 3274.010000 36
337 3283.138000 3282.860783 12
338 3294.383000 3292.860783 0
339 3302.959000 3303.077066 14
340 3312.556000 3314.128851 10
341 3323.005000 3325.294871 18
342 3334.161000 3333.622465 13
343 3344.480000 3343.813028 22
344 3354.582000 3336.441157 9
345 3364.582000 3365.250509 24
346 3374.424000 3374.581959 18
347 3384.424000 3385.236590 15
348 3394.511000 3394.579018 24
349 3404.275000 3403.534745 19
350 3414.420000 3413.534745 0
351 3423.839000 3423.534745 0
352 3434.227000 3433.650679 14
353 3443.973000 3443.972112 28
354 3454.135000 3454.207064 21
355 3463.796000 3463.461526 41
356 3473.317000 3470.808591 15
357 3483.002000 3482.753773 19
358 3491.710000 3492.722183 22
359 3501.231000 3500.929543 22
360 3511.079000 3511.088768 35
361 3520.698000 3520.500180 42
362 3530.154000 3530.500180 0
363 3539.741000 3539.451775 24
364 3549.838000 3548.444092 9
365 3559.823000 3560.118254 9
366 3571.457000 3571.537280 12
367 3581.369000 3577.954060 27
368 3590.500000 3590.667964 11
369 3600.241000 3600.667964 0
370 3610.648000 3614.033537 12
371 3620.496000 3682.013293 13
372 3631.869000 3631.413479 33
373 3640.968000 3640.635450 25
374 3651.042000 3650.098011 16
375 3660.726000 3660.098011 0
376 3667.063000 3664.744105 12
377 3675.057000 3679.614073 8
378 3686.171000 3685.429081 14
379 3694.652000 3695.429081 0
380 3705.060000 3708.391713 11
381 3715.001000 3712.691007 31
382 3725.044000 3711.900287 28
383 3733.674000 3721.900287 0
384 3743.809000 3745.897764 14
385 3753.461000 3753.957080 30
386 3763.193000 3763.160637 23
387 3772.288000 3792.632783 8
388 3781.697000 3783.024303 25
389 3791.239000 3790.975039 36
390 3799.153000 3800.606571 10
391 3809.153000 3809.900061 15
392 3818.946000 3858.134880 8
393 3828.946000 3823.924803 8
394 3839.290000 3838.984103 26
395 3849.127000 3849.246431 23
396 3859.366000 3858.529104 22
397 3869.880000 3869.604220 28
398 3879.793000 3879.011282 18
399 3889.165000 3888.578030 18
400 3898.538000 3900.927495 20
401 3908.473000 3910.040887 14
402 3918.296000 3918.447195 29
403 3928.034000 3927.814468 11
404 3937.025000 3935.799939 21
405 3945.670000 3945.447947 26
406 3954.797000 3952.886634 16
407 3963.756000 3965.590114 20
408 3975.048000 3974.876130 26
409 3981.645000 3984.876130 0
410 3992.690000 3992.592236 25
411 4002.457000 4002.011703 27
412 4011.982000 4010.464746 27
413 4021.430000 4021.146687 13
414 4030.624000 4031.151188 18
415 4040.513000 4040.262571 22
416 4049.727000 4048.261167 22
417 4058.371000 4055.114858 10
418 4068.258000 4067.749829 8
419 4076.974000 4048.483288 12
420 4085.661000 4058.483288 0
421 4096.585000 4096.971063 20
422 4105.894000 4106.493477 43
423 4115.448000 4114.389583 20
424 4123.311000 4122.473810 26
425 4132.804000 4132.075480 17
426 4142.148000 4142.772665 21
427 4151.574000 4151.272679 13
428 4160.897000 4159.942944 14
429 4170.041000 4170.393539 22
430 4180.202000 4179.347699 23
431 4189.466000 4189.211206 25
432 4198.878000 4200.345646 16
433 4208.352000 4207.802283 22
434 4218.124000 4218.501558 32
435 4228.124000 4227.953125 19
436 4237.399000 4231.795078 9
437 4245.914000 4245.933292 20
438 4255.326000 4257.201244 14
439 4264.948000 4264.845531 21
440 4274.331000 4274.738938 39
441 4284.331000 4284.581408 31
442 4294.866000 4294.709226 30
443 4304.488000 4303.666188 42
444 4314.081000 4302.451784 8
445 4323.524000 4324.679605 12
446 4333.314000 4333.445635 31
447 4342.679000 4343.612487 27
448 4351.252000 4352.159605 20
449 4361.175000 4360.656485 28
450 4371.247000 4370.656485 0
451 4380.061000 4380.656485 0
452 4388.724000 4388.321984 28
453 4397.957000 4399.498295 19
454 4408.286000 4409.459354 16
455 4418.401000 4417.457929 25
456 4427.665000 4427.457929 0
457 4437.586000 4438.173032 23
458 4447.586000 4447.307555 35
459 4457.586000 4456.251621 24
460 4466.965000 4466.917935 36
461 4476.557000 4476.189980 16
462 4485.941000 4485.069879 14
463 4495.941000 4526.302580 14
464 4504.556000 4536.302580 0
465 4514.556000 4514.523184 14
466 4524.310000 4523.393757 12
467 4532.555000 4531.462082 14
468 4542.555000 4537.284507 20
469 4551.201000 4550.174405 34
470 4561.332000 4561.085001 15
471 4572.125000 4571.085001 0
472 4581.268000 4583.981827 13
473 4590.771000 4590.741374 24
474 4600.003000 4643.972178 17
475 4610.003000 4610.230538 30
476 4619.399000 4619.285017 14
477 4627.343000 4628.470379 15
478 4636.335000 4636.641981 31
479 4646.109000 4644.978325 29
480 4655.421000 4654.880470 22
481 4665.421000 4664.959202 37
