001 0.000000 -0.100610 95
002 10.000000 9.981369 32
003 20.000000 20.090870 22
004 30.000000 29.577672 31
005 39.500000 39.486873 23
006 49.500000 49.509475 48
007 59.500000 59.433530 29
008 69.500000 69.510061 56
009 79.500000 79.462870 35
010 89.500000 89.445283 62
011 99.500000 99.408784 61
012 109.500000 109.479021 63
013 119.495000 119.526552 61
014 129.495000 129.390563 82
015 139.495000 139.514120 75
016 149.495000 149.496307 61
017 159.495000 159.525788 91
018 169.495000 169.477139 63
019 179.496000 179.434744 74
020 189.496000 189.455555 76
021 199.496000 199.458163 87
022 209.496000 209.594313 60
023 219.496000 219.450214 61
024 229.496000 229.088016 39
025 239.496000 228.844149 28
026 249.496000 250.280329 19
027 257.833000 261.198496 10
028 268.070000 268.730848 27
029 278.273000 277.231266 26
030 288.681000 282.977688 13
031 299.870000 300.603405 34
032 309.155000 308.851165 19
033 319.459000 318.851165 0
034 327.623000 328.851165 0
035 333.710000 395.330711 12
036 343.710000 393.407816 9
037 353.913000 367.657126 8
038 362.483000 372.262644 12
039 374.999000 455.373655 9
040 385.304000 385.052113 15
041 395.507000 396.107433 19
042 405.814000 406.191515 48
043 416.151000 394.022028 14
044 426.151000 426.348799 10
045 436.526000 436.941560 27
046 446.591000 443.839526 13
047 454.821000 454.783329 20
048 464.821000 464.783329 0
049 473.425000 474.783329 0
050 483.288000 485.065478 13
051 493.185000 494.158854 30
052 502.674000 503.155239 27
053 512.129000 511.962376 16
054 521.822000 519.081455 12
055 532.195000 556.153461 9
056 540.665000 566.153461 0
057 550.665000 556.857505 9
058 560.936000 561.819126 15
059 570.219000 570.108310 21
060 580.219000 579.700291 22
061 590.965000 625.783577 11
062 600.454000 600.944436 22
063 610.340000 611.769072 17
064 620.425000 620.815751 36
065 630.553000 630.639404 18
066 641.140000 641.510929 12
067 650.220000 651.510929 0
068 660.064000 659.936650 27
069 670.064000 669.936650 0
070 679.938000 679.742460 23
071 689.580000 689.528140 44
072 699.835000 699.162043 14
073 709.835000 709.324415 18
074 719.292000 719.324415 0
075 729.031000 729.187242 17
076 738.875000 739.122987 15
077 748.746000 749.329710 13
078 758.152000 758.055818 32
079 767.529000 804.516290 16
080 777.609000 814.516290 0
081 787.844000 787.856524 22
082 798.130000 798.307624 32
083 808.001000 807.782759 19
084 818.288000 818.440546 37
085 828.471000 826.294966 24
086 837.900000 805.343045 8
087 848.134000 849.173990 13
088 857.721000 857.600288 16
089 866.734000 866.923872 13
090 875.852000 876.218146 25
091 885.852000 885.790088 16
092 894.867000 899.600561 11
093 904.998000 904.835462 22
094 914.582000 914.529855 22
095 924.168000 924.728917 22
096 934.168000 934.023266 25
097 943.521000 941.434835 10
098 952.743000 951.687504 22
099 962.718000 962.687228 16
100 972.147000 972.547719 31
101 982.147000 982.168216 34
102 991.915000 991.739303 30
103 1002.124000 1001.072506 19
104 1012.593000 1011.072506 0
105 1022.696000 1021.072506 0
106 1032.179000 1032.812940 20
107 1041.271000 1041.004735 26
108 1051.090000 1051.475778 27
109 1061.324000 1061.589095 20
110 1071.092000 1071.159014 26
111 1081.067000 1081.159014 0
112 1090.341000 1165.768890 9
113 1100.264000 1101.041240 13
114 1110.601000 1110.761362 29
115 1120.188000 1120.018588 18
116 1129.695000 1129.658749 21
117 1139.543000 1139.969383 28
118 1148.939000 1148.751190 25
119 1159.306000 1159.298855 21
120 1168.955000 1169.242659 22
121 1178.580000 1179.242659 0
122 1188.580000 1189.242659 0
123 1198.222000 1199.039240 23
124 1208.379000 1208.509466 22
125 1218.491000 1220.813300 16
126 1228.491000 1228.118467 14
127 1237.938000 1237.378902 18
128 1248.097000 1274.833592 8
129 1257.411000 1284.833592 0
130 1267.338000 1267.088299 19
131 1277.474000 1349.040162 11
132 1287.371000 1286.919467 13
133 1295.957000 1296.919467 0
134 1306.140000 1306.229713 16
135 1316.557000 1316.229713 0
136 1325.905000 1325.823145 18
137 1336.205000 1335.939934 31
138 1346.205000 1345.276212 32
139 1355.472000 1355.013327 24
140 1365.786000 1409.534620 8
141 1375.106000 1419.534620 0
142 1384.732000 1429.534620 0
143 1394.373000 1394.620183 24
144 1403.969000 1404.322617 33
145 1413.772000 1413.197245 15
146 1423.807000 1421.729522 15
147 1432.759000 1432.084904 10
148 1442.185000 1443.218354 13
149 1452.185000 1452.338973 35
150 1461.552000 1461.116887 12
151 1469.403000 1471.116887 0
152 1481.218000 1481.332871 14
153 1491.130000 1491.332871 0
154 1501.296000 1501.332871 0
155 1511.430000 1563.753182 11
156 1521.754000 1573.753182 0
157 1531.842000 1583.753182 0
158 1540.884000 1593.753182 0
159 1551.794000 1603.753182 0
160 1561.076000 1561.336962 24
161 1570.996000 1570.952652 14
162 1580.996000 1581.509844 26
163 1590.875000 1590.606253 8
164 1600.220000 1661.241351 12
165 1609.660000 1671.241351 0
166 1616.952000 1617.397630 19
167 1627.628000 1634.347637 11
168 1638.073000 1638.516453 26
169 1647.976000 1648.098042 12
170 1659.699000 1658.098042 0
171 1669.718000 1669.229912 22
172 1680.298000 1680.154214 16
173 1690.007000 1690.443234 19
174 1700.007000 1699.615475 33
175 1710.047000 1710.425075 18
176 1719.833000 1720.131781 28
177 1729.931000 1729.584510 31
178 1740.105000 1740.462649 25
179 1750.008000 1749.753124 28
180 1759.659000 1759.567501 19
181 1768.983000 1769.484946 17
182 1778.325000 1776.448633 12
183 1786.836000 1786.191964 18
184 1796.991000 1796.191964 0
185 1806.991000 1807.226679 29
186 1817.339000 1817.195317 19
187 1826.856000 1826.851853 51
188 1836.740000 1837.464421 20
189 1847.455000 1900.356385 8
190 1858.635000 1910.356385 0
191 1868.326000 1869.020436 18
192 1878.248000 1878.472489 26
193 1887.920000 1887.660233 32
194 1897.340000 1896.327050 23
195 1905.560000 1904.894271 8
196 1915.773000 1919.066330 14
197 1925.308000 1925.585046 27
198 1935.308000 1937.225246 13
199 1945.308000 1945.763506 19
200 1955.077000 1954.642488 17
201 1964.709000 1964.642488 0
202 1974.265000 1974.642488 0
203 1984.091000 1984.242534 35
204 1994.419000 1994.198991 13
205 2003.917000 2003.162458 18
206 2014.342000 2013.567155 8
207 2024.342000 2024.861427 25
208 2034.748000 2020.026741 9
209 2044.497000 2044.169211 19
210 2052.930000 2054.169211 0
211 2063.510000 2063.125257 17
212 2073.510000 2073.081755 29
213 2083.181000 2083.289820 25
214 2092.775000 2091.066124 16
215 2102.699000 2103.478763 27
216 2113.085000 2113.699281 14
217 2122.582000 2122.787158 28
218 2132.582000 2132.249345 11
219 2142.621000 2142.823508 15
220 2152.621000 2142.158109 11
221 2162.408000 2162.792012 20
222 2171.964000 2172.248343 17
223 2181.132000 2181.120444 20
224 2192.079000 2192.453218 16
225 2201.906000 2200.987128 27
226 2212.564000 2209.178068 10
227 2222.486000 2222.284928 26
228 2231.635000 2231.554304 19
229 2240.552000 2239.872232 16
230 2248.869000 2252.267418 8
231 2259.720000 2260.215991 17
232 2269.584000 2302.096371 8
233 2279.663000 2279.696958 10
234 2289.295000 2289.449118 30
235 2299.140000 2297.942877 33
236 2308.309000 2308.726488 34
237 2318.309000 2317.613116 9
238 2328.433000 2327.828384 17
239 2338.700000 2338.480776 27
240 2348.841000 2351.712718 8
241 2357.638000 2357.489047 25
242 2367.556000 2367.420535 24
243 2377.556000 2375.717428 14
244 2387.492000 2387.492992 35
245 2397.492000 2409.049695 9
246 2407.245000 2407.117470 39
247 2416.888000 2416.985041 23
248 2426.625000 2426.464131 34
249 2436.625000 2436.859155 31
250 2446.625000 2446.859155 0
251 2455.791000 2475.631168 11
252 2465.563000 2465.533737 12
253 2475.219000 2475.623655 45
254 2484.752000 2484.297513 25
255 2494.345000 2494.215391 11
256 2503.590000 2503.202563 22
257 2513.327000 2513.202563 0
258 2522.425000 2523.202563 0
259 2532.425000 2532.970307 26
260 2542.010000 2542.277135 26
261 2551.132000 2551.414464 23
262 2560.594000 2558.957797 27
263 2569.813000 2568.821699 15
264 2579.056000 2578.821699 0
265 2588.033000 2587.773442 31
266 2597.181000 2597.185684 13
267 2607.181000 2606.937909 20
268 2616.802000 2615.711743 28
269 2625.949000 2625.567593 29
270 2635.336000 2664.609697 8
271 2645.336000 2645.687834 17
272 2654.752000 2656.287560 13
273 2664.938000 2665.864378 17
274 2673.879000 2672.379429 11
275 2684.329000 2682.658444 16
276 2693.608000 2692.658444 0
277 2703.396000 2703.573894 17
278 2712.325000 2712.635277 15
279 2723.233000 2723.990591 38
280 2733.586000 2733.213151 18
281 2743.313000 2743.111633 19
282 2753.123000 2753.111633 0
283 2760.110000 2760.388231 19
284 2770.319000 2771.084856 11
285 2780.069000 2779.814436 26
286 2790.069000 2790.127080 16
287 2800.298000 2798.493552 10
288 2810.104000 2810.052131 26
289 2819.480000 2819.564207 23
290 2829.025000 2826.888030 21
291 2839.102000 2839.965310 12
292 2849.021000 2849.017337 18
293 2858.916000 2858.871510 15
294 2869.329000 2868.871510 0
295 2877.668000 2878.871510 0
296 2887.442000 2887.721373 21
297 2897.795000 2897.339362 30
298 2907.293000 2907.215818 22
299 2917.175000 2916.950924 31
300 2926.998000 2919.762148 13
301 2935.746000 2934.533244 12
302 2945.436000 2944.533244 0
303 2955.356000 2961.578026 13
304 2964.522000 2963.266777 16
305 2974.983000 2974.892640 15
306 2985.603000 2984.621845 24
307 2995.729000 3000.020414 10
308 3006.629000 3005.932460 22
309 3014.953000 3015.323986 17
310 3024.823000 3023.751597 23
311 3034.477000 3033.681846 13
312 3043.168000 3043.050861 13
313 3051.342000 3051.628573 28
314 3061.468000 3061.378574 19
315 3071.381000 3071.131432 24
316 3080.242000 3080.422738 18
317 3090.518000 3088.918358 13
318 3099.379000 3099.556334 26
319 3109.614000 3108.595168 20
320 3119.010000 3118.595168 0
321 3128.279000 3129.111821 29
322 3137.870000 3136.427982 26
323 3146.021000 3146.554550 27
324 3155.866000 3155.364157 38
325 3165.193000 3163.166745 9
326 3174.701000 3173.166745 0
327 3184.357000 3184.810850 16
328 3194.357000 3195.241500 14
329 3204.267000 3204.198503 20
330 3213.801000 3213.817915 28
331 3224.560000 3224.583158 14
332 3234.264000 3233.832151 18
333 3244.615000 3243.986795 16
334 3253.814000 3255.308894 19
335 3263.814000 3263.820941 21
336 3273.940000 3273.764719 34
337 3283.138000 3283.211970 11
338 3294.383000 3308.690298 8
339 3302.959000 3303.365410 13
340 3312.556000 3313.365410 0
341 3323.005000 3326.427452 15
342 3334.161000 3333.967619 14
343 3344.480000 3344.405850 12
344 3354.582000 3354.405850 0
345 3364.582000 3365.224852 25
346 3374.424000 3374.569760 16
347 3384.424000 3385.067053 19
348 3394.511000 3394.590390 22
349 3404.275000 3403.814203 21
350 3414.420000 3413.814203 0
351 3423.839000 3423.814203 0
352 3434.227000 3434.456580 13
353 3443.973000 3443.837011 26
354 3454.135000 3454.205513 26
355 3463.796000 3463.535814 39
356 3473.317000 3473.535814 0
357 3483.002000 3482.860620 19
358 3491.710000 3492.193817 24
359 3501.231000 3501.391948 24
360 3511.079000 3510.680869 34
361 3520.698000 3520.633059 39
362 3530.154000 3529.956297 12
363 3539.741000 3539.631619 25
364 3549.838000 3547.805971 8
365 3559.823000 3560.101864 9
366 3571.457000 3572.030030 17
367 3581.369000 3578.403488 23
368 3590.500000 3590.921034 13
369 3600.241000 3600.921034 0
370 3610.648000 3613.343825 13
371 3620.496000 3682.802503 12
372 3631.869000 3631.593174 33
373 3640.968000 3640.971986 18
374 3651.042000 3649.815635 10
375 3660.726000 3660.573724 9
376 3667.063000 3665.170113 13
377 3675.057000 3677.363532 8
378 3686.171000 3686.532648 18
379 3694.652000 3696.532648 0
380 3705.060000 3707.943358 11
381 3715.001000 3712.350850 29
382 3725.044000 3711.908446 28
383 3733.674000 3721.908446 0
384 3743.809000 3745.478320 16
385 3753.461000 3753.505761 28
386 3763.193000 3763.047813 18
387 3772.288000 3793.724364 10
388 3781.697000 3782.349686 27
389 3791.239000 3791.082195 30
390 3799.153000 3801.461791 16
391 3809.153000 3810.042661 17
392 3818.946000 3817.929636 9
393 3828.946000 3824.858338 14
394 3839.290000 3840.171263 20
395 3849.127000 3849.261685 21
396 3859.366000 3858.602082 21
397 3869.880000 3870.076065 25
398 3879.793000 3879.191889 17
399 3889.165000 3888.959503 24
400 3898.538000 3900.660008 20
401 3908.473000 3908.747870 21
402 3918.296000 3917.976658 30
403 3928.034000 3927.821548 10
404 3937.025000 3936.270992 19
405 3945.670000 3945.314524 26
406 3954.797000 3956.758324 17
407 3963.756000 3963.898312 15
408 3975.048000 3974.879304 24
409 3981.645000 3984.879304 0
410 3992.690000 3992.959115 31
411 4002.457000 4002.256122 23
412 4011.982000 4010.170549 18
413 4021.430000 4021.507945 12
414 4030.624000 4030.976265 23
415 4040.513000 4040.774713 24
416 4049.727000 4048.609296 21
417 4058.371000 4056.018439 11
418 4068.258000 4067.085802 15
419 4076.974000 4119.649567 11
420 4085.661000 4129.649567 0
421 4096.585000 4097.431114 19
422 4105.894000 4106.125186 42
423 4115.448000 4114.108820 20
424 4123.311000 4122.753576 26
425 4132.804000 4132.214990 14
426 4142.148000 4143.331835 28
427 4151.574000 4151.019303 16
428 4160.897000 4160.503526 19
429 4170.041000 4170.256710 24
430 4180.202000 4179.497497 29
431 4189.466000 4189.247326 34
432 4198.878000 4200.516604 16
433 4208.352000 4207.347999 25
434 4218.124000 4218.489318 34
435 4228.124000 4227.809261 29
436 4237.399000 4237.029468 14
437 4245.914000 4246.034113 21
438 4255.326000 4259.384272 11
439 4264.948000 4264.813279 23
440 4274.331000 4274.572936 33
441 4284.331000 4284.558488 32
442 4294.866000 4294.798315 26
443 4304.488000 4303.554794 36
444 4314.081000 4298.544090 13
445 4323.524000 4324.581499 13
446 4333.314000 4333.439985 34
447 4342.679000 4343.413161 34
448 4351.252000 4352.092516 24
449 4361.175000 4360.058873 24
450 4371.247000 4370.058873 0
451 4380.061000 4380.058873 0
452 4388.724000 4388.396577 24
453 4397.957000 4398.347167 22
454 4408.286000 4408.658817 18
455 4418.401000 4417.830588 40
456 4427.665000 4427.830588 0
457 4437.586000 4437.812845 28
458 4447.586000 4447.248058 37
459 4457.586000 4456.727941 28
460 4466.965000 4466.885949 34
461 4476.557000 4476.533593 16
462 4485.941000 4485.183731 16
463 4495.941000 4527.639652 13
464 4504.556000 4537.639652 0
465 4514.556000 4584.639443 12
466 4524.310000 4522.227982 10
467 4532.555000 4532.613561 10
468 4542.555000 4583.883807 13
469 4551.201000 4550.680931 35
470 4561.332000 4561.199357 14
471 4572.125000 4571.199357 0
472 4581.268000 4584.117520 13
473 4590.771000 4590.985655 15
474 4600.003000 4642.220758 17
475 4610.003000 4609.531021 27
476 4619.399000 4576.782476 15
477 4627.343000 4628.068092 14
478 4636.335000 4636.383291 32
479 4646.109000 4645.535125 29
480 4655.421000 4654.884574 22
481 4665.421000 4664.985044 40
