001 0.000000 -0.156935 94
002 10.000000 9.981369 32
003 20.000000 20.275695 22
004 30.000000 29.696819 32
005 39.500000 39.482471 26
006 49.500000 49.439395 49
007 59.500000 59.386537 27
008 69.500000 69.468078 58
009 79.500000 79.471830 36
010 89.500000 89.486941 62
011 99.500000 99.580027 64
012 109.500000 109.497210 67
013 119.495000 119.525924 59
014 129.495000 129.388969 80
015 139.495000 139.509244 74
016 149.495000 149.457705 56
017 159.495000 159.506855 90
018 169.495000 169.462004 55
019 179.496000 179.551361 78
020 189.496000 189.551956 76
021 199.496000 199.458134 87
022 209.496000 209.596054 61
023 219.496000 219.340743 65
024 229.496000 229.268162 35
025 239.496000 240.658353 27
026 249.496000 250.323537 22
027 257.833000 259.467871 17
028 268.070000 269.322472 24
029 278.273000 277.532917 33
030 288.681000 283.865214 12
031 299.870000 300.862454 34
032 309.155000 308.809310 21
033 319.459000 318.809310 0
034 327.623000 328.809310 0
035 333.710000 395.274080 11
036 343.710000 405.274080 0
037 353.913000 415.274080 0
038 362.483000 372.617618 12
039 374.999000 454.949764 9
040 385.304000 385.114215 18
041 395.507000 396.387267 13
042 405.814000 406.448226 51
043 416.151000 395.888855 14
044 426.151000 405.888855 0
045 436.526000 436.603739 31
046 446.591000 444.163723 9
047 454.821000 454.738300 23
048 464.821000 464.738300 0
049 473.425000 474.738300 0
050 483.288000 483.698861 13
051 493.185000 494.370360 21
052 502.674000 504.088698 29
053 512.129000 510.244982 12
054 521.822000 521.870326 18
055 532.195000 531.870326 0
056 540.665000 541.870326 0
057 550.665000 553.845730 8
058 560.936000 562.031125 17
059 570.219000 569.875247 27
060 580.219000 579.929204 20
061 590.965000 625.256020 13
062 600.454000 600.547716 24
063 610.340000 611.830729 21
064 620.425000 620.686126 46
065 630.553000 630.627947 23
066 641.140000 640.627947 0
067 650.220000 650.627947 0
068 660.064000 660.113187 22
069 670.064000 670.113187 0
070 679.938000 679.748917 24
071 689.580000 689.700227 43
072 699.835000 699.215638 13
073 709.835000 709.316040 18
074 719.292000 719.316040 0
075 729.031000 729.009583 15
076 738.875000 740.421953 15
077 748.746000 746.963228 12
078 758.152000 758.092535 30
079 767.529000 804.144575 14
080 777.609000 814.144575 0
081 787.844000 788.370126 21
082 798.130000 798.072877 27
083 808.001000 807.806251 16
084 818.288000 818.323261 32
085 828.471000 827.096938 24
086 837.900000 837.096938 0
087 848.134000 848.880672 12
088 857.721000 857.531510 18
089 866.734000 866.909955 14
090 875.852000 875.913398 22
091 885.852000 885.779899 17
092 894.867000 895.779899 0
093 904.998000 905.483131 22
094 914.582000 914.449803 25
095 924.168000 924.988197 19
096 934.168000 933.769727 27
097 943.521000 943.211211 12
098 952.743000 951.489418 23
099 962.718000 962.505190 19
100 972.147000 972.917360 23
101 982.147000 982.194066 37
102 991.915000 991.834127 32
103 1002.124000 1000.809146 20
104 1012.593000 1010.809146 0
105 1022.696000 1020.809146 0
106 1032.179000 1032.556739 19
107 1041.271000 1041.082214 29
108 1051.090000 1051.157799 26
109 1061.324000 1060.683417 15
110 1071.092000 1071.100640 25
111 1081.067000 1081.100640 0
112 1090.341000 1163.390182 14
113 1100.264000 1103.253831 18
114 1110.601000 1111.049234 30
115 1120.188000 1120.015420 20
116 1129.695000 1129.453094 24
117 1139.543000 1140.088664 26
118 1148.939000 1149.152136 24
119 1159.306000 1160.046530 17
120 1168.955000 1169.024185 27
121 1178.580000 1179.024185 0
122 1188.580000 1237.166787 8
123 1198.222000 1199.139623 23
124 1208.379000 1208.582663 18
125 1218.491000 1220.579945 13
126 1228.491000 1228.026614 17
127 1237.938000 1237.758164 21
128 1248.097000 1218.864130 8
129 1257.411000 1228.864130 0
130 1267.338000 1267.278097 10
131 1277.474000 1277.756159 19
132 1287.371000 1286.794727 12
133 1295.957000 1296.794727 0
134 1306.140000 1306.203382 22
135 1316.557000 1316.203382 0
136 1325.905000 1326.116113 17
137 1336.205000 1336.132907 33
138 1346.205000 1345.791326 28
139 1355.472000 1355.196008 23
140 1365.786000 1408.991673 8
141 1375.106000 1338.067363 9
142 1384.732000 1348.067363 0
143 1394.373000 1394.484925 24
144 1403.969000 1404.092187 29
145 1413.772000 1412.656309 17
146 1423.807000 1421.221939 14
147 1432.759000 1431.221939 0
148 1442.185000 1443.219437 14
149 1452.185000 1452.391007 30
150 1461.552000 1461.321708 15
151 1469.403000 1467.849586 11
152 1481.218000 1481.703855 25
153 1491.130000 1490.832369 19
154 1501.296000 1502.368798 15
155 1511.430000 1563.288967 14
156 1521.754000 1573.288967 0
157 1531.842000 1583.288967 0
158 1540.884000 1593.288967 0
159 1551.794000 1603.288967 0
160 1561.076000 1560.994971 24
161 1570.996000 1570.912878 9
162 1580.996000 1580.977391 26
163 1590.875000 1591.662572 8
164 1600.220000 1663.188600 9
165 1609.660000 1607.636121 10
166 1616.952000 1617.073316 21
167 1627.628000 1629.558285 13
168 1638.073000 1638.177718 30
169 1647.976000 1647.747320 16
170 1659.699000 1657.747320 0
171 1669.718000 1669.363314 23
172 1680.298000 1680.237705 29
173 1690.007000 1690.002891 16
174 1700.007000 1699.592975 31
175 1710.047000 1710.350716 21
176 1719.833000 1719.842319 21
177 1729.931000 1730.047276 23
178 1740.105000 1740.177506 22
179 1750.008000 1749.839904 29
180 1759.659000 1759.598734 17
181 1768.983000 1768.951264 18
182 1778.325000 1776.921860 11
183 1786.836000 1818.318160 10
184 1796.991000 1828.318160 0
185 1806.991000 1807.151545 25
186 1817.339000 1818.352202 20
187 1826.856000 1826.982644 55
188 1836.740000 1837.493791 16
189 1847.455000 1847.493791 0
190 1858.635000 1863.887682 8
191 1868.326000 1869.301460 18
192 1878.248000 1878.459978 26
193 1887.920000 1887.267857 29
194 1897.340000 1896.276399 23
195 1905.560000 1950.825833 9
196 1915.773000 1960.825833 0
197 1925.308000 1926.035560 26
198 1935.308000 1937.333544 11
199 1945.308000 1945.495771 19
200 1955.077000 1954.857576 16
201 1964.709000 1964.362858 11
202 1974.265000 1974.362858 0
203 1984.091000 1984.025391 32
204 1994.419000 1993.160212 15
205 2003.917000 2002.607425 16
206 2014.342000 2012.607425 0
207 2024.342000 2024.599113 23
208 2034.748000 2020.628647 8
209 2044.497000 2046.135971 13
210 2052.930000 2054.201227 16
211 2063.510000 2063.515409 19
212 2073.510000 2073.388792 27
213 2083.181000 2083.038560 28
214 2092.775000 2092.731498 19
215 2102.699000 2103.139550 27
216 2113.085000 2113.483080 13
217 2122.582000 2123.050206 32
218 2132.582000 2132.816006 14
219 2142.621000 2142.691018 19
220 2152.621000 2144.087926 15
221 2162.408000 2162.309010 19
222 2171.964000 2171.890222 22
223 2181.132000 2180.465706 16
224 2192.079000 2192.628921 16
225 2201.906000 2201.150382 31
226 2212.564000 2207.867229 11
227 2222.486000 2222.327442 30
228 2231.635000 2231.471695 14
229 2240.552000 2240.004674 14
230 2248.869000 2249.988454 11
231 2259.720000 2260.137338 17
232 2269.584000 2302.955138 8
233 2279.663000 2312.955138 0
234 2289.295000 2289.818891 28
235 2299.140000 2298.659698 26
236 2308.309000 2308.751143 30
237 2318.309000 2318.751143 0
238 2328.433000 2326.822369 15
239 2338.700000 2338.703297 32
240 2348.841000 2348.703297 0
241 2357.638000 2357.909495 20
242 2367.556000 2367.881071 20
243 2377.556000 2375.633754 11
244 2387.492000 2387.776815 22
245 2397.492000 2372.400332 8
246 2407.245000 2406.972671 46
247 2416.888000 2416.988918 23
248 2426.625000 2426.477414 32
249 2436.625000 2436.852969 33
250 2446.625000 2446.008812 18
251 2455.791000 2477.083657 14
252 2465.563000 2465.545980 15
253 2475.219000 2475.184407 42
254 2484.752000 2484.271623 27
255 2494.345000 2494.121436 13
256 2503.590000 2503.416763 13
257 2513.327000 2500.077166 9
258 2522.425000 2532.548504 9
259 2532.425000 2533.976000 25
260 2542.010000 2542.832760 21
261 2551.132000 2551.499505 27
262 2560.594000 2558.622497 28
263 2569.813000 2568.182895 15
264 2579.056000 2578.182895 0
265 2588.033000 2587.362380 27
266 2597.181000 2597.107430 11
267 2607.181000 2606.360186 13
268 2616.802000 2616.058272 29
269 2625.949000 2624.747318 20
270 2635.336000 2612.383576 8
271 2645.336000 2645.356973 15
272 2654.752000 2655.827971 10
273 2664.938000 2663.828554 17
274 2673.879000 2673.172209 13
275 2684.329000 2683.172209 0
276 2693.608000 2682.134207 9
277 2703.396000 2703.353473 20
278 2712.325000 2713.100093 13
279 2723.233000 2724.044161 31
280 2733.586000 2733.188208 20
281 2743.313000 2742.754203 23
282 2753.123000 2787.659755 9
283 2760.110000 2760.424497 12
284 2770.319000 2771.686288 11
285 2780.069000 2780.336213 24
286 2790.069000 2789.551251 16
287 2800.298000 2842.917737 8
288 2810.104000 2810.120572 20
289 2819.480000 2819.912622 26
290 2829.025000 2826.721877 20
291 2839.102000 2909.802525 9
292 2849.021000 2849.206422 20
293 2858.916000 2858.863763 17
294 2869.329000 2868.863763 0
295 2877.668000 2878.863763 0
296 2887.442000 2887.731869 22
297 2897.795000 2897.635810 29
298 2907.293000 2907.354760 20
299 2917.175000 2916.826692 28
300 2926.998000 2921.113749 12
301 2935.746000 2932.181918 13
302 2945.436000 2944.931912 12
303 2955.356000 2956.317864 18
304 2964.522000 2964.005542 17
305 2974.983000 2974.683303 12
306 2985.603000 2985.092898 24
307 2995.729000 2996.957055 12
308 3006.629000 3005.581094 19
309 3014.953000 3015.559464 13
310 3024.823000 3024.847059 22
311 3034.477000 3032.751117 13
312 3043.168000 3078.873824 11
313 3051.342000 3051.195169 15
314 3061.468000 3061.747377 18
315 3071.381000 3070.894287 26
316 3080.242000 3080.566050 22
317 3090.518000 3089.098508 14
318 3099.379000 3099.725828 21
319 3109.614000 3109.317921 24
320 3119.010000 3119.317921 0
321 3128.279000 3128.731585 27
322 3137.870000 3136.528315 25
323 3146.021000 3146.109842 25
324 3155.866000 3155.319981 34
325 3165.193000 3162.301458 11
326 3174.701000 3172.301458 0
327 3184.357000 3128.020340 16
328 3194.357000 3194.645213 13
329 3204.267000 3203.998429 21
330 3213.801000 3213.718450 23
331 3224.560000 3223.869417 16
332 3234.264000 3231.444503 11
333 3244.615000 3245.120404 15
334 3253.814000 3254.938561 18
335 3263.814000 3263.810454 18
336 3273.940000 3273.752728 31
337 3283.138000 3282.545710 10
338 3294.383000 3292.545710 0
339 3302.959000 3303.314223 13
340 3312.556000 3398.551858 9
341 3323.005000 3326.197978 23
342 3334.161000 3333.952725 13
343 3344.480000 3343.837397 19
344 3354.582000 3353.837397 0
345 3364.582000 3365.275143 23
346 3374.424000 3374.190762 14
347 3384.424000 3384.781202 13
348 3394.511000 3394.621735 25
349 3404.275000 3403.613136 17
350 3414.420000 3450.328177 9
351 3423.839000 3460.328177 0
352 3434.227000 3433.782109 10
353 3443.973000 3443.643212 24
354 3454.135000 3453.485778 22
355 3463.796000 3463.530734 41
356 3473.317000 3473.530734 0
357 3483.002000 3482.386879 27
358 3491.710000 3492.877082 17
359 3501.231000 3501.446304 19
360 3511.079000 3511.360812 26
361 3520.698000 3520.692998 38
362 3530.154000 3529.202252 15
363 3539.741000 3539.268737 25
364 3549.838000 3549.268737 0
365 3559.823000 3560.083722 11
366 3571.457000 3571.768145 13
367 3581.369000 3577.868309 16
368 3590.500000 3589.994045 11
369 3600.241000 3599.994045 0
370 3610.648000 3613.824390 13
371 3620.496000 3619.795611 15
372 3631.869000 3631.638646 35
373 3640.968000 3640.733162 26
374 3651.042000 3649.625754 13
375 3660.726000 3659.625754 0
376 3667.063000 3665.196230 16
377 3675.057000 3677.863140 8
378 3686.171000 3685.608615 17
379 3694.652000 3695.608615 0
380 3705.060000 3718.214618 11
381 3715.001000 3712.674930 33
382 3725.044000 3711.908446 28
383 3733.674000 3721.908446 0
384 3743.809000 3745.408194 10
385 3753.461000 3753.359908 23
386 3763.193000 3762.790074 23
387 3772.288000 3756.221770 10
388 3781.697000 3782.373983 32
389 3791.239000 3791.306892 33
390 3799.153000 3800.970066 13
391 3809.153000 3809.674312 16
392 3818.946000 3819.674312 0
393 3828.946000 3829.674312 0
394 3839.290000 3839.214740 23
395 3849.127000 3849.232967 24
396 3859.366000 3859.329145 19
397 3869.880000 3870.064992 28
398 3879.793000 3879.313707 20
399 3889.165000 3889.008322 29
400 3898.538000 3900.626953 21
401 3908.473000 3909.151204 15
402 3918.296000 3918.484606 27
403 3928.034000 3926.995478 11
404 3937.025000 3936.071583 18
405 3945.670000 3945.303675 18
406 3954.797000 3952.484672 16
407 3963.756000 3966.312802 11
408 3975.048000 3975.000683 25
409 3981.645000 3985.000683 0
410 3992.690000 3992.825618 24
411 4002.457000 4001.900675 27
412 4011.982000 4010.074392 20
413 4021.430000 4022.169443 12
414 4030.624000 4033.309088 9
415 4040.513000 4040.383109 21
416 4049.727000 4048.169697 24
417 4058.371000 4100.018008 11
418 4068.258000 4067.322315 12
419 4076.974000 4118.578910 12
420 4085.661000 4128.578910 0
421 4096.585000 4096.925203 19
422 4105.894000 4106.193434 39
423 4115.448000 4114.614921 19
424 4123.311000 4122.255682 23
425 4132.804000 4132.631380 13
426 4142.148000 4143.703066 28
427 4151.574000 4151.046642 12
428 4160.897000 4160.582178 16
429 4170.041000 4169.798913 21
430 4180.202000 4179.284298 31
431 4189.466000 4188.087148 22
432 4198.878000 4200.032000 16
433 4208.352000 4207.895073 25
434 4218.124000 4218.367116 29
435 4228.124000 4227.704805 31
436 4237.399000 4237.269618 15
437 4245.914000 4245.789610 27
438 4255.326000 4255.789610 0
439 4264.948000 4264.570278 25
440 4274.331000 4274.767492 35
441 4284.331000 4284.869864 25
442 4294.866000 4295.215120 24
443 4304.488000 4303.756503 43
444 4314.081000 4297.340533 13
445 4323.524000 4325.414122 14
446 4333.314000 4333.328724 33
447 4342.679000 4343.253612 33
448 4351.252000 4352.010301 22
449 4361.175000 4360.240671 24
450 4371.247000 4386.341784 9
451 4380.061000 4396.341784 0
452 4388.724000 4388.282035 22
453 4397.957000 4398.262781 20
454 4408.286000 4408.772329 16
455 4418.401000 4416.501545 31
456 4427.665000 4424.142895 8
457 4437.586000 4438.065018 27
458 4447.586000 4447.545402 42
459 4457.586000 4456.514189 30
460 4466.965000 4466.897924 27
461 4476.557000 4476.205040 14
462 4485.941000 4520.747323 12
463 4495.941000 4525.735863 13
464 4504.556000 4535.978274 8
465 4514.556000 4583.937504 13
466 4524.310000 4522.386583 13
467 4532.555000 4531.502073 12
468 4542.555000 4584.690894 16
469 4551.201000 4550.620931 33
470 4561.332000 4560.926060 17
471 4572.125000 4570.926060 0
472 4581.268000 4584.768820 14
473 4590.771000 4591.200187 18
474 4600.003000 4641.905332 16
475 4610.003000 4610.162007 32
476 4619.399000 4576.264325 17
477 4627.343000 4629.403594 16
478 4636.335000 4636.516213 31
479 4646.109000 4645.667541 29
480 4655.421000 4654.855207 21
481 4665.421000 4664.977493 39
