001 0.000000 -0.100784 88
002 10.000000 9.983648 37
003 20.000000 18.244775 27
004 28.072000 28.060717 22
005 38.058000 38.084998 27
006 48.059000 48.046999 40
007 58.056000 57.994284 20
008 68.056000 68.150764 39
009 78.056000 78.074176 47
010 88.056000 88.073212 50
011 98.056000 98.009787 62
012 108.056000 108.179985 70
013 118.056000 118.077793 57
014 128.056000 128.091531 72
015 138.056000 138.076316 65
016 148.056000 148.082019 68
017 158.056000 158.203009 86
018 168.056000 168.078467 62
019 178.056000 178.237520 59
020 188.056000 188.181524 80
021 198.056000 198.087638 77
022 208.056000 208.077650 73
023 218.056000 218.049516 76
024 228.056000 227.754619 35
025 238.056000 239.036364 39
026 248.056000 248.522888 27
027 258.311000 298.857909 24
028 268.392000 269.134809 15
029 278.457000 278.093008 36
030 288.680000 280.885838 14
031 299.265000 300.441382 28
032 309.265000 309.210749 23
033 319.460000 318.145318 8
034 329.886000 328.145318 0
035 331.489000 392.447191 8
036 341.050000 402.447191 0
037 352.269000 368.810530 17
038 362.269000 454.454428 13
039 372.483000 464.454428 0
040 382.483000 474.454428 0
041 392.844000 510.784703 15
042 403.556000 445.613806 17
043 414.326000 502.130859 8
044 424.449000 424.193390 28
045 434.768000 435.024477 28
046 444.768000 444.920832 10
047 452.651000 453.112796 18
048 462.775000 462.382157 10
049 472.194000 472.382157 0
050 482.194000 482.459189 19
051 491.877000 493.675276 25
052 501.624000 502.163344 28
053 511.427000 510.267422 22
054 520.978000 520.640106 15
055 530.978000 530.640106 0
056 541.619000 540.640106 0
057 550.842000 562.264035 9
058 560.228000 561.787930 15
059 569.286000 568.475964 16
060 578.659000 575.349429 20
061 588.915000 629.205468 13
062 598.555000 639.205468 0
063 608.681000 609.929214 14
064 619.259000 618.720134 34
065 628.721000 628.278422 28
066 638.369000 638.278422 0
067 647.991000 648.278422 0
068 657.851000 613.719832 8
069 666.916000 666.694609 19
070 675.899000 675.204892 26
071 685.573000 685.987016 29
072 695.248000 695.479545 22
073 705.586000 705.705153 27
074 715.395000 715.705153 0
075 725.261000 725.378542 35
076 734.717000 736.450268 13
077 745.217000 745.323749 24
078 755.217000 755.265101 27
079 764.858000 763.721338 16
080 774.506000 807.181481 8
081 785.429000 786.389407 12
082 796.513000 796.829210 33
083 806.746000 806.856928 18
084 816.819000 817.289274 25
085 826.819000 826.072759 36
086 836.249000 836.072759 0
087 846.163000 846.856226 22
088 856.163000 855.437966 10
089 864.873000 865.162304 12
090 873.220000 873.320325 24
091 883.027000 884.109610 15
092 892.860000 890.504179 9
093 902.860000 903.952448 19
094 912.210000 911.186392 26
095 921.433000 987.816605 9
096 931.433000 931.124800 28
097 940.742000 940.636648 16
098 949.547000 949.235039 22
099 958.617000 959.628533 16
100 968.324000 967.995082 19
101 977.329000 978.512001 32
102 987.329000 987.653849 28
103 997.595000 996.786412 23
104 1007.336000 1007.183670 14
105 1017.463000 1041.219873 10
106 1028.014000 1030.178571 12
107 1037.881000 1111.647147 12
108 1046.619000 1046.918011 29
109 1056.878000 1057.551551 22
110 1066.607000 1066.275153 22
111 1076.607000 1076.275153 0
112 1085.691000 1087.082490 15
113 1095.691000 1096.019600 41
114 1104.986000 1104.569973 21
115 1115.086000 1114.878304 32
116 1124.734000 1124.009851 26
117 1133.904000 1133.018295 17
118 1143.738000 1143.466626 34
119 1153.068000 1153.094758 16
120 1162.582000 1163.044173 16
121 1172.470000 1171.971710 19
122 1181.693000 1181.278745 20
123 1191.553000 1236.053822 10
124 1201.148000 1202.563614 17
125 1211.148000 1210.492328 13
126 1220.338000 1220.048563 14
127 1229.986000 1229.683062 13
128 1239.076000 1238.505878 21
129 1249.076000 1242.496393 10
130 1257.800000 1260.123771 12
131 1267.668000 1269.423684 11
132 1278.014000 1278.210580 20
133 1288.014000 1288.612856 13
134 1297.789000 1297.738829 20
135 1307.517000 1307.682135 15
136 1317.517000 1318.191484 13
137 1327.250000 1328.025272 22
138 1336.985000 1337.071320 39
139 1346.985000 1345.990991 22
140 1356.581000 1356.330339 11
141 1365.299000 1395.848881 11
142 1375.105000 1405.848881 0
143 1385.579000 1415.848881 0
144 1395.579000 1395.520118 27
145 1405.579000 1405.762042 27
146 1415.931000 1416.067950 20
147 1425.340000 1421.053177 8
148 1434.351000 1431.053177 0
149 1443.813000 1447.041166 13
150 1453.703000 1453.886557 27
151 1463.450000 1462.322205 8
152 1471.333000 1472.322205 0
153 1481.566000 1482.322205 0
154 1491.044000 1489.934067 34
155 1500.579000 1501.972260 14
156 1510.173000 1508.583204 10
157 1520.607000 1521.158014 13
158 1530.868000 1530.974767 12
159 1540.607000 1540.604441 10
160 1549.968000 1565.954077 12
161 1560.345000 1561.076428 17
162 1570.539000 1569.233069 18
163 1579.858000 1579.883366 25
164 1589.858000 1589.883366 0
165 1599.858000 1631.896941 10
166 1610.086000 1601.969915 10
167 1620.615000 1621.605418 19
168 1631.827000 1635.941093 15
169 1641.168000 1640.699575 24
170 1651.300000 1635.786072 8
171 1663.636000 1645.786072 0
172 1672.749000 1672.281717 25
173 1683.172000 1688.800827 8
174 1693.095000 1694.618653 22
175 1702.956000 1702.898942 27
176 1713.607000 1710.856205 18
177 1724.031000 1724.496336 14
178 1734.031000 1733.175739 18
179 1742.838000 1744.344978 17
180 1752.449000 1752.488697 15
181 1760.542000 1760.399199 16
182 1770.715000 1770.985918 16
183 1780.992000 1780.985918 0
184 1790.832000 1789.767202 19
185 1800.832000 1801.173690 15
186 1810.721000 1810.980137 28
187 1820.617000 1820.420016 24
188 1830.360000 1830.261955 33
189 1840.013000 1839.519238 28
190 1849.209000 1849.519238 0
191 1860.090000 1860.235008 14
192 1869.680000 1869.515897 14
193 1879.478000 1880.066947 17
194 1889.402000 1889.637133 29
195 1899.097000 1897.783731 21
196 1908.417000 1904.163873 10
197 1917.757000 1918.650310 18
198 1926.911000 1926.950451 33
199 1937.293000 1937.433067 19
200 1946.883000 1946.156974 17
201 1954.809000 1953.364137 14
202 1964.620000 1950.081554 14
203 1974.782000 1991.858893 12
204 1985.579000 1985.430896 22
205 1995.308000 1996.505346 23
206 2005.308000 2006.505346 0
207 2015.204000 2015.114806 10
208 2024.919000 2023.034961 22
209 2034.823000 2033.034961 0
210 2044.823000 2045.623499 28
211 2053.733000 2134.941648 10
212 2065.736000 2065.468939 25
213 2075.432000 2074.722226 27
214 2085.432000 2084.789221 27
215 2095.640000 2095.382818 12
216 2105.535000 2075.766722 9
217 2116.249000 2085.766722 0
218 2125.944000 2125.515211 31
219 2135.944000 2136.414094 19
220 2146.477000 2146.364787 21
221 2156.339000 2156.980843 15
222 2166.172000 2167.225545 26
223 2176.248000 2177.259209 11
224 2185.589000 2185.074727 14
225 2195.326000 2195.153166 21
226 2205.520000 2205.004906 29
227 2217.024000 2217.908438 22
228 2227.821000 2227.281067 16
229 2237.286000 2237.007573 31
230 2246.071000 2245.881233 13
231 2256.071000 2255.752802 11
232 2265.092000 2263.963142 15
233 2275.092000 2276.204867 13
234 2284.908000 2285.217470 28
235 2294.908000 2295.232286 23
236 2304.609000 2304.569345 30
237 2314.609000 2312.687439 10
238 2324.304000 2324.246940 15
239 2334.304000 2334.246940 0
240 2344.486000 2344.867886 17
241 2353.057000 2354.867886 0
242 2362.985000 2362.806076 8
243 2372.520000 2372.516383 26
244 2381.683000 2380.662928 10
245 2392.797000 2390.662928 0
246 2402.524000 2402.960041 33
247 2412.524000 2412.549257 45
248 2422.603000 2422.308963 29
249 2432.623000 2431.924666 28
250 2442.623000 2441.642750 31
251 2451.774000 2450.037509 23
252 2461.676000 2460.037509 0
253 2470.754000 2472.833117 14
254 2481.214000 2480.687255 32
255 2491.098000 2558.600238 11
256 2500.447000 2499.948317 13
257 2509.765000 2509.653549 23
258 2518.890000 2519.888077 12
259 2529.280000 2530.061759 13
260 2538.944000 2539.093324 27
261 2548.529000 2549.235628 23
262 2558.036000 2556.939456 17
263 2567.093000 2561.946244 14
264 2575.836000 2571.946244 0
265 2585.931000 2586.557255 20
266 2595.244000 2595.939156 16
267 2605.244000 2605.271680 19
268 2615.042000 2614.571086 21
269 2624.843000 2623.497226 14
270 2635.057000 2633.497226 0
271 2645.270000 2645.971008 19
272 2654.752000 2655.971008 0
273 2664.938000 2664.811670 24
274 2674.439000 2673.901560 10
275 2684.201000 2684.107560 12
276 2693.355000 2694.107560 0
277 2703.021000 2703.103668 19
278 2712.409000 2712.538861 18
279 2722.955000 2723.704813 22
280 2733.351000 2733.346604 34
281 2743.508000 2743.331746 17
282 2753.438000 2753.331746 0
283 2763.906000 2764.557514 11
284 2774.276000 2774.041468 19
285 2783.156000 2783.208789 28
286 2792.350000 2790.774803 13
287 2802.543000 2800.774803 0
288 2812.446000 2810.774803 0
289 2821.794000 2822.102272 14
290 2830.771000 2832.102272 0
291 2841.083000 2842.565497 8
292 2851.257000 2850.246487 13
293 2861.257000 2858.482228 13
294 2871.591000 2868.482228 0
295 2880.480000 2881.479093 15
296 2890.480000 2890.312300 19
297 2900.383000 2900.710745 28
298 2910.232000 2909.615453 17
299 2920.525000 2920.354797 12
300 2930.148000 2930.333408 32
301 2939.843000 2939.829219 20
302 2949.985000 2948.949544 13
303 2959.411000 2959.794725 16
304 2969.411000 2967.811578 19
305 2979.660000 2979.244675 27
306 2989.373000 2989.244675 0
307 2999.373000 2971.646643 9
308 3009.156000 2981.646643 0
309 3018.995000 3020.504813 25
310 3028.707000 3028.370333 21
311 3038.277000 3038.370333 0
312 3046.041000 3045.473996 17
313 3054.913000 3088.253827 9
314 3064.767000 3066.545921 11
315 3074.767000 3074.443468 23
316 3084.516000 3084.152634 12
317 3092.780000 3091.968353 19
318 3102.278000 3101.851343 17
319 3113.010000 3111.851343 0
320 3122.474000 3081.930336 11
321 3132.329000 3131.469469 23
322 3140.879000 3140.407831 27
323 3150.790000 3150.764325 19
324 3160.555000 3159.091812 17
325 3169.624000 3169.091812 0
326 3177.834000 3179.091812 0
327 3187.548000 3188.235559 23
328 3198.656000 3198.710387 24
329 3208.441000 3207.916083 17
330 3217.491000 3217.598018 24
331 3228.026000 3226.093252 11
332 3238.294000 3236.093252 0
333 3248.222000 3248.694268 15
334 3258.222000 3258.000896 30
335 3267.432000 3266.920057 21
336 3277.002000 3276.714527 31
337 3287.002000 3286.619528 15
338 3297.002000 3296.619528 0
339 3307.002000 3308.946346 17
340 3316.855000 3316.201285 9
341 3326.855000 3328.789544 18
342 3335.816000 3336.022700 12
343 3346.780000 3346.211448 17
344 3357.496000 3357.836963 17
345 3367.780000 3367.752325 33
346 3377.690000 3377.752325 0
347 3387.331000 3387.611465 22
348 3397.331000 3397.026314 16
349 3403.895000 3404.780163 20
350 3413.895000 3414.780163 0
351 3423.625000 3423.935472 20
352 3434.501000 3435.040615 14
353 3444.227000 3444.894814 23
354 3454.999000 3454.934067 18
355 3464.135000 3464.421417 36
356 3474.135000 3451.180384 8
357 3484.135000 3484.200921 20
358 3493.815000 3494.711085 22
359 3503.474000 3503.028822 21
360 3513.133000 3512.818360 28
361 3522.614000 3521.927072 26
362 3532.614000 3529.947261 16
363 3540.698000 3541.128201 11
364 3549.319000 3549.392225 10
365 3560.035000 3558.421300 10
366 3570.427000 3570.617311 17
367 3579.853000 3579.374998 26
368 3588.868000 3577.988022 9
369 3597.758000 3598.310614 14
370 3608.598000 3612.190479 10
371 3619.205000 3618.770196 15
372 3630.495000 3630.130343 27
373 3639.841000 3639.908826 25
374 3650.150000 3649.908826 0
375 3658.773000 3661.694192 10
376 3669.988000 3666.712196 9
377 3675.443000 3676.172607 9
378 3686.082000 3686.729736 32
379 3696.082000 3696.729736 0
380 3707.480000 3719.058314 25
381 3717.480000 3710.334796 32
382 3727.480000 3721.370113 17
383 3737.086000 3738.932951 14
384 3746.943000 3755.242974 12
385 3756.241000 3757.149097 26
386 3766.400000 3765.976172 17
387 3776.400000 3755.845411 15
388 3786.400000 3787.964828 22
389 3795.665000 3795.133143 19
390 3803.874000 3801.458259 19
391 3813.588000 3814.191132 27
392 3823.819000 3824.279498 15
393 3833.460000 3834.279498 0
394 3842.278000 3842.538502 24
395 3852.672000 3852.195367 22
396 3863.100000 3864.380488 14
397 3873.868000 3872.838569 15
398 3883.688000 3883.053418 17
399 3892.560000 3890.580025 18
400 3903.079000 3902.976342 26
401 3913.113000 3914.189862 15
402 3922.683000 3922.576535 21
403 3932.467000 3932.240486 24
404 3942.324000 3939.494771 12
405 3950.945000 3950.977451 15
406 3960.478000 3961.895885 16
407 3970.818000 3971.473050 13
408 3980.709000 3981.473050 0
409 3987.524000 3987.535690 13
410 3997.721000 3998.012553 31
411 4007.827000 4006.331860 15
412 4017.827000 4023.586806 8
413 4027.055000 4025.953020 27
414 4036.481000 4037.440605 21
415 4046.481000 4045.769512 17
416 4055.175000 4055.121812 18
417 4064.458000 4064.468910 13
418 4073.867000 4074.468910 0
419 4082.614000 4084.468910 0
420 4093.775000 4094.468910 0
421 4102.647000 4102.802462 26
422 4111.877000 4112.171161 25
423 4121.715000 4121.675669 31
424 4130.747000 4131.675669 0
425 4140.193000 4140.273779 27
426 4150.031000 4150.053861 14
427 4159.457000 4160.400540 14
428 4170.041000 4169.597052 30
429 4179.827000 4179.471351 30
430 4189.240000 4188.631724 18
431 4198.753000 4199.228377 24
432 4208.351000 4208.676910 28
433 4217.789000 4217.746579 26
434 4227.286000 4227.205453 21
435 4236.999000 4236.799798 21
436 4244.888000 4294.040222 11
437 4254.888000 4266.034368 8
438 4264.439000 4280.484950 8
439 4274.258000 4274.529276 27
440 4284.043000 4284.332232 29
441 4294.402000 4294.130849 27
442 4303.916000 4303.840448 41
443 4313.916000 4310.763192 17
444 4323.916000 4325.656174 13
445 4333.452000 4333.864333 20
446 4343.452000 4343.941017 22
447 4353.696000 4352.817355 18
448 4363.535000 4363.560764 22
449 4373.659000 4353.935863 9
450 4384.141000 4385.357452 15
451 4393.800000 4394.426338 16
452 4403.011000 4403.692166 15
453 4412.922000 4412.048148 20
454 4421.741000 4421.519291 28
455 4431.202000 4471.921620 11
456 4440.558000 4441.420629 33
457 4450.718000 4451.651528 22
458 4460.914000 4460.330172 20
459 4468.980000 4469.032701 22
460 4477.834000 4476.764706 16
461 4487.834000 4482.628131 13
462 4496.760000 4472.245222 10
463 4505.714000 4482.245222 0
464 4514.669000 4492.245222 0
465 4522.896000 4523.089977 11
466 4532.554000 4473.417556 14
467 4540.771000 4541.226966 22
468 4549.692000 4549.071316 26
469 4558.663000 4567.565691 11
470 4568.567000 4575.173123 24
471 4579.446000 4577.579511 15
472 4586.385000 4586.925938 31
473 4596.676000 4597.714484 17
474 4606.008000 4606.323879 30
475 4615.820000 4575.884756 10
476 4624.232000 4624.259302 11
477 4633.843000 4633.557293 29
478 4643.506000 4643.611839 31
479 4652.917000 4652.339778 20
480 4662.917000 4662.869956 33
481 4672.917000 4672.567916 29
