001 0.000000 -0.079066 92
002 10.000000 9.970055 36
003 20.000000 18.528751 28
004 28.072000 28.059835 21
005 38.058000 38.083266 26
006 48.059000 48.046999 40
007 58.056000 57.995323 21
008 68.056000 68.034341 41
009 78.056000 78.074127 49
010 88.056000 88.071656 51
011 98.056000 97.989866 63
012 108.056000 108.088597 70
013 118.056000 118.079179 56
014 128.056000 128.092009 73
015 138.056000 138.075759 68
016 148.056000 148.082288 69
017 158.056000 158.281871 87
018 168.056000 168.081034 61
019 178.056000 178.187594 60
020 188.056000 188.087897 78
021 198.056000 198.088230 79
022 208.056000 208.077839 71
023 218.056000 218.178498 74
024 228.056000 227.782948 38
025 238.056000 239.295668 38
026 248.056000 248.620641 28
027 258.311000 260.659660 17
028 268.392000 269.340081 18
029 278.457000 278.201022 23
030 288.680000 284.415996 14
031 299.265000 299.017405 29
032 309.265000 309.225430 20
033 319.460000 316.920317 11
034 329.886000 326.920317 0
035 331.489000 336.920317 0
036 341.050000 307.259190 9
037 352.269000 344.937698 15
038 362.269000 368.461751 13
039 372.483000 453.160258 8
040 382.483000 383.209968 30
041 392.844000 393.579552 25
042 403.556000 404.307088 32
043 414.326000 414.307088 0
044 424.449000 424.333590 25
045 434.768000 434.707460 23
046 444.768000 445.305716 9
047 452.651000 453.824329 19
048 462.775000 461.741268 11
049 472.194000 471.741268 0
050 482.194000 482.389585 17
051 491.877000 492.940446 25
052 501.624000 501.767163 30
053 511.427000 511.316038 21
054 520.978000 520.678944 22
055 530.978000 555.853135 10
056 541.619000 541.726336 14
057 550.842000 572.590873 8
058 560.228000 562.747399 16
059 569.286000 569.400041 17
060 578.659000 576.806402 20
061 588.915000 586.806402 0
062 598.555000 596.806402 0
063 608.681000 611.587001 13
064 619.259000 618.904877 41
065 628.721000 627.910256 23
066 638.369000 637.910256 0
067 647.991000 647.910256 0
068 657.851000 657.910256 0
069 666.916000 666.463551 25
070 675.899000 675.544920 19
071 685.573000 685.981341 25
072 695.248000 695.492677 19
073 705.586000 705.911631 25
074 715.395000 715.911631 0
075 725.261000 725.297015 37
076 734.717000 735.080364 12
077 745.217000 745.241020 23
078 755.217000 755.532011 23
079 764.858000 763.862080 17
080 774.506000 773.862080 0
081 785.429000 786.195393 11
082 796.513000 797.153471 35
083 806.746000 807.650356 17
084 816.819000 816.813930 22
085 826.819000 825.604121 35
086 836.249000 848.059038 9
087 846.163000 847.559114 17
088 856.163000 856.588183 10
089 864.873000 864.901701 9
090 873.220000 873.129062 29
091 883.027000 883.129062 0
092 892.860000 891.035674 8
093 902.860000 903.383680 22
094 912.210000 911.481856 14
095 921.433000 922.464712 11
096 931.433000 931.062660 32
097 940.742000 940.337752 14
098 949.547000 949.110086 18
099 958.617000 959.110086 0
100 968.324000 968.164574 19
101 977.329000 978.439030 28
102 987.329000 987.357668 30
103 997.595000 996.387728 17
104 1007.336000 1007.293432 17
105 1017.463000 1043.363482 9
106 1028.014000 1029.718516 15
107 1037.881000 1110.675890 10
108 1046.619000 1046.657679 32
109 1056.878000 1056.975032 25
110 1066.607000 1065.699026 22
111 1076.607000 1075.699026 0
112 1085.691000 1086.389735 13
113 1095.691000 1095.757361 38
114 1104.986000 1107.490449 17
115 1115.086000 1114.149004 24
116 1124.734000 1123.621973 26
117 1133.904000 1133.621973 0
118 1143.738000 1143.409329 33
119 1153.068000 1153.355072 21
120 1162.582000 1162.601810 16
121 1172.470000 1171.914539 21
122 1181.693000 1180.083505 13
123 1191.553000 1190.083505 0
124 1201.148000 1201.179355 24
125 1211.148000 1210.543332 10
126 1220.338000 1220.528255 18
127 1229.986000 1230.235761 14
128 1239.076000 1239.060755 21
129 1249.076000 1249.060755 0
130 1257.800000 1259.060755 0
131 1267.668000 1269.060755 0
132 1278.014000 1278.407515 20
133 1288.014000 1287.467183 16
134 1297.789000 1296.921251 17
135 1307.517000 1346.315887 8
136 1317.517000 1356.315887 0
137 1327.250000 1327.800624 24
138 1336.985000 1337.090765 39
139 1346.985000 1345.832247 23
140 1356.581000 1355.464201 19
141 1365.299000 1365.464201 0
142 1375.105000 1341.578263 10
143 1385.579000 1339.765361 9
144 1395.579000 1395.736801 26
145 1405.579000 1405.517224 28
146 1415.931000 1415.854150 19
147 1425.340000 1421.897558 12
148 1434.351000 1431.897558 0
149 1443.813000 1444.566336 15
150 1453.703000 1453.693056 26
151 1463.450000 1463.693056 0
152 1471.333000 1473.693056 0
153 1481.566000 1483.693056 0
154 1491.044000 1490.091439 27
155 1500.579000 1502.304558 8
156 1510.173000 1509.223046 11
157 1520.607000 1520.867673 12
158 1530.868000 1530.972477 14
159 1540.607000 1540.583177 10
160 1549.968000 1567.688833 11
161 1560.345000 1560.521451 23
162 1570.539000 1570.903708 13
163 1579.858000 1579.843200 21
164 1589.858000 1589.843200 0
165 1599.858000 1600.570032 8
166 1610.086000 1609.276291 10
167 1620.615000 1622.897128 20
168 1631.827000 1634.491132 12
169 1641.168000 1639.934491 18
170 1651.300000 1649.934491 0
171 1663.636000 1659.934491 0
172 1672.749000 1672.446629 24
173 1683.172000 1682.446629 0
174 1693.095000 1694.381711 18
175 1702.956000 1702.638887 31
176 1713.607000 1709.405864 10
177 1724.031000 1724.552695 18
178 1734.031000 1734.552695 0
179 1742.838000 1743.202974 16
180 1752.449000 1751.546219 11
181 1760.542000 1760.713913 9
182 1770.715000 1771.571831 14
183 1780.992000 1781.571831 0
184 1790.832000 1789.787000 20
185 1800.832000 1799.787000 0
186 1810.721000 1810.906678 32
187 1820.617000 1820.484641 28
188 1830.360000 1830.302757 31
189 1840.013000 1839.540970 31
190 1849.209000 1849.540970 0
191 1860.090000 1860.933108 16
192 1869.680000 1869.510277 12
193 1879.478000 1879.989907 22
194 1889.402000 1889.283772 31
195 1899.097000 1897.730691 20
196 1908.417000 1905.101469 15
197 1917.757000 1921.001892 18
198 1926.911000 1927.208966 36
199 1937.293000 1937.207279 21
200 1946.883000 1945.964141 16
201 1954.809000 1954.088317 16
202 1964.620000 1951.449845 12
203 1974.782000 1937.152355 8
204 1985.579000 1985.881618 23
205 1995.308000 1995.658903 19
206 2005.308000 2005.682563 8
207 2015.204000 2061.865686 9
208 2024.919000 2023.559738 28
209 2034.823000 2020.665861 11
210 2044.823000 2045.419025 38
211 2053.733000 2135.678809 9
212 2065.736000 2065.072468 28
213 2075.432000 2074.857554 25
214 2085.432000 2085.404127 25
215 2095.640000 2095.404127 0
216 2105.535000 2073.146791 13
217 2116.249000 2116.480108 12
218 2125.944000 2125.996987 26
219 2135.944000 2136.424748 21
220 2146.477000 2146.297457 18
221 2156.339000 2156.778109 22
222 2166.172000 2167.049354 28
223 2176.248000 2176.983403 10
224 2185.589000 2182.099378 12
225 2195.326000 2195.299288 22
226 2205.520000 2205.062669 20
227 2217.024000 2217.930555 23
228 2227.821000 2228.132594 17
229 2237.286000 2237.055397 29
230 2246.071000 2245.648400 15
231 2256.071000 2255.390774 14
232 2265.092000 2265.358698 18
233 2275.092000 2276.628267 12
234 2284.908000 2285.107176 29
235 2294.908000 2295.251975 30
236 2304.609000 2304.638946 29
237 2314.609000 2312.677285 9
238 2324.304000 2323.915007 18
239 2334.304000 2333.915007 0
240 2344.486000 2344.896350 15
241 2353.057000 2354.896350 0
242 2362.985000 2362.751607 9
243 2372.520000 2372.473659 30
244 2381.683000 2379.863877 14
245 2392.797000 2389.364187 21
246 2402.524000 2402.601494 26
247 2412.524000 2412.505296 34
248 2422.603000 2422.447829 31
249 2432.623000 2431.801039 28
250 2442.623000 2442.134948 28
251 2451.774000 2450.426427 28
252 2461.676000 2460.426427 0
253 2470.754000 2472.426119 12
254 2481.214000 2480.838927 37
255 2491.098000 2558.050702 11
256 2500.447000 2499.953615 18
257 2509.765000 2509.048084 29
258 2518.890000 2521.405603 12
259 2529.280000 2529.679919 13
260 2538.944000 2539.004541 31
261 2548.529000 2549.501329 26
262 2558.036000 2556.706603 13
263 2567.093000 2565.573562 11
264 2575.836000 2597.862264 8
265 2585.931000 2585.815079 23
266 2595.244000 2595.755589 18
267 2605.244000 2605.170524 23
268 2615.042000 2614.352506 27
269 2624.843000 2624.386367 13
270 2635.057000 2610.309283 9
271 2645.270000 2648.205016 15
272 2654.752000 2658.205016 0
273 2664.938000 2664.263698 23
274 2674.439000 2673.974350 13
275 2684.201000 2683.587832 12
276 2693.355000 2696.666347 23
277 2703.021000 2703.306406 21
278 2712.409000 2712.588030 14
279 2722.955000 2723.534865 36
280 2733.351000 2733.254603 32
281 2743.508000 2743.594420 22
282 2753.438000 2753.594420 0
283 2763.906000 2764.514636 12
284 2774.276000 2774.589865 18
285 2783.156000 2782.750984 29
286 2792.350000 2790.518908 16
287 2802.543000 2802.380850 9
288 2812.446000 2812.380850 0
289 2821.794000 2824.787945 15
290 2830.771000 2834.787945 0
291 2841.083000 2843.144409 9
292 2851.257000 2851.303600 13
293 2861.257000 2861.303600 0
294 2871.591000 2871.303600 0
295 2880.480000 2881.188776 14
296 2890.480000 2890.311678 19
297 2900.383000 2900.619508 27
298 2910.232000 2909.460887 17
299 2920.525000 2920.933340 10
300 2930.148000 2930.440623 29
301 2939.843000 2939.926125 21
302 2949.985000 2950.186704 18
303 2959.411000 2959.761583 19
304 2969.411000 2968.434963 21
305 2979.660000 2979.156952 25
306 2989.373000 2976.909196 8
307 2999.373000 3000.135013 9
308 3009.156000 3095.845425 11
309 3018.995000 3020.342207 26
310 3028.707000 3028.467771 20
311 3038.277000 3037.548996 10
312 3046.041000 3046.091320 15
313 3054.913000 3056.091320 0
314 3064.767000 3065.024991 16
315 3074.767000 3074.968165 27
316 3084.516000 3083.713647 16
317 3092.780000 3092.378710 16
318 3102.278000 3101.945994 19
319 3113.010000 3109.870027 18
320 3122.474000 3082.393085 8
321 3132.329000 3131.467510 23
322 3140.879000 3140.046101 29
323 3150.790000 3150.366185 17
324 3160.555000 3158.735753 17
325 3169.624000 3168.735753 0
326 3177.834000 3178.735753 0
327 3187.548000 3187.521833 25
328 3198.656000 3198.737487 19
329 3208.441000 3208.234122 17
330 3217.491000 3217.073501 18
331 3228.026000 3270.602639 11
332 3238.294000 3280.602639 0
333 3248.222000 3248.205723 11
334 3258.222000 3257.683733 33
335 3267.432000 3267.338343 18
336 3277.002000 3276.623330 30
337 3287.002000 3286.366474 12
338 3297.002000 3262.556511 9
339 3307.002000 3308.437276 22
340 3316.855000 3315.438394 12
341 3326.855000 3329.045881 21
342 3335.816000 3334.495272 9
343 3346.780000 3391.044132 15
344 3357.496000 3357.955621 19
345 3367.780000 3367.757002 30
346 3377.690000 3377.517524 10
347 3387.331000 3387.172734 17
348 3397.331000 3397.469071 25
349 3403.895000 3403.922794 19
350 3413.895000 3413.147119 12
351 3423.625000 3423.651688 23
352 3434.501000 3435.526208 15
353 3444.227000 3444.969378 21
354 3454.999000 3454.153155 21
355 3464.135000 3464.591230 33
356 3474.135000 3474.591230 0
357 3484.135000 3484.437179 20
358 3493.815000 3494.051208 28
359 3503.474000 3503.288631 26
360 3513.133000 3512.614125 28
361 3522.614000 3522.199191 26
362 3532.614000 3530.180442 14
363 3540.698000 3542.276077 13
364 3549.319000 3549.104139 12
365 3560.035000 3559.104139 0
366 3570.427000 3569.104139 0
367 3579.853000 3578.769279 26
368 3588.868000 3629.079273 11
369 3597.758000 3598.286495 12
370 3608.598000 3612.189069 10
371 3619.205000 3688.716936 12
372 3630.495000 3630.195416 20
373 3639.841000 3639.855367 21
374 3650.150000 3622.551384 8
375 3658.773000 3661.732683 11
376 3669.988000 3671.732683 0
377 3675.443000 3676.267932 11
378 3686.082000 3686.586582 28
379 3696.082000 3696.586582 0
380 3707.480000 3709.596454 28
381 3717.480000 3720.756661 34
382 3727.480000 3721.576775 17
383 3737.086000 3798.329224 10
384 3746.943000 3754.014856 13
385 3756.241000 3757.274073 25
386 3766.400000 3765.500629 23
387 3776.400000 3761.544992 12
388 3786.400000 3788.113991 17
389 3795.665000 3794.685807 18
390 3803.874000 3801.710211 20
391 3813.588000 3814.112080 34
392 3823.819000 3823.281903 13
393 3833.460000 3867.394531 9
394 3842.278000 3842.658213 31
395 3852.672000 3852.264047 22
396 3863.100000 3864.165136 12
397 3873.868000 3874.053596 19
398 3883.688000 3882.501638 15
399 3892.560000 3889.682791 13
400 3903.079000 3903.033273 18
401 3913.113000 3914.084518 14
402 3922.683000 3922.477948 27
403 3932.467000 3932.211223 23
404 3942.324000 3939.637763 8
405 3950.945000 3951.152381 13
406 3960.478000 3966.661074 11
407 3970.818000 3971.221463 10
408 3980.709000 3981.221463 0
409 3987.524000 3988.141348 20
410 3997.721000 3998.039402 30
411 4007.827000 4006.848577 17
412 4017.827000 4021.622180 8
413 4027.055000 4026.798064 23
414 4036.481000 4036.988633 23
415 4046.481000 4046.218551 16
416 4055.175000 4055.846320 21
417 4064.458000 4064.598961 8
418 4073.867000 4074.598961 0
419 4082.614000 4084.598961 0
420 4093.775000 4093.916933 9
421 4102.647000 4102.645349 24
422 4111.877000 4111.431778 23
423 4121.715000 4121.625847 32
424 4130.747000 4154.037058 10
425 4140.193000 4140.270099 26
426 4150.031000 4150.823780 14
427 4159.457000 4160.315613 18
428 4170.041000 4169.641629 27
429 4179.827000 4179.405493 37
430 4189.240000 4187.903836 20
431 4198.753000 4199.635399 24
432 4208.351000 4208.462240 33
433 4217.789000 4218.034429 20
434 4227.286000 4227.495949 20
435 4236.999000 4237.010181 21
436 4244.888000 4245.080854 23
437 4254.888000 4265.237316 8
438 4264.439000 4275.237316 0
439 4274.258000 4274.617897 19
440 4284.043000 4284.094502 19
441 4294.402000 4293.651729 25
442 4303.916000 4303.708930 39
443 4313.916000 4305.030723 10
444 4323.916000 4324.966724 16
445 4333.452000 4334.289368 23
446 4343.452000 4343.707689 20
447 4353.696000 4351.859505 16
448 4363.535000 4363.954404 27
449 4373.659000 4373.954404 0
450 4384.141000 4383.954404 0
451 4393.800000 4394.118361 18
452 4403.011000 4403.479373 21
453 4412.922000 4412.049043 20
454 4421.741000 4420.201329 31
455 4431.202000 4414.307519 9
456 4440.558000 4441.336340 31
457 4450.718000 4450.908980 25
458 4460.914000 4460.585698 15
459 4468.980000 4469.039569 21
460 4477.834000 4476.086863 11
461 4487.834000 4524.381071 14
462 4496.760000 4511.475633 8
463 4505.714000 4521.475633 0
464 4514.669000 4587.816006 10
465 4522.896000 4604.890134 9
466 4532.554000 4572.975539 12
467 4540.771000 4590.102556 11
468 4549.692000 4580.895976 8
469 4558.663000 4566.183921 10
470 4568.567000 4573.529740 21
471 4579.446000 4576.738594 16
472 4586.385000 4587.103200 25
473 4596.676000 4597.136245 20
474 4606.008000 4605.901652 29
475 4615.820000 4575.737701 8
476 4624.232000 4623.877828 14
477 4633.843000 4633.621046 31
478 4643.506000 4643.494961 33
479 4652.917000 4652.190327 22
480 4662.917000 4662.949973 34
481 4672.917000 4672.619903 29
