001 0.000000 -0.027583 89
002 10.000000 9.968436 37
003 20.000000 18.528751 28
004 28.072000 27.971034 23
005 38.058000 38.081299 26
006 48.059000 48.046999 40
007 58.056000 57.954053 22
008 68.056000 67.977314 42
009 78.056000 78.074127 49
010 88.056000 88.073410 50
011 98.056000 98.052250 66
012 108.056000 108.088587 71
013 118.056000 118.080259 52
014 128.056000 128.091352 70
015 138.056000 138.075514 68
016 148.056000 148.079749 62
017 158.056000 158.284502 86
018 168.056000 168.079534 60
019 178.056000 178.173624 61
020 188.056000 188.089468 76
021 198.056000 198.088005 78
022 208.056000 208.084516 71
023 218.056000 217.898856 75
024 228.056000 227.918278 35
025 238.056000 239.081335 38
026 248.056000 248.497939 28
027 258.311000 260.349276 19
028 268.392000 269.009211 15
029 278.457000 278.389232 33
030 288.680000 287.604701 22
031 299.265000 299.459952 27
032 309.265000 309.162049 19
033 319.460000 319.162049 0
034 329.886000 329.162049 0
035 331.489000 339.162049 0
036 341.050000 309.350241 8
037 352.269000 344.805366 17
038 362.269000 368.985356 14
039 372.483000 366.777129 13
040 382.483000 383.152137 25
041 392.844000 393.661377 22
042 403.556000 404.482178 31
043 414.326000 414.482178 0
044 424.449000 424.029682 32
045 434.768000 434.933034 24
046 444.768000 444.278942 10
047 452.651000 452.872986 14
048 462.775000 460.648695 10
049 472.194000 508.086305 8
050 482.194000 482.277027 16
051 491.877000 493.107145 32
052 501.624000 502.124032 32
053 511.427000 510.761518 23
054 520.978000 520.517761 20
055 530.978000 529.667868 10
056 541.619000 541.707282 12
057 550.842000 563.956720 9
058 560.228000 562.911072 13
059 569.286000 568.512431 15
060 578.659000 575.003181 21
061 588.915000 629.233602 13
062 598.555000 569.760312 8
063 608.681000 610.434366 15
064 619.259000 618.751041 42
065 628.721000 628.263658 22
066 638.369000 638.263658 0
067 647.991000 648.263658 0
068 657.851000 658.263658 0
069 666.916000 666.468167 28
070 675.899000 674.939110 25
071 685.573000 685.969355 34
072 695.248000 695.610918 20
073 705.586000 705.995140 29
074 715.395000 715.995140 0
075 725.261000 725.147578 32
076 734.717000 819.805586 15
077 745.217000 745.375981 17
078 755.217000 755.356939 28
079 764.858000 763.438697 16
080 774.506000 773.438697 0
081 785.429000 786.447498 11
082 796.513000 796.984683 30
083 806.746000 807.174510 17
084 816.819000 817.696150 20
085 826.819000 825.832222 33
086 836.249000 835.832222 0
087 846.163000 846.675560 22
088 856.163000 855.804075 11
089 864.873000 864.823804 12
090 873.220000 873.299561 27
091 883.027000 883.961355 18
092 892.860000 892.274150 18
093 902.860000 904.267950 16
094 912.210000 911.658088 25
095 921.433000 923.714671 11
096 931.433000 930.949640 34
097 940.742000 940.768643 14
098 949.547000 949.287184 23
099 958.617000 959.287184 0
100 968.324000 967.659726 20
101 977.329000 978.148846 33
102 987.329000 987.520998 32
103 997.595000 996.027589 21
104 1007.336000 1007.376436 15
105 1017.463000 1041.888518 13
106 1028.014000 1030.214940 12
107 1037.881000 1111.580948 9
108 1046.619000 1046.721339 24
109 1056.878000 1057.006617 20
110 1066.607000 1066.163303 24
111 1076.607000 1076.163303 0
112 1085.691000 1086.789186 13
113 1095.691000 1096.009489 36
114 1104.986000 1106.304331 27
115 1115.086000 1113.931160 24
116 1124.734000 1123.964467 22
117 1133.904000 1112.207763 9
118 1143.738000 1143.544789 37
119 1153.068000 1153.654861 16
120 1162.582000 1162.812573 21
121 1172.470000 1171.953237 20
122 1181.693000 1180.942162 20
123 1191.553000 1159.717796 8
124 1201.148000 1200.900923 21
125 1211.148000 1210.582647 11
126 1220.338000 1220.253944 17
127 1229.986000 1229.947968 13
128 1239.076000 1237.877117 21
129 1249.076000 1247.877117 0
130 1257.800000 1261.481869 9
131 1267.668000 1270.587909 12
132 1278.014000 1277.942280 23
133 1288.014000 1287.781180 14
134 1297.789000 1298.069762 22
135 1307.517000 1307.398296 10
136 1317.517000 1317.398296 0
137 1327.250000 1328.078002 22
138 1336.985000 1336.974024 40
139 1346.985000 1345.129458 23
140 1356.581000 1356.116282 15
141 1365.299000 1350.199808 8
142 1375.105000 1378.037124 15
143 1385.579000 1339.901349 8
144 1395.579000 1395.598504 26
145 1405.579000 1406.155039 31
146 1415.931000 1415.841941 17
147 1425.340000 1421.627827 11
148 1434.351000 1431.627827 0
149 1443.813000 1444.826404 16
150 1453.703000 1453.707679 29
151 1463.450000 1462.843923 10
152 1471.333000 1473.262955 9
153 1481.566000 1483.262955 0
154 1491.044000 1490.158029 31
155 1500.579000 1501.620627 10
156 1510.173000 1508.825493 10
157 1520.607000 1521.313188 15
158 1530.868000 1531.108875 12
159 1540.607000 1540.494379 8
160 1549.968000 1566.901207 15
161 1560.345000 1561.396920 19
162 1570.539000 1570.970208 10
163 1579.858000 1579.871924 23
164 1589.858000 1589.871924 0
165 1599.858000 1599.391120 9
166 1610.086000 1610.709834 20
167 1620.615000 1621.574627 24
168 1631.827000 1633.247870 13
169 1641.168000 1640.729064 23
170 1651.300000 1635.529171 8
171 1663.636000 1645.529171 0
172 1672.749000 1672.808334 29
173 1683.172000 1666.123182 8
174 1693.095000 1694.721716 21
175 1702.956000 1702.893449 29
176 1713.607000 1711.640806 15
177 1724.031000 1724.362684 21
178 1734.031000 1732.886708 13
179 1742.838000 1743.619017 18
180 1752.449000 1752.162001 16
181 1760.542000 1763.641022 8
182 1770.715000 1771.707278 17
183 1780.992000 1768.432394 9
184 1790.832000 1789.681247 19
185 1800.832000 1800.471905 17
186 1810.721000 1811.122856 25
187 1820.617000 1820.561394 27
188 1830.360000 1830.072663 28
189 1840.013000 1839.751712 34
190 1849.209000 1849.751712 0
191 1860.090000 1861.474587 12
192 1869.680000 1869.643040 14
193 1879.478000 1879.763909 23
194 1889.402000 1889.815697 29
195 1899.097000 1897.847270 20
196 1908.417000 1904.695368 12
197 1917.757000 1921.904061 14
198 1926.911000 1927.377247 31
199 1937.293000 1937.547508 20
200 1946.883000 1946.018595 21
201 1954.809000 1954.555660 15
202 1964.620000 1952.051831 12
203 1974.782000 1962.051831 0
204 1985.579000 1985.725806 26
205 1995.308000 1995.498922 26
206 2005.308000 2004.911686 9
207 2015.204000 2060.363187 9
208 2024.919000 2023.772147 25
209 2034.823000 2033.772147 0
210 2044.823000 2045.266754 34
211 2053.733000 2135.338782 10
212 2065.736000 2066.856285 23
213 2075.432000 2074.945138 28
214 2085.432000 2085.329033 26
215 2095.640000 2095.329033 0
216 2105.535000 2075.306592 10
217 2116.249000 2117.095792 15
218 2125.944000 2126.259542 27
219 2135.944000 2136.287996 18
220 2146.477000 2146.239617 14
221 2156.339000 2157.397146 22
222 2166.172000 2166.936465 25
223 2176.248000 2177.186323 12
224 2185.589000 2182.413084 13
225 2195.326000 2195.467182 20
226 2205.520000 2205.334565 24
227 2217.024000 2217.744213 20
228 2227.821000 2227.426562 22
229 2237.286000 2237.034964 32
230 2246.071000 2245.852496 13
231 2256.071000 2254.574307 14
232 2265.092000 2263.917236 19
233 2275.092000 2273.917236 0
234 2284.908000 2285.577773 19
235 2294.908000 2295.069182 24
236 2304.609000 2304.053296 30
237 2314.609000 2311.099849 10
238 2324.304000 2323.949221 19
239 2334.304000 2333.949221 0
240 2344.486000 2344.235767 19
241 2353.057000 2354.235767 0
242 2362.985000 2362.763016 11
243 2372.520000 2372.436665 33
244 2381.683000 2380.301018 12
245 2392.797000 2389.963995 27
246 2402.524000 2402.607311 22
247 2412.524000 2412.469151 37
248 2422.603000 2422.530996 33
249 2432.623000 2431.528338 30
250 2442.623000 2441.744255 27
251 2451.774000 2450.339513 24
252 2461.676000 2460.339513 0
253 2470.754000 2471.997143 12
254 2481.214000 2480.649620 38
255 2491.098000 2489.531047 11
256 2500.447000 2499.953615 18
257 2509.765000 2509.230158 28
258 2518.890000 2521.183657 11
259 2529.280000 2529.502079 17
260 2538.944000 2539.901380 35
261 2548.529000 2549.484750 29
262 2558.036000 2556.979607 17
263 2567.093000 2565.541959 14
264 2575.836000 2575.541959 0
265 2585.931000 2585.461431 20
266 2595.244000 2595.348416 20
267 2605.244000 2605.478117 21
268 2615.042000 2615.398533 28
269 2624.843000 2623.629590 12
270 2635.057000 2633.629590 0
271 2645.270000 2646.731264 27
272 2654.752000 2656.731264 0
273 2664.938000 2665.332417 17
274 2674.439000 2674.588477 10
275 2684.201000 2684.117501 9
276 2693.355000 2698.298767 16
277 2703.021000 2703.300828 21
278 2712.409000 2713.055059 15
279 2722.955000 2723.639312 33
280 2733.351000 2733.346428 33
281 2743.508000 2743.318187 19
282 2753.438000 2752.971303 11
283 2763.906000 2764.687940 9
284 2774.276000 2773.825608 23
285 2783.156000 2783.029150 26
286 2792.350000 2790.299173 12
287 2802.543000 2801.312685 11
288 2812.446000 2811.312685 0
289 2821.794000 2822.771814 17
290 2830.771000 2830.703269 9
291 2841.083000 2844.944232 11
292 2851.257000 2851.450161 12
293 2861.257000 2861.450161 0
294 2871.591000 2871.450161 0
295 2880.480000 2881.106327 12
296 2890.480000 2890.361926 13
297 2900.383000 2900.372254 27
298 2910.232000 2909.286456 15
299 2920.525000 2920.645716 17
300 2930.148000 2930.207593 33
301 2939.843000 2939.922242 23
302 2949.985000 2952.897572 11
303 2959.411000 2959.914463 18
304 2969.411000 2968.179599 23
305 2979.660000 2979.129216 21
306 2989.373000 2985.973034 10
307 2999.373000 2995.973034 0
308 3009.156000 3020.669044 9
309 3018.995000 3019.965340 25
310 3028.707000 3028.350537 20
311 3038.277000 3036.937759 8
312 3046.041000 3038.077755 8
313 3054.913000 3048.077755 0
314 3064.767000 3065.965826 18
315 3074.767000 3074.463152 25
316 3084.516000 3084.181047 21
317 3092.780000 3092.715901 21
318 3102.278000 3101.980196 20
319 3113.010000 3110.205880 19
320 3122.474000 3081.921950 10
321 3132.329000 3132.461306 22
322 3140.879000 3139.888801 31
323 3150.790000 3150.808346 16
324 3160.555000 3159.151220 15
325 3169.624000 3169.151220 0
326 3177.834000 3179.151220 0
327 3187.548000 3187.864570 21
328 3198.656000 3198.966154 19
329 3208.441000 3208.004287 19
330 3217.491000 3217.296204 19
331 3228.026000 3228.099908 22
332 3238.294000 3238.099908 0
333 3248.222000 3248.573113 9
334 3258.222000 3257.707135 35
335 3267.432000 3267.336461 18
336 3277.002000 3276.734174 33
337 3287.002000 3286.652044 14
338 3297.002000 3260.464536 8
339 3307.002000 3308.536901 23
340 3316.855000 3318.536901 0
341 3326.855000 3328.517589 23
342 3335.816000 3335.242246 12
343 3346.780000 3394.724684 15
344 3357.496000 3358.031025 15
345 3367.780000 3367.835417 31
346 3377.690000 3377.507844 8
347 3387.331000 3387.435477 16
348 3397.331000 3397.306507 21
349 3403.895000 3403.591467 13
350 3413.895000 3412.206718 13
351 3423.625000 3423.849211 20
352 3434.501000 3434.758889 11
353 3444.227000 3444.617060 26
354 3454.999000 3454.796258 18
355 3464.135000 3464.239126 35
356 3474.135000 3450.274481 9
357 3484.135000 3484.361426 20
358 3493.815000 3493.989250 26
359 3503.474000 3503.419486 22
360 3513.133000 3512.827348 25
361 3522.614000 3521.753790 24
362 3532.614000 3531.753790 0
363 3540.698000 3541.148808 15
364 3549.319000 3549.227881 15
365 3560.035000 3559.227881 0
366 3570.427000 3569.227881 0
367 3579.853000 3579.428909 25
368 3588.868000 3587.997200 14
369 3597.758000 3598.554776 15
370 3608.598000 3610.544057 14
371 3619.205000 3619.113075 11
372 3630.495000 3630.420839 28
373 3639.841000 3639.869082 24
374 3650.150000 3649.448449 10
375 3658.773000 3662.467903 14
376 3669.988000 3666.835964 8
377 3675.443000 3676.267932 11
378 3686.082000 3685.983019 27
379 3696.082000 3695.983019 0
380 3707.480000 3718.732322 27
381 3717.480000 3710.411196 31
382 3727.480000 3720.382387 17
383 3737.086000 3740.405837 10
384 3746.943000 3750.517950 13
385 3756.241000 3757.335913 27
386 3766.400000 3765.661360 23
387 3776.400000 3760.719896 16
388 3786.400000 3786.924162 18
389 3795.665000 3795.104085 18
390 3803.874000 3801.484355 21
391 3813.588000 3813.919037 29
392 3823.819000 3823.497169 18
393 3833.460000 3833.497169 0
394 3842.278000 3842.701473 24
395 3852.672000 3852.339767 24
396 3863.100000 3863.985870 15
397 3873.868000 3875.147891 15
398 3883.688000 3882.046270 14
399 3892.560000 3890.285534 13
400 3903.079000 3902.975057 25
401 3913.113000 3913.712585 14
402 3922.683000 3922.342945 24
403 3932.467000 3932.568425 22
404 3942.324000 3942.568425 0
405 3950.945000 3950.521024 13
406 3960.478000 3964.617403 13
407 3970.818000 3971.199119 13
408 3980.709000 3979.749603 9
409 3987.524000 3987.910622 17
410 3997.721000 3998.301381 33
411 4007.827000 4006.858090 24
412 4017.827000 4023.746635 8
413 4027.055000 4026.758278 24
414 4036.481000 4037.220123 22
415 4046.481000 4046.408324 14
416 4055.175000 4055.485353 18
417 4064.458000 4065.485353 0
418 4073.867000 4117.762899 11
419 4082.614000 4101.318287 8
420 4093.775000 4111.318287 0
421 4102.647000 4103.038679 22
422 4111.877000 4112.260613 25
423 4121.715000 4121.597159 32
424 4130.747000 4152.813017 10
425 4140.193000 4140.391803 29
426 4150.031000 4150.210682 14
427 4159.457000 4160.633774 15
428 4170.041000 4169.585671 28
429 4179.827000 4179.536087 32
430 4189.240000 4188.722273 17
431 4198.753000 4199.323537 27
432 4208.351000 4208.545257 31
433 4217.789000 4217.889656 31
434 4227.286000 4227.031089 23
435 4236.999000 4236.788799 17
436 4244.888000 4244.565437 14
437 4254.888000 4251.606562 18
438 4264.439000 4261.606562 0
439 4274.258000 4274.818428 22
440 4284.043000 4284.474916 27
441 4294.402000 4294.393967 27
442 4303.916000 4303.575404 39
443 4313.916000 4310.918829 22
444 4323.916000 4326.274295 10
445 4333.452000 4333.853910 29
446 4343.452000 4344.373018 20
447 4353.696000 4352.602974 19
448 4363.535000 4363.778827 19
449 4373.659000 4373.778827 0
450 4384.141000 4383.778827 0
451 4393.800000 4393.784537 17
452 4403.011000 4403.392846 17
453 4412.922000 4412.267067 21
454 4421.741000 4419.610607 18
455 4431.202000 4429.610607 0
456 4440.558000 4441.638386 31
457 4450.718000 4450.239152 30
458 4460.914000 4460.730388 19
459 4468.980000 4469.261808 21
460 4477.834000 4477.387132 18
461 4487.834000 4486.314526 14
462 4496.760000 4512.181208 8
463 4505.714000 4522.181208 0
464 4514.669000 4590.469118 8
465 4522.896000 4523.777461 10
466 4532.554000 4531.785283 14
467 4540.771000 4541.518399 24
468 4549.692000 4549.471078 34
469 4558.663000 4566.868947 9
470 4568.567000 4574.133663 17
471 4579.446000 4576.536468 12
472 4586.385000 4587.497142 26
473 4596.676000 4597.406721 14
474 4606.008000 4605.725314 29
475 4615.820000 4615.725314 0
476 4624.232000 4623.921730 9
477 4633.843000 4633.646676 30
478 4643.506000 4643.106628 39
479 4652.917000 4651.745166 21
480 4662.917000 4662.860704 33
481 4672.917000 4672.643876 29
