001 0.000000 0.000765 79
002 10.000000 9.896024 29
003 20.000000 19.780285 19
004 30.000000 29.510002 24
005 39.500000 39.483373 23
006 49.500000 49.429387 42
007 59.500000 59.372742 24
008 69.500000 69.528786 47
009 79.500000 79.314881 32
010 89.500000 89.603387 50
011 99.500000 99.412440 48
012 109.500000 109.377397 49
013 119.495000 119.462281 46
014 129.495000 129.306743 67
015 139.495000 139.514341 60
016 149.495000 149.461453 54
017 159.495000 159.490685 74
018 169.495000 169.462695 49
019 179.496000 179.794557 63
020 189.496000 189.588676 62
021 199.496000 199.401397 79
022 209.496000 209.608604 55
023 219.496000 219.360868 47
024 229.496000 229.264838 26
025 239.496000 240.554775 26
026 249.496000 250.447525 17
027 257.833000 261.199690 10
028 268.070000 271.272702 21
029 278.273000 277.010109 21
030 288.681000 275.677085 9
031 299.870000 301.433626 28
032 309.155000 309.818770 13
033 319.459000 319.818770 0
034 327.623000 371.383469 8
035 333.710000 398.961681 9
036 343.710000 328.365655 8
037 353.913000 338.365655 0
038 362.483000 371.884714 9
039 374.999000 372.813720 9
040 385.304000 385.260336 16
041 395.507000 393.943677 12
042 405.814000 405.460043 32
043 416.151000 395.237310 10
044 426.151000 426.763021 9
045 436.526000 436.611487 23
046 446.591000 446.611487 0
047 454.821000 454.777404 19
048 464.821000 464.777404 0
049 473.425000 502.030690 9
050 483.288000 483.303773 19
051 493.185000 494.480137 26
052 502.674000 503.051813 30
053 512.129000 512.028879 16
054 521.822000 519.332316 12
055 532.195000 529.332316 0
056 540.665000 539.332316 0
057 550.665000 554.796238 9
058 560.936000 561.791397 14
059 570.219000 569.577543 21
060 580.219000 579.805096 19
061 590.965000 588.042231 13
062 600.454000 600.674638 18
063 610.340000 612.299365 20
064 620.425000 620.507650 36
065 630.553000 630.383827 18
066 641.140000 640.383827 0
067 650.220000 650.383827 0
068 660.064000 659.971202 34
069 670.064000 669.971202 0
070 679.938000 680.465337 20
071 689.580000 689.670891 39
072 699.835000 699.864089 8
073 709.835000 708.870051 19
074 719.292000 720.411081 10
075 729.031000 730.411081 0
076 738.875000 739.336098 16
077 748.746000 748.145937 9
078 758.152000 758.052737 21
079 767.529000 802.779682 8
080 777.609000 812.779682 0
081 787.844000 787.344016 21
082 798.130000 798.435871 17
083 808.001000 807.728693 17
084 818.288000 817.623115 26
085 828.471000 823.902923 10
086 837.900000 833.902923 0
087 848.134000 843.902923 0
088 857.721000 857.062454 13
089 866.734000 867.455341 11
090 875.852000 876.247417 22
091 885.852000 885.912810 19
092 894.867000 895.912810 0
093 904.998000 905.205545 15
094 914.582000 913.710483 15
095 924.168000 925.047596 12
096 934.168000 933.116560 17
097 943.521000 942.807610 13
098 952.743000 951.683545 22
099 962.718000 977.705427 8
100 972.147000 972.458935 21
101 982.147000 982.104328 34
102 991.915000 991.562662 23
103 1002.124000 1001.076591 20
104 1012.593000 1011.076591 0
105 1022.696000 1022.480851 15
106 1032.179000 1032.962762 16
107 1041.271000 1041.281594 21
108 1051.090000 1050.826793 19
109 1061.324000 1062.629401 16
110 1071.092000 1070.529151 22
111 1081.067000 1078.851381 10
112 1090.341000 1090.739474 8
113 1100.264000 1101.704132 20
114 1110.601000 1110.384304 27
115 1120.188000 1120.000860 16
116 1129.695000 1129.340022 11
117 1139.543000 1140.710606 19
118 1148.939000 1150.102672 14
119 1159.306000 1159.297732 21
120 1168.955000 1168.724153 21
121 1178.580000 1161.787791 8
122 1188.580000 1171.787791 0
123 1198.222000 1200.367905 18
124 1208.379000 1208.516230 9
125 1218.491000 1218.991048 10
126 1228.491000 1278.461488 12
127 1237.938000 1237.340782 10
128 1248.097000 1247.340782 0
129 1257.411000 1237.557573 8
130 1267.338000 1267.325131 11
131 1277.474000 1278.223089 14
132 1287.371000 1288.223089 0
133 1295.957000 1298.223089 0
134 1306.140000 1304.873527 12
135 1316.557000 1314.873527 0
136 1325.905000 1328.416679 10
137 1336.205000 1336.288974 27
138 1346.205000 1345.812610 20
139 1355.472000 1355.402394 20
140 1365.786000 1365.402394 0
141 1375.106000 1375.402394 0
142 1384.732000 1341.493836 10
143 1394.373000 1394.253561 20
144 1403.969000 1403.542597 24
145 1413.772000 1412.723728 14
146 1423.807000 1421.804253 15
147 1432.759000 1431.804253 0
148 1442.185000 1445.616679 12
149 1452.185000 1452.207144 34
150 1461.552000 1462.152308 9
151 1469.403000 1468.438433 8
152 1481.218000 1480.867366 16
153 1491.130000 1490.887793 12
154 1501.296000 1501.593399 12
155 1511.430000 1510.822505 12
156 1521.754000 1520.822505 0
157 1531.842000 1531.225175 9
158 1540.884000 1541.225175 0
159 1551.794000 1551.225175 0
160 1561.076000 1562.272734 26
161 1570.996000 1570.865974 8
162 1580.996000 1582.080089 19
163 1590.875000 1592.080089 0
164 1600.220000 1602.080089 0
165 1609.660000 1632.248775 8
166 1616.952000 1617.284588 22
167 1627.628000 1629.813848 20
168 1638.073000 1637.990958 25
169 1647.976000 1647.700150 16
170 1659.699000 1657.700150 0
171 1669.718000 1669.716375 23
172 1680.298000 1680.205101 22
173 1690.007000 1689.849563 11
174 1700.007000 1699.619289 21
175 1710.047000 1710.754524 16
176 1719.833000 1719.653231 13
177 1729.931000 1729.329078 23
178 1740.105000 1740.099974 15
179 1750.008000 1750.263303 26
180 1759.659000 1759.559705 15
181 1768.983000 1769.559705 0
182 1778.325000 1779.559705 0
183 1786.836000 1784.373818 13
184 1796.991000 1794.373818 0
185 1806.991000 1807.011098 26
186 1817.339000 1817.257492 12
187 1826.856000 1827.036375 41
188 1836.740000 1837.554744 15
189 1847.455000 1847.554744 0
190 1858.635000 1857.554744 0
191 1868.326000 1869.354028 11
192 1878.248000 1878.891431 20
193 1887.920000 1887.114654 28
194 1897.340000 1895.377105 20
195 1905.560000 1906.088191 11
196 1915.773000 1916.088191 0
197 1925.308000 1925.745360 24
198 1935.308000 1935.857021 11
199 1945.308000 1946.053865 16
200 1955.077000 1954.480471 10
201 1964.709000 1952.214604 8
202 1974.265000 1962.214604 0
203 1984.091000 1985.163905 28
204 1994.419000 2075.947518 12
205 2003.917000 2003.529282 16
206 2014.342000 2015.890422 8
207 2024.342000 2024.789815 18
208 2034.748000 2038.447543 8
209 2044.497000 2045.656609 14
210 2052.930000 2059.490446 8
211 2063.510000 2069.569131 13
212 2073.510000 2073.065323 17
213 2083.181000 2082.861709 15
214 2092.775000 2092.049021 16
215 2102.699000 2103.700296 18
216 2113.085000 2113.700296 0
217 2122.582000 2123.142644 18
218 2132.582000 2132.054913 8
219 2142.621000 2142.072884 11
220 2152.621000 2156.108052 14
221 2162.408000 2162.435597 26
222 2171.964000 2172.067703 22
223 2181.132000 2180.789896 18
224 2192.079000 2192.980819 11
225 2201.906000 2201.111805 25
226 2212.564000 2211.111805 0
227 2222.486000 2222.397635 19
228 2231.635000 2231.407577 14
229 2240.552000 2241.832024 8
230 2248.869000 2264.192074 9
231 2259.720000 2260.453790 14
232 2269.584000 2270.453790 0
233 2279.663000 2280.453790 0
234 2289.295000 2289.426866 20
235 2299.140000 2298.200140 17
236 2308.309000 2307.760105 36
237 2318.309000 2317.760105 0
238 2328.433000 2326.760300 14
239 2338.700000 2338.718392 22
240 2348.841000 2348.718392 0
241 2357.638000 2357.297450 23
242 2367.556000 2367.218132 19
243 2377.556000 2376.004120 12
244 2387.492000 2387.089357 20
245 2397.492000 2368.782419 10
246 2407.245000 2407.156619 34
247 2416.888000 2416.836659 15
248 2426.625000 2426.601214 35
249 2436.625000 2436.474943 22
250 2446.625000 2446.474943 0
251 2455.791000 2456.474943 0
252 2465.563000 2466.474943 0
253 2475.219000 2475.841290 33
254 2484.752000 2484.325672 20
255 2494.345000 2559.072946 9
256 2503.590000 2502.150636 10
257 2513.327000 2512.150636 0
258 2522.425000 2522.150636 0
259 2532.425000 2532.150636 0
260 2542.010000 2543.372152 16
261 2551.132000 2550.275428 17
262 2560.594000 2559.248368 25
263 2569.813000 2568.585451 12
264 2579.056000 2578.585451 0
265 2588.033000 2587.381805 22
266 2597.181000 2597.521751 8
267 2607.181000 2607.195589 18
268 2616.802000 2615.871368 28
269 2625.949000 2625.429149 25
270 2635.336000 2611.519583 8
271 2645.336000 2621.519583 0
272 2654.752000 2655.839388 8
273 2664.938000 2666.331540 9
274 2673.879000 2672.521842 8
275 2684.329000 2683.616202 11
276 2693.608000 2696.746631 17
277 2703.396000 2703.013714 16
278 2712.325000 2713.295918 10
279 2723.233000 2723.974780 23
280 2733.586000 2733.116471 9
281 2743.313000 2742.574536 13
282 2753.123000 2752.574536 0
283 2760.110000 2762.574536 0
284 2770.319000 2771.970171 9
285 2780.069000 2780.319799 24
286 2790.069000 2789.620740 18
287 2800.298000 2846.791671 9
288 2810.104000 2809.762235 13
289 2819.480000 2821.127783 17
290 2829.025000 2827.633325 17
291 2839.102000 2840.557760 9
292 2849.021000 2849.809200 12
293 2858.916000 2858.951606 14
294 2869.329000 2868.951606 0
295 2877.668000 2878.951606 0
296 2887.442000 2888.213606 9
297 2897.795000 2897.697470 23
298 2907.293000 2907.243612 19
299 2917.175000 2917.213306 17
300 2926.998000 2914.442322 9
301 2935.746000 2924.442322 0
302 2945.436000 2934.442322 0
303 2955.356000 2955.927340 12
304 2964.522000 2963.133192 14
305 2974.983000 2974.663302 11
306 2985.603000 2984.554309 22
307 2995.729000 2994.554309 0
308 3006.629000 3006.237215 18
309 3014.953000 3016.468908 15
310 3024.823000 3024.126036 22
311 3034.477000 3033.882309 14
312 3043.168000 3043.882309 0
313 3051.342000 3051.451598 24
314 3061.468000 3061.451598 0
315 3071.381000 3071.249218 12
316 3080.242000 3079.151245 12
317 3090.518000 3089.631244 11
318 3099.379000 3099.647940 25
319 3109.614000 3146.237086 8
320 3119.010000 3119.610961 9
321 3128.279000 3128.922343 21
322 3137.870000 3136.365845 18
323 3146.021000 3145.921129 23
324 3155.866000 3155.099073 34
325 3165.193000 3163.711284 8
326 3174.701000 3173.711284 0
327 3184.357000 3185.391491 13
328 3194.357000 3196.422492 11
329 3204.267000 3204.343889 18
330 3213.801000 3214.120424 18
331 3224.560000 3224.547007 14
332 3234.264000 3234.547007 0
333 3244.615000 3243.793675 12
334 3253.814000 3254.832226 16
335 3263.814000 3263.842278 15
336 3273.940000 3273.473569 28
337 3283.138000 3283.473569 0
338 3294.383000 3293.473569 0
339 3302.959000 3303.304855 9
340 3312.556000 3313.792666 13
341 3323.005000 3325.242758 17
342 3334.161000 3333.657398 13
343 3344.480000 3343.914696 14
344 3354.582000 3331.005196 10
345 3364.582000 3366.349852 11
346 3374.424000 3374.920020 12
347 3384.424000 3384.774318 15
348 3394.511000 3394.392516 19
349 3404.275000 3403.646839 15
350 3414.420000 3448.352945 9
351 3423.839000 3458.352945 0
352 3434.227000 3468.352945 0
353 3443.973000 3443.991202 21
354 3454.135000 3453.225922 9
355 3463.796000 3463.602068 26
356 3473.317000 3467.476218 9
357 3483.002000 3482.672353 13
358 3491.710000 3575.762385 17
359 3501.231000 3501.266504 17
360 3511.079000 3510.633150 29
361 3520.698000 3520.629264 30
362 3530.154000 3530.466217 14
363 3539.741000 3540.096632 20
364 3549.838000 3550.096632 0
365 3559.823000 3560.094500 10
366 3571.457000 3571.850070 13
367 3581.369000 3576.233390 13
368 3590.500000 3589.891496 11
369 3600.241000 3599.891496 0
370 3610.648000 3610.267422 10
371 3620.496000 3680.539403 11
372 3631.869000 3631.714478 22
373 3640.968000 3640.273869 17
374 3651.042000 3649.715543 8
375 3660.726000 3659.715543 0
376 3667.063000 3666.129272 8
377 3675.057000 3676.129272 0
378 3686.171000 3685.505844 9
379 3694.652000 3695.505844 0
380 3705.060000 3708.708499 10
381 3715.001000 3712.666211 28
382 3725.044000 3712.609298 23
383 3733.674000 3722.609298 0
384 3743.809000 3744.289953 12
385 3753.461000 3754.202604 19
386 3763.193000 3762.428189 14
387 3772.288000 3756.733824 10
388 3781.697000 3781.934157 23
389 3791.239000 3791.258260 26
390 3799.153000 3800.084049 12
391 3809.153000 3810.322266 17
392 3818.946000 3816.815571 8
393 3828.946000 3823.003194 10
394 3839.290000 3839.732489 17
395 3849.127000 3849.250477 21
396 3859.366000 3859.755886 18
397 3869.880000 3869.959765 24
398 3879.793000 3879.713911 19
399 3889.165000 3879.425198 8
400 3898.538000 3901.306000 15
401 3908.473000 3992.976216 10
402 3918.296000 3918.700087 27
403 3928.034000 3927.455284 9
404 3937.025000 3935.261792 9
405 3945.670000 3945.417000 20
406 3954.797000 3955.417000 0
407 3963.756000 3964.613881 16
408 3975.048000 3974.811132 14
409 3981.645000 3984.811132 0
410 3992.690000 3992.133847 16
411 4002.457000 4001.886853 19
412 4011.982000 4010.533725 26
413 4021.430000 4022.364746 12
414 4030.624000 4032.788099 11
415 4040.513000 4040.805627 17
416 4049.727000 4047.979258 17
417 4058.371000 4057.979258 0
418 4068.258000 4066.815188 10
419 4076.974000 4076.815188 0
420 4085.661000 4086.815188 0
421 4096.585000 4096.890125 15
422 4105.894000 4105.936369 31
423 4115.448000 4113.799419 14
424 4123.311000 4121.850160 14
425 4132.804000 4131.850160 0
426 4142.148000 4143.256509 20
427 4151.574000 4151.029361 11
428 4160.897000 4160.403009 14
429 4170.041000 4170.302429 17
430 4180.202000 4179.516424 22
431 4189.466000 4188.799579 26
432 4198.878000 4200.235366 14
433 4208.352000 4208.481117 11
434 4218.124000 4218.405497 26
435 4228.124000 4227.558989 19
436 4237.399000 4235.949704 10
437 4245.914000 4246.026805 18
438 4255.326000 4256.630106 21
439 4264.948000 4264.793919 24
440 4274.331000 4274.763881 30
441 4284.331000 4284.674995 21
442 4294.866000 4294.616469 18
443 4304.488000 4303.063822 21
444 4314.081000 4339.777992 10
445 4323.524000 4323.295088 15
446 4333.314000 4333.331861 29
447 4342.679000 4342.672839 19
448 4351.252000 4351.554146 18
449 4361.175000 4360.369693 17
450 4371.247000 4387.171985 8
451 4380.061000 4397.171985 0
452 4388.724000 4388.778750 18
453 4397.957000 4398.133391 16
454 4408.286000 4409.100300 18
455 4418.401000 4417.218905 34
456 4427.665000 4427.218905 0
457 4437.586000 4438.812106 18
458 4447.586000 4448.979839 26
459 4457.586000 4456.643476 23
460 4466.965000 4466.955499 33
461 4476.557000 4476.955499 0
462 4485.941000 4486.955499 0
463 4495.941000 4528.242510 9
464 4504.556000 4538.242510 0
465 4514.556000 4548.242510 0
466 4524.310000 4524.447908 13
467 4532.555000 4532.721138 8
468 4542.555000 4538.680557 14
469 4551.201000 4550.294133 22
470 4561.332000 4566.127805 10
471 4572.125000 4576.127805 0
472 4581.268000 4589.160586 9
473 4590.771000 4590.692157 12
474 4600.003000 4641.893425 16
475 4610.003000 4609.720917 31
476 4619.399000 4576.848810 12
477 4627.343000 4628.299006 17
478 4636.335000 4636.605286 29
479 4646.109000 4644.768560 25
480 4655.421000 4654.547484 26
481 4665.421000 4664.804187 38
