001 0.000000 -0.061368 80
002 10.000000 9.844662 29
003 20.000000 20.566298 20
004 30.000000 29.562234 24
005 39.500000 39.484586 22
006 49.500000 49.476802 39
007 59.500000 59.376436 25
008 69.500000 69.546692 43
009 79.500000 79.509408 26
010 89.500000 89.452024 48
011 99.500000 99.394738 51
012 109.500000 109.518523 50
013 119.495000 119.527805 61
014 129.495000 129.385884 77
015 139.495000 139.565373 71
016 149.495000 149.502543 58
017 159.495000 159.522664 83
018 169.495000 169.463443 54
019 179.496000 179.596393 66
020 189.496000 189.565837 68
021 199.496000 199.516468 70
022 209.496000 209.460594 56
023 219.496000 219.420990 59
024 229.496000 229.213441 28
025 239.496000 240.881815 26
026 249.496000 250.235892 22
027 257.833000 260.636373 13
028 268.070000 269.520307 22
029 278.273000 277.990835 21
030 288.681000 285.366163 11
031 299.870000 301.155548 30
032 309.155000 308.801928 18
033 319.459000 318.801928 0
034 327.623000 328.801928 0
035 333.710000 397.265613 13
036 343.710000 407.265613 0
037 353.913000 367.657126 8
038 362.483000 371.619074 9
039 374.999000 373.484819 9
040 385.304000 385.362063 14
041 395.507000 395.818638 18
042 405.814000 405.571622 40
043 416.151000 395.140754 13
044 426.151000 426.581799 10
045 436.526000 436.749187 18
046 446.591000 446.749187 0
047 454.821000 454.251003 16
048 464.821000 464.251003 0
049 473.425000 474.251003 0
050 483.288000 482.648687 14
051 493.185000 493.779657 25
052 502.674000 503.203462 23
053 512.129000 512.080820 13
054 521.822000 519.076602 15
055 532.195000 530.776724 14
056 540.665000 540.776724 0
057 550.665000 550.776724 0
058 560.936000 562.724217 11
059 570.219000 569.487378 28
060 580.219000 579.576595 14
061 590.965000 626.917815 9
062 600.454000 600.681802 19
063 610.340000 612.113367 17
064 620.425000 621.227407 35
065 630.553000 630.825409 15
066 641.140000 640.825409 0
067 650.220000 650.825409 0
068 660.064000 660.956773 19
069 670.064000 670.956773 0
070 679.938000 679.460069 20
071 689.580000 689.746156 35
072 699.835000 699.850214 10
073 709.835000 709.361736 15
074 719.292000 719.370776 8
075 729.031000 729.370776 0
076 738.875000 738.715842 17
077 748.746000 749.424879 13
078 758.152000 756.585902 15
079 767.529000 803.487926 14
080 777.609000 813.487926 0
081 787.844000 788.514317 17
082 798.130000 798.203594 28
083 808.001000 807.037646 14
084 818.288000 819.216980 36
085 828.471000 827.037813 22
086 837.900000 841.814628 10
087 848.134000 849.554430 17
088 857.721000 857.093456 11
089 866.734000 867.306314 11
090 875.852000 876.489658 25
091 885.852000 885.765088 18
092 894.867000 870.913088 8
093 904.998000 905.230925 17
094 914.582000 914.400248 21
095 924.168000 925.152271 18
096 934.168000 933.865532 18
097 943.521000 943.865532 0
098 952.743000 952.590231 21
099 962.718000 962.246090 15
100 972.147000 972.973608 21
101 982.147000 981.596019 31
102 991.915000 991.865519 25
103 1002.124000 1001.032463 17
104 1012.593000 1042.924774 8
105 1022.696000 1022.127850 12
106 1032.179000 1032.676511 16
107 1041.271000 1041.665828 27
108 1051.090000 1051.266999 27
109 1061.324000 1062.045494 16
110 1071.092000 1071.153321 25
111 1081.067000 1081.153321 0
112 1090.341000 1091.153321 0
113 1100.264000 1104.725858 13
114 1110.601000 1110.638091 21
115 1120.188000 1120.184136 17
116 1129.695000 1129.581814 14
117 1139.543000 1139.974776 20
118 1148.939000 1148.604776 19
119 1159.306000 1159.378806 15
120 1168.955000 1168.646661 16
121 1178.580000 1178.646661 0
122 1188.580000 1188.646661 0
123 1198.222000 1199.484945 13
124 1208.379000 1208.554033 12
125 1218.491000 1221.493421 13
126 1228.491000 1227.900384 12
127 1237.938000 1238.849584 18
128 1248.097000 1248.849584 0
129 1257.411000 1258.849584 0
130 1267.338000 1267.620805 12
131 1277.474000 1278.311567 11
132 1287.371000 1287.245852 8
133 1295.957000 1280.798754 8
134 1306.140000 1290.798754 0
135 1316.557000 1300.798754 0
136 1325.905000 1326.398849 14
137 1336.205000 1336.365412 25
138 1346.205000 1345.683240 21
139 1355.472000 1355.592662 14
140 1365.786000 1365.592662 0
141 1375.106000 1375.592662 0
142 1384.732000 1341.031463 9
143 1394.373000 1394.551249 18
144 1403.969000 1404.171572 19
145 1413.772000 1413.005271 11
146 1423.807000 1421.444076 14
147 1432.759000 1431.444076 0
148 1442.185000 1441.444076 0
149 1452.185000 1452.171813 24
150 1461.552000 1459.768562 8
151 1469.403000 1469.768562 0
152 1481.218000 1481.769149 8
153 1491.130000 1490.826244 13
154 1501.296000 1500.826244 0
155 1511.430000 1512.077804 10
156 1521.754000 1522.263382 13
157 1531.842000 1532.263382 0
158 1540.884000 1542.263382 0
159 1551.794000 1550.529930 13
160 1561.076000 1561.223882 17
161 1570.996000 1571.410731 15
162 1580.996000 1581.455950 25
163 1590.875000 1591.455950 0
164 1600.220000 1601.455950 0
165 1609.660000 1611.455950 0
166 1616.952000 1617.256723 18
167 1627.628000 1634.303038 12
168 1638.073000 1637.546564 14
169 1647.976000 1647.546564 0
170 1659.699000 1657.546564 0
171 1669.718000 1669.579351 12
172 1680.298000 1681.116183 17
173 1690.007000 1691.115979 15
174 1700.007000 1700.450475 23
175 1710.047000 1709.957807 18
176 1719.833000 1777.714110 11
177 1729.931000 1729.906988 13
178 1740.105000 1740.052543 24
179 1750.008000 1749.929910 24
180 1759.659000 1759.565387 14
181 1768.983000 1770.920563 13
182 1778.325000 1775.232780 12
183 1786.836000 1786.323547 14
184 1796.991000 1796.323547 0
185 1806.991000 1807.750141 15
186 1817.339000 1817.789999 14
187 1826.856000 1826.740506 31
188 1836.740000 1837.546640 14
189 1847.455000 1836.546112 8
190 1858.635000 1846.546112 0
191 1868.326000 1872.099504 12
192 1878.248000 1879.024153 19
193 1887.920000 1887.350939 27
194 1897.340000 1896.266572 20
195 1905.560000 1953.838373 8
196 1915.773000 1963.838373 0
197 1925.308000 1925.425249 20
198 1935.308000 1937.181142 12
199 1945.308000 1945.779691 11
200 1955.077000 1953.085566 12
201 1964.709000 1963.085566 0
202 1974.265000 1978.147917 11
203 1984.091000 1984.459874 25
204 1994.419000 1993.792574 11
205 2003.917000 2003.222390 20
206 2014.342000 2013.222390 0
207 2024.342000 2024.816583 20
208 2034.748000 2034.816583 0
209 2044.497000 2046.551079 9
210 2052.930000 2052.459891 11
211 2063.510000 2062.328328 17
212 2073.510000 2073.053093 21
213 2083.181000 2083.053093 0
214 2092.775000 2093.053093 0
215 2102.699000 2103.069674 22
216 2113.085000 2113.751324 10
217 2122.582000 2122.690491 28
218 2132.582000 2132.700350 10
219 2142.621000 2142.832424 19
220 2152.621000 2147.532334 10
221 2162.408000 2162.430723 22
222 2171.964000 2171.780544 23
223 2181.132000 2179.755018 14
224 2192.079000 2193.017090 11
225 2201.906000 2201.951126 30
226 2212.564000 2211.951126 0
227 2222.486000 2222.133203 28
228 2231.635000 2232.593194 13
229 2240.552000 2239.277311 15
230 2248.869000 2249.277311 0
231 2259.720000 2260.518592 18
232 2269.584000 2270.518592 0
233 2279.663000 2280.518592 0
234 2289.295000 2289.524554 21
235 2299.140000 2297.400507 29
236 2308.309000 2308.005152 27
237 2318.309000 2318.005152 0
238 2328.433000 2326.594734 13
239 2338.700000 2339.186499 25
240 2348.841000 2350.555601 12
241 2357.638000 2359.058908 9
242 2367.556000 2368.451155 18
243 2377.556000 2376.352169 10
244 2387.492000 2387.739549 28
245 2397.492000 2397.739549 0
246 2407.245000 2407.612124 28
247 2416.888000 2417.003185 14
248 2426.625000 2427.070859 29
249 2436.625000 2436.990360 23
250 2446.625000 2446.990360 0
251 2455.791000 2456.990360 0
252 2465.563000 2466.990360 0
253 2475.219000 2475.705503 22
254 2484.752000 2484.274163 16
255 2494.345000 2558.019109 9
256 2503.590000 2503.295424 12
257 2513.327000 2513.295424 0
258 2522.425000 2527.327225 11
259 2532.425000 2537.895478 8
260 2542.010000 2541.475859 17
261 2551.132000 2550.991601 22
262 2560.594000 2559.237939 26
263 2569.813000 2566.957279 9
264 2579.056000 2576.957279 0
265 2588.033000 2587.353219 25
266 2597.181000 2597.037951 14
267 2607.181000 2607.574325 13
268 2616.802000 2616.539094 24
269 2625.949000 2624.763863 20
270 2635.336000 2613.745763 12
271 2645.336000 2623.745763 0
272 2654.752000 2654.893916 8
273 2664.938000 2666.121330 17
274 2673.879000 2673.387226 10
275 2684.329000 2684.121748 19
276 2693.608000 2692.904618 23
277 2703.396000 2703.276550 15
278 2712.325000 2712.871039 14
279 2723.233000 2724.082163 31
280 2733.586000 2733.445616 14
281 2743.313000 2743.108171 18
282 2753.123000 2753.108171 0
283 2760.110000 2760.601736 12
284 2770.319000 2770.697451 10
285 2780.069000 2780.044266 23
286 2790.069000 2789.681730 15
287 2800.298000 2795.013473 9
288 2810.104000 2809.928940 20
289 2819.480000 2820.160729 25
290 2829.025000 2827.416208 15
291 2839.102000 2909.920792 10
292 2849.021000 2849.321006 18
293 2858.916000 2857.910156 15
294 2869.329000 2867.910156 0
295 2877.668000 2877.910156 0
296 2887.442000 2888.441064 11
297 2897.795000 2897.559506 21
298 2907.293000 2907.543521 15
299 2917.175000 2917.110465 21
300 2926.998000 2927.110465 0
301 2935.746000 2937.110465 0
302 2945.436000 2947.110465 0
303 2955.356000 2956.574724 17
304 2964.522000 2963.824756 15
305 2974.983000 2974.951736 12
306 2985.603000 2984.571308 19
307 2995.729000 2994.571308 0
308 3006.629000 3004.571308 0
309 3014.953000 3017.047156 12
310 3024.823000 3025.540352 12
311 3034.477000 3032.863948 8
312 3043.168000 3042.514780 13
313 3051.342000 3093.788220 9
314 3061.468000 3061.522250 17
315 3071.381000 3071.172102 26
316 3080.242000 3080.266124 14
317 3090.518000 3089.705659 9
318 3099.379000 3099.732406 24
319 3109.614000 3109.383942 14
320 3119.010000 3119.383942 0
321 3128.279000 3128.499949 30
322 3137.870000 3137.343315 18
323 3146.021000 3146.218313 20
324 3155.866000 3155.000578 25
325 3165.193000 3163.018635 9
326 3174.701000 3173.018635 0
327 3184.357000 3184.206975 16
328 3194.357000 3194.553993 15
329 3204.267000 3204.405677 21
330 3213.801000 3213.718038 18
331 3224.560000 3223.982484 15
332 3234.264000 3257.681122 9
333 3244.615000 3244.331719 17
334 3253.814000 3254.510566 14
335 3263.814000 3263.035428 22
336 3273.940000 3274.170918 20
337 3283.138000 3284.170918 0
338 3294.383000 3294.170918 0
339 3302.959000 3304.170918 0
340 3312.556000 3313.106627 9
341 3323.005000 3326.694892 15
342 3334.161000 3333.174394 12
343 3344.480000 3343.174394 0
344 3354.582000 3353.174394 0
345 3364.582000 3363.174394 0
346 3374.424000 3374.852569 15
347 3384.424000 3385.004901 13
348 3394.511000 3394.568886 19
349 3404.275000 3402.648378 13
350 3414.420000 3412.648378 0
351 3423.839000 3422.648378 0
352 3434.227000 3432.648378 0
353 3443.973000 3443.927057 22
354 3454.135000 3453.746551 21
355 3463.796000 3463.399843 27
356 3473.317000 3448.250837 9
357 3483.002000 3482.863437 16
358 3491.710000 3491.041831 20
359 3501.231000 3501.366154 18
360 3511.079000 3510.794573 30
361 3520.698000 3520.724187 32
362 3530.154000 3530.724187 0
363 3539.741000 3540.185262 11
364 3549.838000 3550.185262 0
365 3559.823000 3560.185262 0
366 3571.457000 3571.884216 12
367 3581.369000 3577.962915 16
368 3590.500000 3589.368384 11
369 3600.241000 3599.368384 0
370 3610.648000 3610.479513 12
371 3620.496000 3619.636136 10
372 3631.869000 3631.745586 27
373 3640.968000 3640.901271 19
374 3651.042000 3649.917888 12
375 3660.726000 3659.917888 0
376 3667.063000 3664.598166 13
377 3675.057000 3674.598166 0
378 3686.171000 3685.222467 20
379 3694.652000 3695.222467 0
380 3705.060000 3718.424227 11
381 3715.001000 3711.820697 29
382 3725.044000 3711.041074 24
383 3733.674000 3721.041074 0
384 3743.809000 3742.395794 14
385 3753.461000 3755.260228 20
386 3763.193000 3760.225417 8
387 3772.288000 3756.650822 12
388 3781.697000 3782.526459 23
389 3791.239000 3791.540225 16
390 3799.153000 3799.518536 14
391 3809.153000 3809.884406 12
392 3818.946000 3819.088874 10
393 3828.946000 3829.088874 0
394 3839.290000 3840.281526 21
395 3849.127000 3849.325845 20
396 3859.366000 3859.558771 19
397 3869.880000 3870.009730 22
398 3879.793000 3879.230272 14
399 3889.165000 3888.946918 23
400 3898.538000 3854.963756 9
401 3908.473000 3909.212638 13
402 3918.296000 3918.464354 22
403 3928.034000 3928.464354 0
404 3937.025000 3936.142067 16
405 3945.670000 3946.044061 26
406 3954.797000 3951.657703 15
407 3963.756000 3966.187568 11
408 3975.048000 3975.063255 19
409 3981.645000 3985.063255 0
410 3992.690000 3992.873549 19
411 4002.457000 4002.175440 20
412 4011.982000 4008.875171 17
413 4021.430000 4018.875171 0
414 4030.624000 4032.429041 16
415 4040.513000 4040.209171 14
416 4049.727000 4048.418831 16
417 4058.371000 4058.418831 0
418 4068.258000 4067.140583 8
419 4076.974000 4077.140583 0
420 4085.661000 4085.806518 8
421 4096.585000 4097.655548 17
422 4105.894000 4106.073376 26
423 4115.448000 4114.090198 16
424 4123.311000 4122.170139 22
425 4132.804000 4130.672645 8
426 4142.148000 4143.576534 24
427 4151.574000 4150.871200 14
428 4160.897000 4160.326776 17
429 4170.041000 4170.077883 18
430 4180.202000 4179.576146 22
431 4189.466000 4187.096361 24
432 4198.878000 4197.096361 0
433 4208.352000 4208.414289 16
434 4218.124000 4218.565582 27
435 4228.124000 4227.629600 19
436 4237.399000 4285.307253 11
437 4245.914000 4245.872826 22
438 4255.326000 4260.697778 8
439 4264.948000 4264.858552 16
440 4274.331000 4274.935043 30
441 4284.331000 4284.869475 22
442 4294.866000 4294.784586 22
443 4304.488000 4303.895945 33
444 4314.081000 4301.000536 14
445 4323.524000 4324.315093 14
446 4333.314000 4334.006246 31
447 4342.679000 4342.900184 28
448 4351.252000 4352.655642 14
449 4361.175000 4360.797426 18
450 4371.247000 4370.797426 0
451 4380.061000 4380.334985 16
452 4388.724000 4389.060234 25
453 4397.957000 4398.542034 19
454 4408.286000 4408.442148 14
455 4418.401000 4417.179070 29
456 4427.665000 4427.179070 0
457 4437.586000 4438.498985 26
458 4447.586000 4447.709625 28
459 4457.586000 4457.212886 24
460 4466.965000 4467.267923 28
461 4476.557000 4476.612805 9
462 4485.941000 4486.612805 0
463 4495.941000 4524.594570 10
464 4504.556000 4534.594570 0
465 4514.556000 4514.866921 11
466 4524.310000 4523.188799 10
467 4532.555000 4532.441563 8
468 4542.555000 4537.757685 12
469 4551.201000 4549.744574 23
470 4561.332000 4559.744574 0
471 4572.125000 4569.744574 0
472 4581.268000 4589.756567 9
473 4590.771000 4591.168209 14
474 4600.003000 4642.426540 13
475 4610.003000 4609.480203 22
476 4619.399000 4577.199770 13
477 4627.343000 4629.095702 11
478 4636.335000 4636.405295 24
479 4646.109000 4645.987027 20
480 4655.421000 4654.762933 16
481 4665.421000 4664.871405 32
