001 0.000000 -0.182522 82
002 10.000000 9.951295 29
003 20.000000 20.369845 21
004 30.000000 29.753124 26
005 39.500000 39.487429 23
006 49.500000 49.382570 46
007 59.500000 59.448859 26
008 69.500000 69.478399 45
009 79.500000 79.446764 27
010 89.500000 89.432834 48
011 99.500000 99.610435 48
012 109.500000 109.475568 45
013 119.495000 119.687744 46
014 129.495000 129.394259 74
015 139.495000 139.520890 67
016 149.495000 149.504267 54
017 159.495000 159.474155 83
018 169.495000 169.463562 55
019 179.496000 179.533987 59
020 189.496000 189.452777 58
021 199.496000 199.455978 72
022 209.496000 209.461205 48
023 219.496000 219.436411 52
024 229.496000 228.958887 30
025 239.496000 230.491246 25
026 249.496000 230.421917 15
027 257.833000 260.697189 12
028 268.070000 268.497184 20
029 278.273000 278.383858 23
030 288.681000 282.112988 8
031 299.870000 300.347923 35
032 309.155000 308.717966 17
033 319.459000 318.717966 0
034 327.623000 324.198878 9
035 333.710000 394.666212 11
036 343.710000 404.666212 0
037 353.913000 367.347164 9
038 362.483000 372.262644 12
039 374.999000 454.307687 9
040 385.304000 384.875564 18
041 395.507000 395.703080 13
042 405.814000 406.023029 30
043 416.151000 400.682966 9
044 426.151000 410.682966 0
045 436.526000 437.210699 18
046 446.591000 402.775645 9
047 454.821000 412.775645 0
048 464.821000 422.775645 0
049 473.425000 432.775645 0
050 483.288000 483.440054 12
051 493.185000 494.221943 24
052 502.674000 502.214862 24
053 512.129000 512.065667 14
054 521.822000 521.785415 16
055 532.195000 531.801790 12
056 540.665000 541.801790 0
057 550.665000 555.362795 8
058 560.936000 561.988272 16
059 570.219000 570.455997 21
060 580.219000 580.455997 0
061 590.965000 590.455997 0
062 600.454000 601.739346 15
063 610.340000 613.997225 14
064 620.425000 620.978155 27
065 630.553000 630.950438 10
066 641.140000 641.870749 12
067 650.220000 651.870749 0
068 660.064000 661.389284 11
069 670.064000 671.389284 0
070 679.938000 679.636630 19
071 689.580000 689.361401 30
072 699.835000 698.446263 10
073 709.835000 708.532512 15
074 719.292000 718.532512 0
075 729.031000 729.808882 14
076 738.875000 739.149969 9
077 748.746000 749.609444 10
078 758.152000 758.035629 27
079 767.529000 802.408676 8
080 777.609000 812.408676 0
081 787.844000 788.346694 13
082 798.130000 797.996899 26
083 808.001000 807.201560 17
084 818.288000 818.126764 24
085 828.471000 828.058922 21
086 837.900000 838.043272 12
087 848.134000 848.480975 12
088 857.721000 857.684599 15
089 866.734000 908.477183 14
090 875.852000 876.143079 22
091 885.852000 885.542005 13
092 894.867000 897.968277 16
093 904.998000 905.198435 16
094 914.582000 914.590094 17
095 924.168000 925.279087 18
096 934.168000 933.924459 16
097 943.521000 943.924459 0
098 952.743000 951.749705 22
099 962.718000 961.749705 0
100 972.147000 973.077555 17
101 982.147000 982.108277 24
102 991.915000 991.952878 26
103 1002.124000 1001.086855 14
104 1012.593000 1011.086855 0
105 1022.696000 999.129559 8
106 1032.179000 1033.837865 14
107 1041.271000 1042.050261 25
108 1051.090000 1051.004458 23
109 1061.324000 1061.004458 0
110 1071.092000 1109.199111 14
111 1081.067000 1119.199111 0
112 1090.341000 1090.305363 11
113 1100.264000 1102.454922 21
114 1110.601000 1110.069738 22
115 1120.188000 1119.775855 11
116 1129.695000 1129.251680 12
117 1139.543000 1140.195473 22
118 1148.939000 1149.057248 21
119 1159.306000 1159.233338 15
120 1168.955000 1168.709498 19
121 1178.580000 1177.651700 9
122 1188.580000 1187.651700 0
123 1198.222000 1199.728842 13
124 1208.379000 1208.845687 14
125 1218.491000 1219.515591 11
126 1228.491000 1228.709475 13
127 1237.938000 1237.733845 15
128 1248.097000 1275.678136 10
129 1257.411000 1285.678136 0
130 1267.338000 1269.152405 9
131 1277.474000 1276.290985 18
132 1287.371000 1286.771283 11
133 1295.957000 1296.771283 0
134 1306.140000 1306.135084 11
135 1316.557000 1316.135084 0
136 1325.905000 1326.784160 17
137 1336.205000 1336.046637 27
138 1346.205000 1345.843059 28
139 1355.472000 1354.964321 19
140 1365.786000 1364.964321 0
141 1375.106000 1374.964321 0
142 1384.732000 1340.622001 8
143 1394.373000 1394.242789 19
144 1403.969000 1404.105090 28
145 1413.772000 1413.776857 14
146 1423.807000 1421.174297 12
147 1432.759000 1450.419717 9
148 1442.185000 1444.858035 16
149 1452.185000 1452.453278 30
150 1461.552000 1461.195152 14
151 1469.403000 1471.195152 0
152 1481.218000 1481.915124 13
153 1491.130000 1490.498284 16
154 1501.296000 1502.006923 9
155 1511.430000 1512.006923 0
156 1521.754000 1522.006923 0
157 1531.842000 1532.006923 0
158 1540.884000 1542.006923 0
159 1551.794000 1551.473418 11
160 1561.076000 1561.356312 24
161 1570.996000 1572.409345 16
162 1580.996000 1581.175668 22
163 1590.875000 1591.175668 0
164 1600.220000 1601.175668 0
165 1609.660000 1611.175668 0
166 1616.952000 1621.175668 0
167 1627.628000 1633.863831 12
168 1638.073000 1638.302384 24
169 1647.976000 1647.479518 11
170 1659.699000 1657.479518 0
171 1669.718000 1669.438458 21
172 1680.298000 1679.834838 17
173 1690.007000 1689.110707 20
174 1700.007000 1699.183114 22
175 1710.047000 1710.825901 20
176 1719.833000 1774.435597 11
177 1729.931000 1728.910016 12
178 1740.105000 1740.069782 15
179 1750.008000 1750.477791 29
180 1759.659000 1759.546491 15
181 1768.983000 1769.767432 12
182 1778.325000 1777.627207 12
183 1786.836000 1819.187974 9
184 1796.991000 1829.187974 0
185 1806.991000 1807.917127 15
186 1817.339000 1818.933943 9
187 1826.856000 1826.803530 34
188 1836.740000 1838.660705 19
189 1847.455000 1848.660705 0
190 1858.635000 1858.660705 0
191 1868.326000 1869.646438 19
192 1878.248000 1878.906763 18
193 1887.920000 1887.699196 24
194 1897.340000 1895.681637 16
195 1905.560000 1906.228611 8
196 1915.773000 1920.201511 15
197 1925.308000 1925.744802 30
198 1935.308000 1934.852168 11
199 1945.308000 1945.248286 12
200 1955.077000 1954.282197 10
201 1964.709000 1964.282197 0
202 1974.265000 1974.282197 0
203 1984.091000 1984.474199 23
204 1994.419000 2073.572323 11
205 2003.917000 2003.015346 13
206 2014.342000 2015.231476 9
207 2024.342000 2024.466525 11
208 2034.748000 2034.466525 0
209 2044.497000 2043.921518 15
210 2052.930000 2063.156752 9
211 2063.510000 2065.902203 19
212 2073.510000 2074.368466 25
213 2083.181000 2083.221080 19
214 2092.775000 2088.262301 9
215 2102.699000 2103.335124 14
216 2113.085000 2113.470534 11
217 2122.582000 2122.885015 25
218 2132.582000 2132.765449 10
219 2142.621000 2142.580112 13
220 2152.621000 2152.580112 0
221 2162.408000 2162.014205 17
222 2171.964000 2171.518476 21
223 2181.132000 2181.652700 15
224 2192.079000 2192.477885 14
225 2201.906000 2201.423503 32
226 2212.564000 2210.355487 19
227 2222.486000 2221.884145 36
228 2231.635000 2231.330062 20
229 2240.552000 2240.394105 9
230 2248.869000 2312.880973 8
231 2259.720000 2260.019241 14
232 2269.584000 2270.019241 0
233 2279.663000 2280.796882 9
234 2289.295000 2290.086866 22
235 2299.140000 2298.206679 24
236 2308.309000 2307.968399 30
237 2318.309000 2317.466643 9
238 2328.433000 2327.466643 0
239 2338.700000 2338.124386 22
240 2348.841000 2348.124386 0
241 2357.638000 2358.833773 15
242 2367.556000 2369.357583 10
243 2377.556000 2372.271963 9
244 2387.492000 2387.437102 17
245 2397.492000 2397.437102 0
246 2407.245000 2407.196999 37
247 2416.888000 2416.720492 23
248 2426.625000 2426.376048 33
249 2436.625000 2437.025723 26
250 2446.625000 2447.025723 0
251 2455.791000 2477.675458 9
252 2465.563000 2487.675458 0
253 2475.219000 2475.339564 33
254 2484.752000 2484.525660 21
255 2494.345000 2494.525660 0
256 2503.590000 2503.119641 11
257 2513.327000 2513.119641 0
258 2522.425000 2532.142551 10
259 2532.425000 2534.805191 11
260 2542.010000 2542.508325 18
261 2551.132000 2552.618397 20
262 2560.594000 2558.850847 24
263 2569.813000 2567.915472 13
264 2579.056000 2577.915472 0
265 2588.033000 2587.925217 25
266 2597.181000 2597.092134 10
267 2607.181000 2607.036518 15
268 2616.802000 2615.735874 25
269 2625.949000 2625.643582 13
270 2635.336000 2635.643582 0
271 2645.336000 2646.101246 14
272 2654.752000 2709.622287 10
273 2664.938000 2664.665098 16
274 2673.879000 2673.140558 11
275 2684.329000 2683.608000 11
276 2693.608000 2681.951416 11
277 2703.396000 2703.853245 17
278 2712.325000 2713.190909 11
279 2723.233000 2723.289533 24
280 2733.586000 2733.486142 9
281 2743.313000 2742.125649 18
282 2753.123000 2752.125649 0
283 2760.110000 2760.250833 12
284 2770.319000 2770.714040 9
285 2780.069000 2779.503913 22
286 2790.069000 2789.773749 13
287 2800.298000 2798.902787 16
288 2810.104000 2810.042253 24
289 2819.480000 2819.724814 26
290 2829.025000 2826.811131 21
291 2839.102000 2836.811131 0
292 2849.021000 2848.702713 15
293 2858.916000 2858.498719 15
294 2869.329000 2868.498719 0
295 2877.668000 2878.498719 0
296 2887.442000 2888.671328 16
297 2897.795000 2897.675424 28
298 2907.293000 2907.158436 12
299 2917.175000 2916.931778 29
300 2926.998000 2912.760483 9
301 2935.746000 2932.311947 14
302 2945.436000 2946.893605 13
303 2955.356000 2955.762842 17
304 2964.522000 2962.569601 9
305 2974.983000 2974.753758 9
306 2985.603000 2984.444513 25
307 2995.729000 2994.444513 0
308 3006.629000 3006.070466 15
309 3014.953000 3016.523501 11
310 3024.823000 3025.843501 18
311 3034.477000 3034.301954 13
312 3043.168000 3041.970016 12
313 3051.342000 3051.206532 28
314 3061.468000 3061.206532 0
315 3071.381000 3070.743805 14
316 3080.242000 3081.429967 12
317 3090.518000 3088.417328 11
318 3099.379000 3099.551610 21
319 3109.614000 3108.932707 17
320 3119.010000 3118.932707 0
321 3128.279000 3128.980921 20
322 3137.870000 3138.181580 16
323 3146.021000 3146.356020 22
324 3155.866000 3155.864014 30
325 3165.193000 3159.196872 10
326 3174.701000 3169.196872 0
327 3184.357000 3184.507457 15
328 3194.357000 3195.381635 16
329 3204.267000 3204.326925 20
330 3213.801000 3213.931427 17
331 3224.560000 3224.119263 12
332 3234.264000 3234.119263 0
333 3244.615000 3244.380824 16
334 3253.814000 3254.030379 17
335 3263.814000 3264.311483 21
336 3273.940000 3273.694683 28
337 3283.138000 3282.760619 11
338 3294.383000 3292.760619 0
339 3302.959000 3303.255031 12
340 3312.556000 3313.592827 12
341 3323.005000 3326.169486 13
342 3334.161000 3333.179812 11
343 3344.480000 3343.301388 14
344 3354.582000 3353.301388 0
345 3364.582000 3365.855141 16
346 3374.424000 3374.713007 11
347 3384.424000 3384.948103 16
348 3394.511000 3394.787756 15
349 3404.275000 3402.155535 18
350 3414.420000 3412.155535 0
351 3423.839000 3422.155535 0
352 3434.227000 3432.155535 0
353 3443.973000 3444.552023 21
354 3454.135000 3454.467397 19
355 3463.796000 3463.464938 23
356 3473.317000 3473.464938 0
357 3483.002000 3450.394816 14
358 3491.710000 3493.509335 14
359 3501.231000 3501.545991 18
360 3511.079000 3510.652322 14
361 3520.698000 3520.831912 21
362 3530.154000 3529.453884 12
363 3539.741000 3539.347210 23
364 3549.838000 3549.347210 0
365 3559.823000 3560.103047 8
366 3571.457000 3571.521617 12
367 3581.369000 3578.700064 17
368 3590.500000 3590.779640 12
369 3600.241000 3600.779640 0
370 3610.648000 3610.377459 10
371 3620.496000 3619.615731 12
372 3631.869000 3631.971279 31
373 3640.968000 3640.830473 19
374 3651.042000 3649.933099 14
375 3660.726000 3659.933099 0
376 3667.063000 3666.033233 10
377 3675.057000 3676.033233 0
378 3686.171000 3685.922174 13
379 3694.652000 3695.922174 0
380 3705.060000 3708.811538 11
381 3715.001000 3712.704036 26
382 3725.044000 3712.531613 22
383 3733.674000 3722.531613 0
384 3743.809000 3748.064178 10
385 3753.461000 3754.220574 21
386 3763.193000 3762.346396 13
387 3772.288000 3790.521619 10
388 3781.697000 3781.960468 30
389 3791.239000 3791.070619 30
390 3799.153000 3801.722040 15
391 3809.153000 3809.772091 12
392 3818.946000 3819.772091 0
393 3828.946000 3867.494330 8
394 3839.290000 3839.331301 26
395 3849.127000 3849.462873 18
396 3859.366000 3858.701963 19
397 3869.880000 3870.015753 26
398 3879.793000 3879.430142 19
399 3889.165000 3888.569429 20
400 3898.538000 3901.732557 12
401 3908.473000 3909.574147 13
402 3918.296000 3918.156509 33
403 3928.034000 3926.898614 10
404 3937.025000 3936.366789 14
405 3945.670000 3945.362498 24
406 3954.797000 3955.362498 0
407 3963.756000 3966.650803 13
408 3975.048000 3974.136273 12
409 3981.645000 3984.136273 0
410 3992.690000 3992.836012 16
411 4002.457000 4001.200842 13
412 4011.982000 4011.316120 12
413 4021.430000 4020.507560 9
414 4030.624000 4030.507560 0
415 4040.513000 4040.472913 14
416 4049.727000 4047.938078 20
417 4058.371000 4059.315256 10
418 4068.258000 4069.315256 0
419 4076.974000 4079.315256 0
420 4085.661000 4089.315256 0
421 4096.585000 4097.669702 18
422 4105.894000 4105.828354 29
423 4115.448000 4114.396910 17
424 4123.311000 4121.937961 17
425 4132.804000 4131.900223 13
426 4142.148000 4143.337734 14
427 4151.574000 4151.104224 11
428 4160.897000 4160.656519 10
429 4170.041000 4169.961118 16
430 4180.202000 4178.959952 19
431 4189.466000 4187.843735 19
432 4198.878000 4199.404862 14
433 4208.352000 4207.564523 13
434 4218.124000 4219.355727 25
435 4228.124000 4228.135886 22
436 4237.399000 4293.612207 8
437 4245.914000 4294.970679 11
438 4255.326000 4258.605683 16
439 4264.948000 4264.942337 11
440 4274.331000 4275.481265 21
441 4284.331000 4284.732499 16
442 4294.866000 4294.512092 13
443 4304.488000 4303.446405 27
444 4314.081000 4313.446405 0
445 4323.524000 4325.028262 11
446 4333.314000 4333.292136 19
447 4342.679000 4343.413859 24
448 4351.252000 4351.849787 18
449 4361.175000 4361.161430 18
450 4371.247000 4359.550231 9
451 4380.061000 4369.550231 0
452 4388.724000 4387.490570 14
453 4397.957000 4398.363750 15
454 4408.286000 4465.612522 8
455 4418.401000 4417.404273 21
456 4427.665000 4427.404273 0
457 4437.586000 4438.250242 20
458 4447.586000 4448.160271 24
459 4457.586000 4456.362288 23
460 4466.965000 4467.301687 27
461 4476.557000 4475.956097 9
462 4485.941000 4485.956097 0
463 4495.941000 4528.039568 12
464 4504.556000 4538.039568 0
465 4514.556000 4541.960993 11
466 4524.310000 4520.599628 9
467 4532.555000 4577.408253 8
468 4542.555000 4539.941403 14
469 4551.201000 4550.689499 28
470 4561.332000 4560.689499 0
471 4572.125000 4576.928293 10
472 4581.268000 4583.764098 10
473 4590.771000 4590.543104 21
474 4600.003000 4641.497285 14
475 4610.003000 4610.382345 24
476 4619.399000 4576.783078 10
477 4627.343000 4629.455632 12
478 4636.335000 4636.427249 30
479 4646.109000 4645.599829 24
480 4655.421000 4654.964573 24
481 4665.421000 4664.976005 38
