001 0.000000 -0.289907 77
002 10.000000 10.031349 30
003 20.000000 17.269724 26
004 28.072000 27.848567 20
005 38.058000 37.904286 24
006 48.059000 48.243126 34
007 58.056000 57.964717 20
008 68.056000 68.006806 35
009 78.056000 78.079063 39
010 88.056000 88.033119 41
011 98.056000 98.193355 53
012 108.056000 108.265122 55
013 118.056000 118.079125 54
014 128.056000 128.090848 71
015 138.056000 138.076457 64
016 148.056000 148.081947 65
017 158.056000 158.316603 80
018 168.056000 168.081250 57
019 178.056000 178.239033 59
020 188.056000 188.102163 73
021 198.056000 198.125280 69
022 208.056000 208.068187 64
023 218.056000 218.002271 63
024 228.056000 227.970745 25
025 238.056000 239.350433 35
026 248.056000 248.788818 23
027 258.311000 261.169138 21
028 268.392000 271.169138 0
029 278.457000 277.453568 24
030 288.680000 286.517964 16
031 299.265000 299.542519 28
032 309.265000 309.159455 22
033 319.460000 319.159455 0
034 329.886000 351.069853 8
035 331.489000 392.736769 9
036 341.050000 402.736769 0
037 352.269000 412.736769 0
038 362.269000 369.691489 12
039 372.483000 368.173604 11
040 382.483000 383.392919 20
041 392.844000 394.549436 19
042 403.556000 404.753489 36
043 414.326000 442.430896 10
044 424.449000 424.609066 21
045 434.768000 434.640730 13
046 444.768000 444.640730 0
047 452.651000 450.805931 8
048 462.775000 460.805931 0
049 472.194000 508.502283 8
050 482.194000 442.080222 10
051 491.877000 493.094331 30
052 501.624000 501.841602 21
053 511.427000 510.614587 19
054 520.978000 520.688859 14
055 530.978000 530.688859 0
056 541.619000 540.688859 0
057 550.842000 550.688859 0
058 560.228000 562.252762 12
059 569.286000 568.480574 12
060 578.659000 578.110597 17
061 588.915000 588.110597 0
062 598.555000 598.110597 0
063 608.681000 610.230741 11
064 619.259000 619.258900 29
065 628.721000 628.037583 21
066 638.369000 638.037583 0
067 647.991000 648.037583 0
068 657.851000 658.037583 0
069 666.916000 666.268102 19
070 675.899000 675.176132 21
071 685.573000 685.929837 28
072 695.248000 695.354933 20
073 705.586000 706.114050 21
074 715.395000 716.114050 0
075 725.261000 725.600164 21
076 734.717000 734.695233 13
077 745.217000 745.005253 11
078 755.217000 755.587805 17
079 764.858000 761.106531 9
080 774.506000 771.106531 0
081 785.429000 786.502882 10
082 796.513000 796.644006 29
083 806.746000 806.434180 12
084 816.819000 817.086046 19
085 826.819000 825.934278 31
086 836.249000 835.934278 0
087 846.163000 846.113399 13
088 856.163000 855.752003 9
089 864.873000 864.415134 10
090 873.220000 872.983230 22
091 883.027000 883.764509 11
092 892.860000 909.969161 8
093 902.860000 903.240886 23
094 912.210000 911.355508 25
095 921.433000 990.605368 10
096 931.433000 931.042560 29
097 940.742000 940.014917 13
098 949.547000 947.573877 15
099 958.617000 980.327390 10
100 968.324000 968.079220 14
101 977.329000 977.570849 34
102 987.329000 988.063675 24
103 997.595000 996.832174 18
104 1007.336000 1006.832174 0
105 1017.463000 1040.585043 12
106 1028.014000 1028.439409 11
107 1037.881000 1037.629116 11
108 1046.619000 1046.614518 25
109 1056.878000 1057.209189 19
110 1066.607000 1066.279443 20
111 1076.607000 1101.545854 9
112 1085.691000 1086.364406 12
113 1095.691000 1095.652481 28
114 1104.986000 1107.895560 15
115 1115.086000 1115.485871 21
116 1124.734000 1124.552986 16
117 1133.904000 1134.552986 0
118 1143.738000 1143.732516 32
119 1153.068000 1153.732516 0
120 1162.582000 1162.643648 9
121 1172.470000 1171.811518 14
122 1181.693000 1180.581488 13
123 1191.553000 1153.155410 8
124 1201.148000 1163.155410 0
125 1211.148000 1214.965109 9
126 1220.338000 1220.443627 14
127 1229.986000 1229.490999 12
128 1239.076000 1239.507479 23
129 1249.076000 1277.632110 10
130 1257.800000 1287.632110 0
131 1267.668000 1268.668703 11
132 1278.014000 1278.086018 19
133 1288.014000 1286.678784 11
134 1297.789000 1298.058948 10
135 1307.517000 1346.020051 9
136 1317.517000 1356.020051 0
137 1327.250000 1328.167438 22
138 1336.985000 1336.793381 43
139 1346.985000 1345.715795 23
140 1356.581000 1356.051986 13
141 1365.299000 1395.807576 8
142 1375.105000 1341.470699 11
143 1385.579000 1351.470699 0
144 1395.579000 1395.061052 22
145 1405.579000 1406.058926 21
146 1415.931000 1416.422158 13
147 1425.340000 1422.610066 14
148 1434.351000 1432.610066 0
149 1443.813000 1445.761190 10
150 1453.703000 1453.791296 21
151 1463.450000 1463.791296 0
152 1471.333000 1474.539097 8
153 1481.566000 1484.539097 0
154 1491.044000 1489.827547 23
155 1500.579000 1499.827547 0
156 1510.173000 1509.586508 8
157 1520.607000 1519.586508 0
158 1530.868000 1531.221415 10
159 1540.607000 1540.658710 9
160 1549.968000 1570.279971 8
161 1560.345000 1561.508802 16
162 1570.539000 1569.970096 15
163 1579.858000 1579.462627 15
164 1589.858000 1589.462627 0
165 1599.858000 1600.068256 9
166 1610.086000 1610.068256 0
167 1620.615000 1622.199148 18
168 1631.827000 1637.698346 10
169 1641.168000 1641.677226 11
170 1651.300000 1651.230734 8
171 1663.636000 1661.230734 0
172 1672.749000 1672.412003 21
173 1683.172000 1683.316827 12
174 1693.095000 1694.483135 17
175 1702.956000 1703.093101 20
176 1713.607000 1710.056347 12
177 1724.031000 1723.646853 17
178 1734.031000 1733.646853 0
179 1742.838000 1743.833108 13
180 1752.449000 1810.746486 10
181 1760.542000 1760.887531 10
182 1770.715000 1771.403252 15
183 1780.992000 1767.102579 9
184 1790.832000 1789.463187 17
185 1800.832000 1800.231885 15
186 1810.721000 1810.511558 19
187 1820.617000 1820.425798 19
188 1830.360000 1830.174774 18
189 1840.013000 1837.505112 12
190 1849.209000 1847.505112 0
191 1860.090000 1857.505112 0
192 1869.680000 1869.535147 11
193 1879.478000 1879.731958 13
194 1889.402000 1889.623706 29
195 1899.097000 1898.648093 20
196 1908.417000 1949.765155 10
197 1917.757000 1959.765155 0
198 1926.911000 1927.272291 22
199 1937.293000 1937.221649 12
200 1946.883000 1946.875322 12
201 1954.809000 1956.875322 0
202 1964.620000 1950.304465 9
203 1974.782000 1960.304465 0
204 1985.579000 1985.620309 12
205 1995.308000 1996.072359 13
206 2005.308000 2074.704482 11
207 2015.204000 2084.704482 0
208 2024.919000 2094.704482 0
209 2034.823000 2104.704482 0
210 2044.823000 2142.859880 12
211 2053.733000 2152.859880 0
212 2065.736000 2162.859880 0
213 2075.432000 2172.859880 0
214 2085.432000 2194.878459 9
215 2095.640000 2204.878459 0
216 2105.535000 2214.878459 0
217 2116.249000 2224.878459 0
218 2125.944000 2295.253484 10
219 2135.944000 2305.253484 0
220 2146.477000 2315.253484 0
221 2156.339000 2325.253484 0
222 2166.172000 2335.253484 0
223 2176.248000 2345.253484 0
224 2185.589000 2355.253484 0
225 2195.326000 2365.253484 0
226 2205.520000 2375.253484 0
227 2217.024000 2385.253484 0
228 2227.821000 2395.253484 0
229 2237.286000 2405.253484 0
230 2246.071000 2415.253484 0
231 2256.071000 2425.253484 0
232 2265.092000 2435.253484 0
233 2275.092000 2418.948058 8
234 2284.908000 2413.866892 9
235 2294.908000 2423.866892 0
236 2304.609000 2412.017351 8
237 2314.609000 2422.017351 0
238 2324.304000 2432.017351 0
239 2334.304000 2442.017351 0
240 2344.486000 2452.017351 0
241 2353.057000 2462.017351 0
242 2362.985000 2472.017351 0
243 2372.520000 2536.902813 8
244 2381.683000 2546.902813 0
245 2392.797000 2556.902813 0
246 2402.524000 2543.265432 11
247 2412.524000 2553.265432 0
248 2422.603000 2555.923553 13
249 2432.623000 2615.150096 11
250 2442.623000 2614.836078 11
251 2451.774000 2624.836078 0
252 2461.676000 2634.836078 0
253 2470.754000 2673.205750 12
254 2481.214000 2683.205750 0
255 2491.098000 2693.205750 0
256 2500.447000 2703.205750 0
257 2509.765000 2713.205750 0
258 2518.890000 2723.205750 0
259 2529.280000 2733.205750 0
260 2538.944000 2743.205750 0
261 2548.529000 2778.710297 11
262 2558.036000 2788.710297 0
263 2567.093000 2823.489278 10
264 2575.836000 2833.489278 0
265 2585.931000 2906.627695 10
266 2595.244000 2909.326793 8
267 2605.244000 2919.326793 0
268 2615.042000 2960.473312 12
269 2624.843000 2970.473312 0
270 2635.057000 2980.473312 0
271 2645.270000 2990.473312 0
272 2654.752000 3000.473312 0
273 2664.938000 3010.473312 0
274 2674.439000 3072.165140 9
275 2684.201000 3082.165140 0
276 2693.355000 3092.977804 11
277 2703.021000 3138.495040 8
278 2712.409000 3148.495040 0
279 2722.955000 3158.495040 0
280 2733.351000 3146.573474 11
281 2743.508000 3138.928783 13
282 2753.438000 3148.928783 0
283 2763.906000 3158.928783 0
284 2774.276000 3137.120103 14
285 2783.156000 3141.928998 17
286 2792.350000 3204.276910 8
287 2802.543000 3214.276910 0
288 2812.446000 3224.276910 0
289 2821.794000 3234.276910 0
290 2830.771000 3244.276910 0
291 2841.083000 3265.988006 8
292 2851.257000 3275.988006 0
293 2861.257000 3285.988006 0
294 2871.591000 3310.837007 9
295 2880.480000 3334.692256 8
296 2890.480000 3344.692256 0
297 2900.383000 3354.692256 0
298 2910.232000 3364.692256 0
299 2920.525000 3374.692256 0
300 2930.148000 3455.128295 12
301 2939.843000 3449.388455 8
302 2949.985000 3459.388455 0
303 2959.411000 3469.388455 0
304 2969.411000 3479.388455 0
305 2979.660000 3453.054071 8
306 2989.373000 3463.054071 0
307 2999.373000 3473.054071 0
308 3009.156000 3483.054071 0
309 3018.995000 3510.156418 11
310 3028.707000 3496.908577 9
311 3038.277000 3506.908577 0
312 3046.041000 3516.908577 0
313 3054.913000 3496.443868 9
314 3064.767000 3574.032113 10
315 3074.767000 3584.032113 0
316 3084.516000 3551.769761 8
317 3092.780000 3561.769761 0
318 3102.278000 3571.769761 0
319 3113.010000 3581.769761 0
320 3122.474000 3574.971372 8
321 3132.329000 3622.505360 8
322 3140.879000 3624.518417 10
323 3150.790000 3680.271405 9
324 3160.555000 3684.089178 12
325 3169.624000 3694.089178 0
326 3177.834000 3704.089178 0
327 3187.548000 3686.464340 11
328 3198.656000 3688.332531 17
329 3208.441000 3698.332531 0
330 3217.491000 3708.332531 0
331 3228.026000 3684.493443 11
332 3238.294000 3694.493443 0
333 3248.222000 3704.493443 0
334 3258.222000 3688.369138 14
335 3267.432000 3688.600605 15
336 3277.002000 3698.600605 0
337 3287.002000 3708.600605 0
338 3297.002000 3688.437354 9
339 3307.002000 3685.505324 11
340 3316.855000 3695.505324 0
341 3326.855000 3705.505324 0
342 3335.816000 3715.505324 0
343 3346.780000 3689.078870 9
344 3357.496000 3699.078870 0
345 3367.780000 3688.107552 10
346 3377.690000 3698.107552 0
347 3387.331000 3708.107552 0
348 3397.331000 3718.107552 0
349 3403.895000 3728.107552 0
350 3413.895000 3738.107552 0
351 3423.625000 3748.107552 0
352 3434.501000 3758.107552 0
353 3444.227000 3768.107552 0
354 3454.999000 3778.107552 0
355 3464.135000 3788.107552 0
356 3474.135000 3798.107552 0
357 3484.135000 3784.395399 8
358 3493.815000 3855.911946 9
359 3503.474000 3865.911946 0
360 3513.133000 3875.911946 0
361 3522.614000 3885.911946 0
362 3532.614000 3895.911946 0
363 3540.698000 3905.911946 0
364 3549.319000 3915.911946 0
365 3560.035000 3925.911946 0
366 3570.427000 3935.911946 0
367 3579.853000 3970.639822 9
368 3588.868000 3921.242239 9
369 3597.758000 3931.242239 0
370 3608.598000 3941.242239 0
371 3619.205000 3951.242239 0
372 3630.495000 3997.858788 8
373 3639.841000 4007.858788 0
374 3650.150000 4017.858788 0
375 3658.773000 4027.858788 0
376 3669.988000 4037.858788 0
377 3675.443000 4047.858788 0
378 3686.082000 4103.477936 11
379 3696.082000 4113.477936 0
380 3707.480000 4123.477936 0
381 3717.480000 4133.477936 0
382 3727.480000 4143.477936 0
383 3737.086000 4153.477936 0
384 3746.943000 4209.731684 13
385 3756.241000 4219.731684 0
386 3766.400000 4291.086493 9
387 3776.400000 4225.806882 8
388 3786.400000 4293.762431 18
389 3795.665000 4303.762431 0
390 3803.874000 4313.762431 0
391 3813.588000 4346.871473 12
392 3823.819000 4356.871473 0
393 3833.460000 4366.871473 0
394 3842.278000 4398.141319 9
395 3852.672000 4408.141319 0
396 3863.100000 4450.214058 8
397 3873.868000 4460.214058 0
398 3883.688000 4470.214058 0
399 3892.560000 4452.731864 11
400 3903.079000 4462.731864 0
401 3913.113000 4472.731864 0
402 3922.683000 4482.731864 0
403 3932.467000 4492.731864 0
404 3942.324000 4502.731864 0
405 3950.945000 4512.731864 0
406 3960.478000 4585.478185 9
407 3970.818000 4534.563905 8
408 3980.709000 4544.563905 0
409 3987.524000 4533.418864 8
410 3997.721000 4519.812622 9
411 4007.827000 4518.610171 14
412 4017.827000 4528.610171 0
413 4027.055000 4538.610171 0
414 4036.481000 4588.640920 12
415 4046.481000 4598.640920 0
416 4055.175000 4608.640920 0
417 4064.458000 4618.640920 0
418 4073.867000 4628.640920 0
419 4082.614000 4638.640920 0
420 4093.775000 4648.640920 0
421 4102.647000 4586.818553 18
422 4111.877000 4596.818553 0
423 4121.715000 4585.162602 11
424 4130.747000 4595.162602 0
425 4140.193000 4605.162602 0
426 4150.031000 4568.914000 8
427 4159.457000 4578.914000 0
428 4170.041000 4588.914000 0
429 4179.827000 4638.826559 14
430 4189.240000 4584.716463 10
431 4198.753000 4637.728067 11
432 4208.351000 4647.728067 0
433 4217.789000 4657.728067 0
434 4227.286000 4581.268753 9
435 4236.999000 4591.268753 0
436 4244.888000 4601.268753 0
437 4254.888000 4646.386552 8
438 4264.439000 4635.934157 9
439 4274.258000 4645.934157 0
440 4284.043000 4655.934157 0
441 4294.402000 4636.930168 8
442 4303.916000 4582.109692 9
443 4313.916000 4592.109692 0
444 4323.916000 4570.300384 9
445 4333.452000 4580.300384 0
446 4343.452000 4590.300384 0
447 4353.696000 4591.322215 8
448 4363.535000 4600.351224 9
449 4373.659000 4647.057808 8
450 4384.141000 4637.386195 12
451 4393.800000 4647.386195 0
452 4403.011000 4657.386195 0
453 4412.922000 4667.386195 0
454 4421.741000 4677.386195 0
455 4431.202000 4687.386195 0
456 4440.558000 4585.150324 14
457 4450.718000 4636.412581 16
458 4460.914000 4646.412581 0
459 4468.980000 4656.412581 0
460 4477.834000 4666.412581 0
461 4487.834000 4676.412581 0
462 4496.760000 4686.412581 0
463 4505.714000 4577.749722 9
464 4514.669000 4632.815091 14
465 4522.896000 4630.061806 8
466 4532.554000 4573.413852 10
467 4540.771000 4586.948786 9
468 4549.692000 4580.918362 8
469 4558.663000 4568.147667 9
470 4568.567000 4573.787836 15
471 4579.446000 4577.558445 13
472 4586.385000 4587.731545 22
473 4596.676000 4596.700143 16
474 4606.008000 4605.674733 22
475 4615.820000 4615.674733 0
476 4624.232000 4625.674733 0
477 4633.843000 4633.973413 19
478 4643.506000 4644.048032 22
479 4652.917000 4652.082200 12
480 4662.917000 4662.878231 23
481 4672.917000 4672.878839 26
