001 0.000000 0.059095 75
002 10.000000 9.837133 33
003 20.000000 15.099069 27
004 28.072000 27.764959 8
005 38.058000 38.077116 24
006 48.059000 48.037646 32
007 58.056000 58.168310 19
008 68.056000 68.091289 35
009 78.056000 78.072395 41
010 88.056000 87.825530 37
011 98.056000 98.147621 46
012 108.056000 108.070385 59
013 118.056000 118.079931 47
014 128.056000 128.089526 62
015 138.056000 138.075434 61
016 148.056000 148.082096 58
017 158.056000 158.318722 74
018 168.056000 168.076852 51
019 178.056000 178.301906 50
020 188.056000 187.963462 71
021 198.056000 198.130645 72
022 208.056000 208.086992 58
023 218.056000 218.070957 61
024 228.056000 227.709766 30
025 238.056000 239.167847 38
026 248.056000 248.424640 22
027 258.311000 261.698744 15
028 268.392000 275.998467 10
029 278.457000 279.045708 24
030 288.680000 281.016617 8
031 299.265000 299.806287 26
032 309.265000 309.193946 20
033 319.460000 319.193946 0
034 329.886000 349.736963 10
035 331.489000 359.736963 0
036 341.050000 369.736963 0
037 352.269000 367.488332 16
038 362.269000 367.742149 12
039 372.483000 367.078703 9
040 382.483000 391.058855 10
041 392.844000 393.806358 18
042 403.556000 403.438826 15
043 414.326000 402.774167 8
044 424.449000 424.132832 25
045 434.768000 435.230374 22
046 444.768000 517.981631 8
047 452.651000 452.619864 9
048 462.775000 458.417385 11
049 472.194000 468.417385 0
050 482.194000 482.446310 14
051 491.877000 492.474793 22
052 501.624000 502.482133 26
053 511.427000 510.600728 22
054 520.978000 520.556861 20
055 530.978000 530.955316 15
056 541.619000 540.955316 0
057 550.842000 550.955316 0
058 560.228000 561.053350 20
059 569.286000 569.972179 13
060 578.659000 572.529952 21
061 588.915000 627.774910 11
062 598.555000 637.774910 0
063 608.681000 608.971637 17
064 619.259000 618.837148 26
065 628.721000 628.207512 22
066 638.369000 638.207512 0
067 647.991000 648.207512 0
068 657.851000 658.207512 0
069 666.916000 666.713956 23
070 675.899000 675.615171 17
071 685.573000 685.765998 32
072 695.248000 695.245693 17
073 705.586000 705.706368 24
074 715.395000 715.706368 0
075 725.261000 725.056703 29
076 734.717000 818.594862 12
077 745.217000 744.466518 13
078 755.217000 755.427954 22
079 764.858000 764.284745 13
080 774.506000 774.284745 0
081 785.429000 787.451015 12
082 796.513000 797.294957 28
083 806.746000 806.203032 15
084 816.819000 816.819822 10
085 826.819000 825.355112 23
086 836.249000 849.905210 8
087 846.163000 847.038260 15
088 856.163000 856.241814 8
089 864.873000 864.752847 8
090 873.220000 872.990511 20
091 883.027000 884.110380 12
092 892.860000 894.110380 0
093 902.860000 905.312236 12
094 912.210000 911.465542 18
095 921.433000 924.288573 9
096 931.433000 930.935361 15
097 940.742000 940.935361 0
098 949.547000 946.270357 12
099 958.617000 956.270357 0
100 968.324000 967.996601 15
101 977.329000 978.875215 24
102 987.329000 987.772199 27
103 997.595000 996.433032 18
104 1007.336000 1006.081196 13
105 1017.463000 1016.081196 0
106 1028.014000 1030.790366 9
107 1037.881000 1037.256422 11
108 1046.619000 1046.400625 20
109 1056.878000 1056.205870 10
110 1066.607000 1065.827937 15
111 1076.607000 1075.827937 0
112 1085.691000 1086.468652 10
113 1095.691000 1095.844851 42
114 1104.986000 1104.756772 14
115 1115.086000 1114.480723 29
116 1124.734000 1124.336367 21
117 1133.904000 1134.336367 0
118 1143.738000 1143.280812 29
119 1153.068000 1154.647204 18
120 1162.582000 1162.634914 19
121 1172.470000 1171.787496 19
122 1181.693000 1180.527804 16
123 1191.553000 1190.527804 0
124 1201.148000 1200.527804 0
125 1211.148000 1210.452771 10
126 1220.338000 1220.273525 15
127 1229.986000 1229.736565 13
128 1239.076000 1239.538626 22
129 1249.076000 1279.690070 8
130 1257.800000 1257.892439 10
131 1267.668000 1267.892439 0
132 1278.014000 1278.467600 17
133 1288.014000 1286.984619 8
134 1297.789000 1295.555002 13
135 1307.517000 1305.555002 0
136 1317.517000 1315.555002 0
137 1327.250000 1327.604549 17
138 1336.985000 1337.005485 29
139 1346.985000 1346.626071 14
140 1356.581000 1355.602334 15
141 1365.299000 1396.163467 10
142 1375.105000 1341.294390 10
143 1385.579000 1342.008839 9
144 1395.579000 1395.299886 19
145 1405.579000 1406.066666 21
146 1415.931000 1416.492420 15
147 1425.340000 1422.148280 9
148 1434.351000 1432.148280 0
149 1443.813000 1423.475183 8
150 1453.703000 1453.501374 24
151 1463.450000 1463.501374 0
152 1471.333000 1473.501374 0
153 1481.566000 1481.826039 8
154 1491.044000 1489.892210 28
155 1500.579000 1499.892210 0
156 1510.173000 1509.892210 0
157 1520.607000 1521.004171 13
158 1530.868000 1530.322562 14
159 1540.607000 1540.322562 0
160 1549.968000 1567.290808 12
161 1560.345000 1577.290808 0
162 1570.539000 1564.847593 8
163 1579.858000 1579.592388 18
164 1589.858000 1589.592388 0
165 1599.858000 1599.592388 0
166 1610.086000 1601.960015 8
167 1620.615000 1622.130649 23
168 1631.827000 1634.170087 14
169 1641.168000 1640.966223 18
170 1651.300000 1651.249774 12
171 1663.636000 1661.249774 0
172 1672.749000 1672.037744 26
173 1683.172000 1682.037744 0
174 1693.095000 1696.988556 9
175 1702.956000 1701.847440 21
176 1713.607000 1710.764756 20
177 1724.031000 1721.982150 12
178 1734.031000 1733.416924 16
179 1742.838000 1745.705299 8
180 1752.449000 1755.705299 0
181 1760.542000 1760.279695 12
182 1770.715000 1769.377725 13
183 1780.992000 1773.408173 8
184 1790.832000 1789.240822 19
185 1800.832000 1800.614637 16
186 1810.721000 1810.655114 29
187 1820.617000 1820.503224 22
188 1830.360000 1830.121330 29
189 1840.013000 1839.503401 25
190 1849.209000 1849.503401 0
191 1860.090000 1821.349821 8
192 1869.680000 1869.721854 13
193 1879.478000 1879.410401 18
194 1889.402000 1889.471009 24
195 1899.097000 1896.353546 15
196 1908.417000 1904.711240 10
197 1917.757000 1914.711240 0
198 1926.911000 1926.739546 21
199 1937.293000 1937.934357 15
200 1946.883000 1947.909848 12
201 1954.809000 1953.678127 14
202 1964.620000 1963.678127 0
203 1974.782000 1937.679652 8
204 1985.579000 1985.838821 17
205 1995.308000 1996.016899 22
206 2005.308000 2006.016899 0
207 2015.204000 2015.181353 9
208 2024.919000 2023.260333 22
209 2034.823000 2033.260333 0
210 2044.823000 2045.851507 21
211 2053.733000 2058.371482 8
212 2065.736000 2066.101218 18
213 2075.432000 2075.489893 19
214 2085.432000 2084.232175 17
215 2095.640000 2094.232175 0
216 2105.535000 2071.541657 8
217 2116.249000 2117.452652 9
218 2125.944000 2126.784410 16
219 2135.944000 2136.430432 18
220 2146.477000 2133.178814 9
221 2156.339000 2157.270149 19
222 2166.172000 2166.656348 26
223 2176.248000 2176.801121 9
224 2185.589000 2181.859308 11
225 2195.326000 2196.163293 18
226 2205.520000 2202.725238 11
227 2217.024000 2217.732332 16
228 2227.821000 2228.165101 10
229 2237.286000 2237.161003 17
230 2246.071000 2245.878604 11
231 2256.071000 2256.103764 11
232 2265.092000 2263.144278 12
233 2275.092000 2273.144278 0
234 2284.908000 2283.144278 0
235 2294.908000 2296.819961 22
236 2304.609000 2305.255709 26
237 2314.609000 2315.255709 0
238 2324.304000 2324.161146 14
239 2334.304000 2334.161146 0
240 2344.486000 2345.835297 12
241 2353.057000 2355.835297 0
242 2362.985000 2365.835297 0
243 2372.520000 2372.846002 24
244 2381.683000 2377.473601 12
245 2392.797000 2387.473601 0
246 2402.524000 2403.793032 23
247 2412.524000 2412.654260 30
248 2422.603000 2422.358445 27
249 2432.623000 2432.116874 28
250 2442.623000 2441.774209 22
251 2451.774000 2450.722410 11
252 2461.676000 2460.722410 0
253 2470.754000 2472.258858 15
254 2481.214000 2481.357078 24
255 2491.098000 2491.357078 0
256 2500.447000 2499.964182 14
257 2509.765000 2509.174003 19
258 2518.890000 2522.726009 12
259 2529.280000 2529.482967 11
260 2538.944000 2539.766264 25
261 2548.529000 2549.208072 19
262 2558.036000 2558.875135 11
263 2567.093000 2568.875135 0
264 2575.836000 2578.875135 0
265 2585.931000 2587.164940 21
266 2595.244000 2595.384608 13
267 2605.244000 2605.372759 19
268 2615.042000 2614.717499 27
269 2624.843000 2620.487412 15
270 2635.057000 2639.695633 9
271 2645.270000 2645.860885 19
272 2654.752000 2655.860885 0
273 2664.938000 2663.876340 15
274 2674.439000 2673.631151 11
275 2684.201000 2683.631151 0
276 2693.355000 2697.286800 17
277 2703.021000 2662.518883 8
278 2712.409000 2713.669218 13
279 2722.955000 2723.531603 25
280 2733.351000 2733.337732 21
281 2743.508000 2743.321806 14
282 2753.438000 2753.321806 0
283 2763.906000 2763.794303 12
284 2774.276000 2773.991804 17
285 2783.156000 2783.133319 23
286 2792.350000 2788.471332 11
287 2802.543000 2798.471332 0
288 2812.446000 2808.471332 0
289 2821.794000 2822.912772 10
290 2830.771000 2832.912772 0
291 2841.083000 2842.912772 0
292 2851.257000 2852.912772 0
293 2861.257000 2862.912772 0
294 2871.591000 2872.912772 0
295 2880.480000 2883.289353 11
296 2890.480000 2894.455248 9
297 2900.383000 2898.918864 16
298 2910.232000 2909.388761 11
299 2920.525000 2945.715292 8
300 2930.148000 2929.210899 17
301 2939.843000 2940.110393 13
302 2949.985000 2950.801364 13
303 2959.411000 2959.274836 11
304 2969.411000 2968.703785 20
305 2979.660000 2978.703785 0
306 2989.373000 2988.703785 0
307 2999.373000 2998.703785 0
308 3009.156000 3008.853008 15
309 3018.995000 3020.689025 25
310 3028.707000 3028.588973 18
311 3038.277000 3037.363471 12
312 3046.041000 3037.417942 8
313 3054.913000 3047.417942 0
314 3064.767000 3057.417942 0
315 3074.767000 3074.754894 19
316 3084.516000 3085.303200 14
317 3092.780000 3092.070549 11
318 3102.278000 3102.159578 13
319 3113.010000 3109.813856 13
320 3122.474000 3083.447939 8
321 3132.329000 3131.711578 22
322 3140.879000 3139.476070 22
323 3150.790000 3150.802969 16
324 3160.555000 3159.029571 16
325 3169.624000 3169.029571 0
326 3177.834000 3179.029571 0
327 3187.548000 3187.618818 17
328 3198.656000 3199.710569 19
329 3208.441000 3208.168770 12
330 3217.491000 3217.618658 13
331 3228.026000 3273.700424 12
332 3238.294000 3283.700424 0
333 3248.222000 3248.662706 14
334 3258.222000 3257.864235 23
335 3267.432000 3267.002675 18
336 3277.002000 3276.478441 23
337 3287.002000 3287.090110 10
338 3297.002000 3297.090110 0
339 3307.002000 3308.585516 22
340 3316.855000 3315.856988 9
341 3326.855000 3328.161190 16
342 3335.816000 3335.357822 14
343 3346.780000 3342.722409 9
344 3357.496000 3357.722028 15
345 3367.780000 3367.957666 22
346 3377.690000 3377.309958 9
347 3387.331000 3387.760738 23
348 3397.331000 3396.841344 17
349 3403.895000 3405.910832 15
350 3413.895000 3415.910832 0
351 3423.625000 3423.966952 12
352 3434.501000 3435.713356 11
353 3444.227000 3444.866479 15
354 3454.999000 3453.996911 13
355 3464.135000 3464.382374 29
356 3474.135000 3474.382374 0
357 3484.135000 3484.378934 11
358 3493.815000 3494.489343 16
359 3503.474000 3502.954923 22
360 3513.133000 3512.754807 15
361 3522.614000 3522.313572 22
362 3532.614000 3532.313572 0
363 3540.698000 3541.591010 12
364 3549.319000 3551.591010 0
365 3560.035000 3560.017299 9
366 3570.427000 3570.193847 13
367 3579.853000 3579.809496 23
368 3588.868000 3582.098576 11
369 3597.758000 3598.085161 10
370 3608.598000 3613.984075 10
371 3619.205000 3618.635077 13
372 3630.495000 3632.811286 14
373 3639.841000 3639.325705 15
374 3650.150000 3649.325705 0
375 3658.773000 3661.569959 8
376 3669.988000 3671.569959 0
377 3675.443000 3675.832558 8
378 3686.082000 3685.998240 21
379 3696.082000 3695.998240 0
380 3707.480000 3709.131360 21
381 3717.480000 3720.517608 26
382 3727.480000 3721.658842 10
383 3737.086000 3738.064151 9
384 3746.943000 3748.378173 12
385 3756.241000 3758.284802 23
386 3766.400000 3766.275348 13
387 3776.400000 3760.966106 15
388 3786.400000 3791.094495 10
389 3795.665000 3795.087035 12
390 3803.874000 3803.143875 11
391 3813.588000 3813.569295 23
392 3823.819000 3823.910384 13
393 3833.460000 3833.910384 0
394 3842.278000 3842.403486 21
395 3852.672000 3852.201431 17
396 3863.100000 3864.762289 15
397 3873.868000 3874.904812 13
398 3883.688000 3882.301009 14
399 3892.560000 3890.744975 24
400 3903.079000 3903.409474 21
401 3913.113000 3913.345848 11
402 3922.683000 3922.672924 17
403 3932.467000 3932.606045 11
404 3942.324000 3938.834633 10
405 3950.945000 3949.277630 8
406 3960.478000 3915.575843 9
407 3970.818000 3970.830026 11
408 3980.709000 3980.529088 9
409 3987.524000 3988.170048 17
410 3997.721000 3997.808668 22
411 4007.827000 4006.072036 14
412 4017.827000 4017.862239 10
413 4027.055000 4027.072429 21
414 4036.481000 4037.351156 14
415 4046.481000 4046.712438 13
416 4055.175000 4054.740492 17
417 4064.458000 4064.500345 8
418 4073.867000 4106.758092 8
419 4082.614000 4116.758092 0
420 4093.775000 4114.851655 9
421 4102.647000 4102.019433 14
422 4111.877000 4113.208496 17
423 4121.715000 4121.052006 16
424 4130.747000 4153.410619 11
425 4140.193000 4140.257760 22
426 4150.031000 4149.825266 13
427 4159.457000 4160.142202 12
428 4170.041000 4169.724881 19
429 4179.827000 4179.509348 27
430 4189.240000 4188.437788 13
431 4198.753000 4198.814877 18
432 4208.351000 4207.947253 18
433 4217.789000 4218.254759 15
434 4227.286000 4224.265814 8
435 4236.999000 4236.877302 14
436 4244.888000 4246.877302 0
437 4254.888000 4251.081942 17
438 4264.439000 4283.025053 9
439 4274.258000 4275.220839 19
440 4284.043000 4284.302984 19
441 4294.402000 4293.862082 18
442 4303.916000 4303.599850 33
443 4313.916000 4311.456051 15
444 4323.916000 4266.841232 12
445 4333.452000 4334.198598 20
446 4343.452000 4344.131810 20
447 4353.696000 4351.344985 17
448 4363.535000 4363.532579 25
449 4373.659000 4373.532579 0
450 4384.141000 4383.532579 0
451 4393.800000 4393.318536 17
452 4403.011000 4402.259133 14
453 4412.922000 4412.435143 27
454 4421.741000 4419.801654 27
455 4431.202000 4415.778575 10
456 4440.558000 4441.809689 27
457 4450.718000 4452.284997 21
458 4460.914000 4524.749673 13
459 4468.980000 4469.296727 19
460 4477.834000 4476.983522 10
461 4487.834000 4487.435504 9
462 4496.760000 4497.435504 0
463 4505.714000 4507.435504 0
464 4514.669000 4517.435504 0
465 4522.896000 4522.149658 12
466 4532.554000 4530.058978 9
467 4540.771000 4541.912627 22
468 4549.692000 4547.952924 20
469 4558.663000 4567.711153 9
470 4568.567000 4574.596216 21
471 4579.446000 4576.680465 16
472 4586.385000 4587.384915 20
473 4596.676000 4598.587560 15
474 4606.008000 4605.923882 25
475 4615.820000 4615.923882 0
476 4624.232000 4625.923882 0
477 4633.843000 4634.075618 25
478 4643.506000 4643.337477 30
479 4652.917000 4651.911367 18
480 4662.917000 4662.860393 32
481 4672.917000 4672.797038 27
