001 0.000000 -0.190734 77
002 10.000000 10.038373 33
003 20.000000 17.942626 25
004 28.072000 28.078262 19
005 38.058000 38.083930 24
006 48.059000 48.096634 32
007 58.056000 57.931790 18
008 68.056000 68.025856 35
009 78.056000 78.076550 37
010 88.056000 88.035319 43
011 98.056000 98.163838 50
012 108.056000 108.010861 59
013 118.056000 118.080549 51
014 128.056000 128.102233 67
015 138.056000 138.076320 56
016 148.056000 148.082324 64
017 158.056000 158.319194 78
018 168.056000 168.101196 59
019 178.056000 178.192900 48
020 188.056000 188.167917 66
021 198.056000 198.077511 65
022 208.056000 208.109894 61
023 218.056000 218.075102 63
024 228.056000 227.902805 31
025 238.056000 239.300545 29
026 248.056000 230.117186 17
027 258.311000 260.082869 12
028 268.392000 270.170601 10
029 278.457000 278.651360 20
030 288.680000 286.468816 18
031 299.265000 299.735761 22
032 309.265000 309.023989 22
033 319.460000 318.087760 9
034 329.886000 328.087760 0
035 331.489000 338.087760 0
036 341.050000 348.087760 0
037 352.269000 346.005640 13
038 362.269000 369.122305 11
039 372.483000 368.710509 11
040 382.483000 383.243342 27
041 392.844000 393.339660 16
042 403.556000 404.580218 32
043 414.326000 414.580218 0
044 424.449000 424.281472 12
045 434.768000 433.948674 22
046 444.768000 444.389334 8
047 452.651000 454.389334 0
048 462.775000 489.695597 10
049 472.194000 506.660980 9
050 482.194000 482.855460 18
051 491.877000 492.324155 30
052 501.624000 501.776137 26
053 511.427000 510.578041 13
054 520.978000 520.685620 19
055 530.978000 530.685620 0
056 541.619000 568.635512 10
057 550.842000 502.106267 11
058 560.228000 563.227610 13
059 569.286000 568.571691 11
060 578.659000 570.470055 20
061 588.915000 580.470055 0
062 598.555000 590.470055 0
063 608.681000 609.371043 13
064 619.259000 618.805212 30
065 628.721000 628.144082 17
066 638.369000 638.144082 0
067 647.991000 648.144082 0
068 657.851000 658.144082 0
069 666.916000 668.745144 15
070 675.899000 675.653981 18
071 685.573000 685.460963 22
072 695.248000 695.790025 14
073 705.586000 705.705737 18
074 715.395000 752.710674 8
075 725.261000 725.825309 20
076 734.717000 734.649449 19
077 745.217000 745.087394 22
078 755.217000 755.545510 29
079 764.858000 763.851769 17
080 774.506000 773.851769 0
081 785.429000 787.064821 12
082 796.513000 797.062787 26
083 806.746000 806.731780 15
084 816.819000 816.889822 17
085 826.819000 826.192344 25
086 836.249000 836.192344 0
087 846.163000 846.773944 18
088 856.163000 855.339821 11
089 864.873000 864.951892 9
090 873.220000 873.250212 18
091 883.027000 884.198102 13
092 892.860000 894.198102 0
093 902.860000 904.012079 23
094 912.210000 911.066710 18
095 921.433000 922.871056 9
096 931.433000 931.319486 20
097 940.742000 940.930587 15
098 949.547000 949.314179 13
099 958.617000 959.314179 0
100 968.324000 968.118124 17
101 977.329000 977.247912 24
102 987.329000 987.802543 28
103 997.595000 997.802543 0
104 1007.336000 1007.406046 12
105 1017.463000 1017.406046 0
106 1028.014000 1030.307137 12
107 1037.881000 1050.978176 9
108 1046.619000 1046.798810 24
109 1056.878000 1057.027382 23
110 1066.607000 1065.710958 15
111 1076.607000 1075.710958 0
112 1085.691000 1086.021449 9
113 1095.691000 1095.991481 26
114 1104.986000 1105.462167 20
115 1115.086000 1113.999405 17
116 1124.734000 1124.410264 23
117 1133.904000 1134.410264 0
118 1143.738000 1143.434018 26
119 1153.068000 1208.870818 11
120 1162.582000 1163.256242 15
121 1172.470000 1172.188644 18
122 1181.693000 1180.708654 13
123 1191.553000 1190.708654 0
124 1201.148000 1202.620712 14
125 1211.148000 1280.349812 8
126 1220.338000 1219.946880 14
127 1229.986000 1229.867487 9
128 1239.076000 1239.477772 25
129 1249.076000 1277.926206 8
130 1257.800000 1258.262148 10
131 1267.668000 1268.423784 12
132 1278.014000 1278.144915 18
133 1288.014000 1287.709280 13
134 1297.789000 1297.075836 12
135 1307.517000 1307.075836 0
136 1317.517000 1317.075836 0
137 1327.250000 1327.744782 18
138 1336.985000 1336.942567 28
139 1346.985000 1347.420825 23
140 1356.581000 1356.354205 18
141 1365.299000 1397.398235 12
142 1375.105000 1407.398235 0
143 1385.579000 1390.398493 8
144 1395.579000 1395.773092 20
145 1405.579000 1405.809201 25
146 1415.931000 1416.101322 15
147 1425.340000 1421.263842 10
148 1434.351000 1431.263842 0
149 1443.813000 1445.507205 14
150 1453.703000 1453.823951 29
151 1463.450000 1462.433079 9
152 1471.333000 1472.433079 0
153 1481.566000 1482.433079 0
154 1491.044000 1490.393971 25
155 1500.579000 1500.393971 0
156 1510.173000 1510.393971 0
157 1520.607000 1520.819179 9
158 1530.868000 1530.819179 0
159 1540.607000 1540.819179 0
160 1549.968000 1570.300547 9
161 1560.345000 1560.679352 16
162 1570.539000 1569.739111 14
163 1579.858000 1579.740679 12
164 1589.858000 1589.740679 0
165 1599.858000 1631.382414 9
166 1610.086000 1641.382414 0
167 1620.615000 1624.793772 13
168 1631.827000 1633.989914 13
169 1641.168000 1640.702745 19
170 1651.300000 1650.702745 0
171 1663.636000 1660.702745 0
172 1672.749000 1672.367403 24
173 1683.172000 1682.367403 0
174 1693.095000 1694.988257 18
175 1702.956000 1702.177822 18
176 1713.607000 1709.832644 12
177 1724.031000 1776.543801 12
178 1734.031000 1732.686124 16
179 1742.838000 1742.686124 0
180 1752.449000 1752.159296 14
181 1760.542000 1761.623924 10
182 1770.715000 1771.778544 12
183 1780.992000 1781.778544 0
184 1790.832000 1790.418349 20
185 1800.832000 1801.167176 19
186 1810.721000 1811.208346 26
187 1820.617000 1820.791632 19
188 1830.360000 1830.257702 21
189 1840.013000 1839.769570 23
190 1849.209000 1818.843080 8
191 1860.090000 1861.849281 12
192 1869.680000 1871.393123 15
193 1879.478000 1879.781090 13
194 1889.402000 1889.313480 21
195 1899.097000 1898.324587 13
196 1908.417000 1903.144065 12
197 1917.757000 1920.368864 9
198 1926.911000 1927.344186 25
199 1937.293000 1937.144105 15
200 1946.883000 1943.918144 8
201 1954.809000 1953.918144 0
202 1964.620000 2017.492535 8
203 1974.782000 2027.492535 0
204 1985.579000 1986.489738 13
205 1995.308000 1995.560807 21
206 2005.308000 2005.560807 0
207 2015.204000 2015.796375 8
208 2024.919000 2023.062756 25
209 2034.823000 2033.062756 0
210 2044.823000 2045.731194 27
211 2053.733000 2135.213426 9
212 2065.736000 2067.432974 21
213 2075.432000 2074.657931 19
214 2085.432000 2084.062901 17
215 2095.640000 2094.062901 0
216 2105.535000 2104.062901 0
217 2116.249000 2119.083573 12
218 2125.944000 2125.248977 19
219 2135.944000 2136.425546 16
220 2146.477000 2146.425546 0
221 2156.339000 2157.947945 18
222 2166.172000 2166.509185 24
223 2176.248000 2176.664441 8
224 2185.589000 2182.757926 9
225 2195.326000 2196.184584 23
226 2205.520000 2204.653353 12
227 2217.024000 2217.842023 19
228 2227.821000 2228.209261 13
229 2237.286000 2237.139935 24
230 2246.071000 2246.026172 9
231 2256.071000 2256.062665 10
232 2265.092000 2264.939991 11
233 2275.092000 2274.939991 0
234 2284.908000 2284.939991 0
235 2294.908000 2295.392411 21
236 2304.609000 2304.123054 27
237 2314.609000 2312.590064 11
238 2324.304000 2323.387978 10
239 2334.304000 2333.387978 0
240 2344.486000 2343.387978 0
241 2353.057000 2353.387978 0
242 2362.985000 2357.218091 8
243 2372.520000 2372.835797 25
244 2381.683000 2382.835797 0
245 2392.797000 2392.835797 0
246 2402.524000 2403.071860 24
247 2412.524000 2412.582865 30
248 2422.603000 2422.543808 30
249 2432.623000 2432.160227 26
250 2442.623000 2441.595347 17
251 2451.774000 2450.744869 22
252 2461.676000 2460.744869 0
253 2470.754000 2473.367207 12
254 2481.214000 2479.032140 21
255 2491.098000 2489.422591 9
256 2500.447000 2499.422591 0
257 2509.765000 2509.762142 20
258 2518.890000 2519.151403 10
259 2529.280000 2529.796896 8
260 2538.944000 2539.147685 27
261 2548.529000 2549.883312 13
262 2558.036000 2556.765694 13
263 2567.093000 2566.987915 9
264 2575.836000 2596.917822 8
265 2585.931000 2586.792585 16
266 2595.244000 2595.298633 14
267 2605.244000 2605.419903 25
268 2615.042000 2614.801451 24
269 2624.843000 2623.159538 11
270 2635.057000 2633.159538 0
271 2645.270000 2646.560015 22
272 2654.752000 2656.560015 0
273 2664.938000 2664.425768 20
274 2674.439000 2673.935939 10
275 2684.201000 2685.196081 11
276 2693.355000 2703.620825 9
277 2703.021000 2703.258397 15
278 2712.409000 2713.258397 0
279 2722.955000 2723.992814 18
280 2733.351000 2733.217492 24
281 2743.508000 2743.370959 16
282 2753.438000 2753.370959 0
283 2763.906000 2763.370959 0
284 2774.276000 2773.701096 23
285 2783.156000 2783.010330 28
286 2792.350000 2791.087021 13
287 2802.543000 2801.087021 0
288 2812.446000 2811.087021 0
289 2821.794000 2824.523248 13
290 2830.771000 2830.704957 8
291 2841.083000 2840.704957 0
292 2851.257000 2850.557588 8
293 2861.257000 2860.557588 0
294 2871.591000 2913.701826 8
295 2880.480000 2881.359124 12
296 2890.480000 2890.388756 13
297 2900.383000 2900.715592 23
298 2910.232000 2904.106575 10
299 2920.525000 2920.809799 11
300 2930.148000 2929.621343 27
301 2939.843000 2940.486900 22
302 2949.985000 2950.021161 12
303 2959.411000 2959.757078 16
304 2969.411000 2968.600485 17
305 2979.660000 2979.096794 22
306 2989.373000 2989.096794 0
307 2999.373000 3000.156499 11
308 3009.156000 3010.214087 16
309 3018.995000 3020.368001 25
310 3028.707000 3028.588792 19
311 3038.277000 3037.469579 9
312 3046.041000 3042.199165 8
313 3054.913000 3052.199165 0
314 3064.767000 3064.523435 13
315 3074.767000 3077.475957 16
316 3084.516000 3084.728785 8
317 3092.780000 3092.023468 11
318 3102.278000 3101.427695 16
319 3113.010000 3111.427695 0
320 3122.474000 3125.071500 10
321 3132.329000 3131.249652 18
322 3140.879000 3140.111997 23
323 3150.790000 3150.621283 12
324 3160.555000 3160.466805 16
325 3169.624000 3170.466805 0
326 3177.834000 3180.466805 0
327 3187.548000 3187.851496 18
328 3198.656000 3198.854863 18
329 3208.441000 3208.710941 14
330 3217.491000 3217.790466 21
331 3228.026000 3227.809658 23
332 3238.294000 3237.809658 0
333 3248.222000 3248.273115 11
334 3258.222000 3257.576041 24
335 3267.432000 3266.942439 15
336 3277.002000 3276.251889 27
337 3287.002000 3286.765943 9
338 3297.002000 3263.793215 8
339 3307.002000 3309.182875 16
340 3316.855000 3319.182875 0
341 3326.855000 3327.781201 18
342 3335.816000 3335.933207 9
343 3346.780000 3345.437966 14
344 3357.496000 3358.725617 13
345 3367.780000 3368.017446 29
346 3377.690000 3378.017446 0
347 3387.331000 3387.871006 15
348 3397.331000 3397.899773 15
349 3403.895000 3404.329394 16
350 3413.895000 3412.793631 10
351 3423.625000 3423.885443 13
352 3434.501000 3433.885443 0
353 3444.227000 3444.275571 16
354 3454.999000 3452.922462 13
355 3464.135000 3465.061164 21
356 3474.135000 3475.061164 0
357 3484.135000 3484.253679 13
358 3493.815000 3494.738226 11
359 3503.474000 3503.228109 19
360 3513.133000 3513.068463 18
361 3522.614000 3522.561254 16
362 3532.614000 3532.561254 0
363 3540.698000 3540.919492 19
364 3549.319000 3549.295308 11
365 3560.035000 3559.629674 8
366 3570.427000 3570.501525 13
367 3579.853000 3578.998224 25
368 3588.868000 3576.466688 12
369 3597.758000 3579.424015 12
370 3608.598000 3614.387582 10
371 3619.205000 3619.530174 13
372 3630.495000 3630.022106 24
373 3639.841000 3639.932571 21
374 3650.150000 3649.932571 0
375 3658.773000 3659.932571 0
376 3669.988000 3669.932571 0
377 3675.443000 3675.997380 8
378 3686.082000 3687.584167 23
379 3696.082000 3697.584167 0
380 3707.480000 3709.418306 19
381 3717.480000 3710.207093 22
382 3727.480000 3719.803571 15
383 3737.086000 3729.803571 0
384 3746.943000 3793.630899 10
385 3756.241000 3757.591905 16
386 3766.400000 3765.997341 18
387 3776.400000 3755.175606 13
388 3786.400000 3785.658539 23
389 3795.665000 3795.364983 15
390 3803.874000 3803.908019 17
391 3813.588000 3814.239666 20
392 3823.819000 3823.613680 14
393 3833.460000 3833.613680 0
394 3842.278000 3842.599483 28
395 3852.672000 3852.632483 21
396 3863.100000 3864.611718 10
397 3873.868000 3874.193883 12
398 3883.688000 3881.931443 14
399 3892.560000 3900.677317 14
400 3903.079000 3903.705043 18
401 3913.113000 3912.711203 10
402 3922.683000 3922.711811 12
403 3932.467000 3932.549669 21
404 3942.324000 3938.385582 8
405 3950.945000 3951.103862 13
406 3960.478000 3971.186543 9
407 3970.818000 3981.186543 0
408 3980.709000 3991.186543 0
409 3987.524000 3988.252417 14
410 3997.721000 3998.360282 23
411 4007.827000 4004.013876 15
412 4017.827000 4014.013876 0
413 4027.055000 4026.038500 15
414 4036.481000 4037.629245 12
415 4046.481000 4045.666332 10
416 4055.175000 4056.229366 15
417 4064.458000 4064.459893 9
418 4073.867000 4074.459893 0
419 4082.614000 4084.459893 0
420 4093.775000 4094.459893 0
421 4102.647000 4103.188785 21
422 4111.877000 4111.446038 11
423 4121.715000 4121.021572 21
424 4130.747000 4131.021572 0
425 4140.193000 4140.264398 21
426 4150.031000 4150.212724 13
427 4159.457000 4160.501815 10
428 4170.041000 4169.903640 19
429 4179.827000 4179.688404 23
430 4189.240000 4188.018685 12
431 4198.753000 4163.856615 10
432 4208.351000 4208.892489 20
433 4217.789000 4217.646310 21
434 4227.286000 4226.804735 16
435 4236.999000 4236.890129 19
436 4244.888000 4246.890129 0
437 4254.888000 4255.425673 11
438 4264.439000 4229.561947 8
439 4274.258000 4274.774261 20
440 4284.043000 4285.302576 19
441 4294.402000 4294.320311 15
442 4303.916000 4303.619149 34
443 4313.916000 4313.619149 0
444 4323.916000 4325.928448 14
445 4333.452000 4334.082402 20
446 4343.452000 4343.824404 23
447 4353.696000 4352.866565 19
448 4363.535000 4363.727489 18
449 4373.659000 4373.727489 0
450 4384.141000 4383.727489 0
451 4393.800000 4394.541086 12
452 4403.011000 4403.310618 11
453 4412.922000 4412.378848 13
454 4421.741000 4419.294049 17
455 4431.202000 4429.294049 0
456 4440.558000 4441.388209 24
457 4450.718000 4451.909532 18
458 4460.914000 4461.613716 9
459 4468.980000 4469.605934 19
460 4477.834000 4476.386299 14
461 4487.834000 4524.286867 12
462 4496.760000 4471.002053 9
463 4505.714000 4456.302144 8
464 4514.669000 4466.302144 0
465 4522.896000 4523.662331 8
466 4532.554000 4473.800642 17
467 4540.771000 4539.457417 16
468 4549.692000 4547.580210 17
469 4558.663000 4566.795338 10
470 4568.567000 4573.908662 20
471 4579.446000 4577.305299 11
472 4586.385000 4586.390401 22
473 4596.676000 4598.195040 12
474 4606.008000 4606.131398 21
475 4615.820000 4576.052165 8
476 4624.232000 4624.061911 8
477 4633.843000 4633.977224 26
478 4643.506000 4643.130494 29
479 4652.917000 4652.304664 17
480 4662.917000 4663.166681 31
481 4672.917000 4672.642193 31
