001 0.000000 -0.155239 95
002 10.000000 9.981369 32
003 20.000000 20.591200 21
004 30.000000 29.665541 32
005 39.500000 39.482471 26
006 49.500000 49.440483 50
007 59.500000 59.389452 28
008 69.500000 69.468078 58
009 79.500000 79.462870 35
010 89.500000 89.445905 63
011 99.500000 99.514619 66
012 109.500000 109.479550 67
013 119.495000 119.524205 62
014 129.495000 129.393326 84
015 139.495000 139.555657 78
016 149.495000 149.502152 61
017 159.495000 159.503199 94
018 169.495000 169.461460 63
019 179.496000 179.550784 77
020 189.496000 189.548447 79
021 199.496000 199.457981 89
022 209.496000 209.589110 64
023 219.496000 219.452955 66
024 229.496000 229.301878 40
025 239.496000 240.408316 31
026 249.496000 250.280952 23
027 257.833000 259.709841 18
028 268.070000 269.165684 24
029 278.273000 277.468393 33
030 288.681000 287.104245 21
031 299.870000 300.720760 39
032 309.155000 308.946563 22
033 319.459000 318.946563 0
034 327.623000 328.946563 0
035 333.710000 394.840863 9
036 343.710000 328.354614 8
037 353.913000 367.657126 8
038 362.483000 372.262644 12
039 374.999000 454.713387 10
040 385.304000 385.005301 29
041 395.507000 395.704487 20
042 405.814000 406.273497 54
043 416.151000 394.951797 16
044 426.151000 426.346660 11
045 436.526000 436.712055 32
046 446.591000 444.222727 13
047 454.821000 454.775072 24
048 464.821000 464.775072 0
049 473.425000 474.775072 0
050 483.288000 483.304987 20
051 493.185000 493.969727 33
052 502.674000 502.985730 34
053 512.129000 512.083047 15
054 521.822000 521.872931 21
055 532.195000 531.872931 0
056 540.665000 541.872931 0
057 550.665000 555.344036 10
058 560.936000 561.694155 17
059 570.219000 569.944190 27
060 580.219000 579.815274 21
061 590.965000 625.326982 13
062 600.454000 600.536695 26
063 610.340000 611.430097 26
064 620.425000 620.784758 51
065 630.553000 630.820554 24
066 641.140000 640.820554 0
067 650.220000 650.820554 0
068 660.064000 659.960605 38
069 670.064000 669.960605 0
070 679.938000 679.371150 28
071 689.580000 689.532749 46
072 699.835000 699.822441 13
073 709.835000 709.378570 24
074 719.292000 721.174607 9
075 729.031000 729.186179 15
076 738.875000 738.815498 18
077 748.746000 749.143324 18
078 758.152000 757.929872 34
079 767.529000 804.408264 15
080 777.609000 814.408264 0
081 787.844000 788.097621 25
082 798.130000 798.481396 34
083 808.001000 807.783765 23
084 818.288000 818.602820 41
085 828.471000 827.154087 28
086 837.900000 805.571523 8
087 848.134000 848.881940 16
088 857.721000 857.500928 19
089 866.734000 867.083989 16
090 875.852000 876.173044 29
091 885.852000 885.641367 22
092 894.867000 868.230675 8
093 904.998000 905.133188 23
094 914.582000 914.485961 22
095 924.168000 925.003965 23
096 934.168000 933.945366 28
097 943.521000 943.945366 0
098 952.743000 951.827781 27
099 962.718000 962.583907 24
100 972.147000 972.562360 29
101 982.147000 982.171595 40
102 991.915000 991.828336 32
103 1002.124000 1001.229455 23
104 1012.593000 1011.229455 0
105 1022.696000 1022.745283 8
106 1032.179000 1032.519475 25
107 1041.271000 1041.524417 33
108 1051.090000 1051.424783 32
109 1061.324000 1061.643251 20
110 1071.092000 1070.843057 29
111 1081.067000 1080.843057 0
112 1090.341000 1090.477069 14
113 1100.264000 1101.270444 19
114 1110.601000 1110.394375 34
115 1120.188000 1120.031368 22
116 1129.695000 1129.439224 24
117 1139.543000 1140.088664 26
118 1148.939000 1148.870733 28
119 1159.306000 1159.279487 22
120 1168.955000 1169.020879 27
121 1178.580000 1179.020879 0
122 1188.580000 1189.020879 0
123 1198.222000 1198.902239 26
124 1208.379000 1208.510399 24
125 1218.491000 1219.652801 15
126 1228.491000 1228.279570 17
127 1237.938000 1237.448356 21
128 1248.097000 1275.686260 9
129 1257.411000 1259.889056 9
130 1267.338000 1267.220522 14
131 1277.474000 1276.654626 24
132 1287.371000 1286.749988 19
133 1295.957000 1296.749988 0
134 1306.140000 1306.202933 22
135 1316.557000 1316.202933 0
136 1325.905000 1325.620085 20
137 1336.205000 1336.025399 35
138 1346.205000 1345.923111 34
139 1355.472000 1355.239080 26
140 1365.786000 1409.638936 9
141 1375.106000 1338.443138 9
142 1384.732000 1340.762269 10
143 1394.373000 1394.298111 25
144 1403.969000 1404.286019 37
145 1413.772000 1412.171278 17
146 1423.807000 1421.767234 14
147 1432.759000 1431.767234 0
148 1442.185000 1443.087262 16
149 1452.185000 1452.321717 38
150 1461.552000 1461.294044 17
151 1469.403000 1468.362841 11
152 1481.218000 1481.852743 21
153 1491.130000 1490.906299 18
154 1501.296000 1502.068706 10
155 1511.430000 1512.030449 12
156 1521.754000 1521.705146 8
157 1531.842000 1531.409750 10
158 1540.884000 1541.409750 0
159 1551.794000 1551.866712 19
160 1561.076000 1561.461446 31
161 1570.996000 1571.303049 20
162 1580.996000 1581.308885 28
163 1590.875000 1591.308885 0
164 1600.220000 1662.217310 13
165 1609.660000 1672.217310 0
166 1616.952000 1617.373235 24
167 1627.628000 1630.405274 18
168 1638.073000 1638.096876 35
169 1647.976000 1648.150294 16
170 1659.699000 1637.303281 9
171 1669.718000 1669.526379 28
172 1680.298000 1680.076635 26
173 1690.007000 1689.861260 25
174 1700.007000 1699.739340 35
175 1710.047000 1710.548862 24
176 1719.833000 1720.124928 28
177 1729.931000 1730.015226 23
178 1740.105000 1740.076565 25
179 1750.008000 1749.958046 36
180 1759.659000 1759.581359 18
181 1768.983000 1769.593421 15
182 1778.325000 1776.677264 14
183 1786.836000 1818.814906 12
184 1796.991000 1804.107689 8
185 1806.991000 1807.427503 28
186 1817.339000 1817.435864 18
187 1826.856000 1826.876075 56
188 1836.740000 1837.380170 19
189 1847.455000 1847.380170 0
190 1858.635000 1831.192990 8
191 1868.326000 1869.782895 21
192 1878.248000 1878.823056 29
193 1887.920000 1887.425402 37
194 1897.340000 1896.371864 25
195 1905.560000 1904.581413 11
196 1915.773000 1914.581413 0
197 1925.308000 1925.720117 29
198 1935.308000 1936.604650 12
199 1945.308000 1945.603155 22
200 1955.077000 1954.635930 18
201 1964.709000 1964.758598 11
202 1974.265000 1974.758598 0
203 1984.091000 1984.654865 37
204 1994.419000 1994.185626 14
205 2003.917000 2003.045923 18
206 2014.342000 2013.575435 10
207 2024.342000 2024.711375 25
208 2034.748000 2020.610190 8
209 2044.497000 2044.936915 19
210 2052.930000 2052.988267 18
211 2063.510000 2063.178069 20
212 2073.510000 2073.217240 37
213 2083.181000 2083.237850 32
214 2092.775000 2091.464583 18
215 2102.699000 2102.947949 29
216 2113.085000 2113.463444 15
217 2122.582000 2122.777167 33
218 2132.582000 2207.429992 14
219 2142.621000 2142.885021 22
220 2152.621000 2145.366859 14
221 2162.408000 2162.464320 23
222 2171.964000 2171.796487 28
223 2181.132000 2180.627830 19
224 2192.079000 2192.675763 19
225 2201.906000 2201.703034 38
226 2212.564000 2211.149615 20
227 2222.486000 2222.261842 35
228 2231.635000 2231.527176 24
229 2240.552000 2239.727952 18
230 2248.869000 2248.837583 11
231 2259.720000 2260.075167 23
232 2269.584000 2267.170813 9
233 2279.663000 2279.645662 14
234 2289.295000 2289.450597 32
235 2299.140000 2298.212128 30
236 2308.309000 2308.357336 44
237 2318.309000 2317.145586 13
238 2328.433000 2328.002915 19
239 2338.700000 2338.531369 37
240 2348.841000 2348.531369 0
241 2357.638000 2357.416446 31
242 2367.556000 2367.743036 25
243 2377.556000 2375.711424 14
244 2387.492000 2387.526471 34
245 2397.492000 2409.742014 9
246 2407.245000 2407.239631 49
247 2416.888000 2416.892460 27
248 2426.625000 2426.315585 38
249 2436.625000 2436.813731 33
250 2446.625000 2445.381313 14
251 2455.791000 2477.007607 13
252 2465.563000 2465.274797 16
253 2475.219000 2475.502707 49
254 2484.752000 2484.256218 28
255 2494.345000 2494.157013 13
256 2503.590000 2503.250951 18
257 2513.327000 2502.215036 8
258 2522.425000 2532.548504 9
259 2532.425000 2533.635065 25
260 2542.010000 2542.683190 23
261 2551.132000 2551.143947 28
262 2560.594000 2558.722459 31
263 2569.813000 2568.791860 14
264 2579.056000 2535.598054 11
265 2588.033000 2587.454080 32
266 2597.181000 2597.208777 15
267 2607.181000 2606.948336 21
268 2616.802000 2616.071104 31
269 2625.949000 2625.435444 29
270 2635.336000 2635.435444 0
271 2645.336000 2645.837465 18
272 2654.752000 2655.495783 11
273 2664.938000 2663.792271 22
274 2673.879000 2718.069801 11
275 2684.329000 2682.955260 14
276 2693.608000 2691.810295 22
277 2703.396000 2703.311990 22
278 2712.325000 2713.100093 13
279 2723.233000 2723.871671 39
280 2733.586000 2733.457514 19
281 2743.313000 2742.879783 24
282 2753.123000 2788.177387 8
283 2760.110000 2760.228608 20
284 2770.319000 2770.759605 14
285 2780.069000 2780.018882 28
286 2790.069000 2789.799559 18
287 2800.298000 2798.734262 13
288 2810.104000 2810.009024 34
289 2819.480000 2819.747274 27
290 2829.025000 2826.942228 26
291 2839.102000 2839.971366 15
292 2849.021000 2849.174320 24
293 2858.916000 2858.886674 20
294 2869.329000 2868.886674 0
295 2877.668000 2878.886674 0
296 2887.442000 2887.928805 22
297 2897.795000 2897.692211 33
298 2907.293000 2907.241380 23
299 2917.175000 2916.961355 35
300 2926.998000 2924.413595 15
301 2935.746000 2931.873299 10
302 2945.436000 2944.529684 11
303 2955.356000 2955.654131 20
304 2964.522000 2963.919768 18
305 2974.983000 2974.896993 16
306 2985.603000 2984.865814 26
307 2995.729000 2994.865814 0
308 3006.629000 3005.932460 22
309 3014.953000 3014.979120 24
310 3024.823000 3023.735255 29
311 3034.477000 3033.744870 15
312 3043.168000 3042.124191 17
313 3051.342000 3051.392697 29
314 3061.468000 3061.167486 20
315 3071.381000 3071.140098 29
316 3080.242000 3080.344175 24
317 3090.518000 3088.936580 16
318 3099.379000 3099.580535 33
319 3109.614000 3108.780926 24
320 3119.010000 3118.780926 0
321 3128.279000 3128.698822 30
322 3137.870000 3136.428791 28
323 3146.021000 3146.426663 30
324 3155.866000 3155.345410 42
325 3165.193000 3163.756313 14
326 3174.701000 3173.756313 0
327 3184.357000 3184.341145 21
328 3194.357000 3195.040128 20
329 3204.267000 3204.457697 24
330 3213.801000 3213.898663 27
331 3224.560000 3224.390195 21
332 3234.264000 3233.035597 21
333 3244.615000 3244.183429 20
334 3253.814000 3254.863528 19
335 3263.814000 3263.842086 24
336 3273.940000 3273.912979 42
337 3283.138000 3282.661467 12
338 3294.383000 3292.661467 0
339 3302.959000 3303.211820 17
340 3312.556000 3313.211820 0
341 3323.005000 3325.781174 20
342 3334.161000 3333.724229 17
343 3344.480000 3343.720754 20
344 3354.582000 3337.372565 9
345 3364.582000 3365.205227 26
346 3374.424000 3374.510579 21
347 3384.424000 3385.417424 21
348 3394.511000 3394.584803 28
349 3404.275000 3403.230361 22
350 3414.420000 3413.230361 0
351 3423.839000 3423.230361 0
352 3434.227000 3433.468860 16
353 3443.973000 3443.994102 32
354 3454.135000 3454.202191 28
355 3463.796000 3463.541167 43
356 3473.317000 3471.124130 10
357 3483.002000 3482.864574 20
358 3491.710000 3492.258941 24
359 3501.231000 3501.178674 22
360 3511.079000 3510.759119 40
361 3520.698000 3520.631472 42
362 3530.154000 3529.047669 13
363 3539.741000 3539.745934 28
364 3549.838000 3549.745934 0
365 3559.823000 3560.083722 11
366 3571.457000 3571.546520 15
367 3581.369000 3578.217456 21
368 3590.500000 3590.859601 15
369 3600.241000 3554.130878 8
370 3610.648000 3609.952599 14
371 3620.496000 3619.621722 13
372 3631.869000 3631.554117 38
373 3640.968000 3640.819370 27
374 3651.042000 3650.015268 16
375 3660.726000 3660.543341 8
376 3667.063000 3664.900819 15
377 3675.057000 3677.098465 8
378 3686.171000 3685.591199 17
379 3694.652000 3695.591199 0
380 3705.060000 3708.097395 12
381 3715.001000 3712.682131 33
382 3725.044000 3711.821962 29
383 3733.674000 3721.821962 0
384 3743.809000 3743.044774 25
385 3753.461000 3753.767705 30
386 3763.193000 3762.968748 22
387 3772.288000 3756.173167 9
388 3781.697000 3782.778912 32
389 3791.239000 3791.097234 39
390 3799.153000 3801.291792 16
391 3809.153000 3809.717018 18
392 3818.946000 3857.839777 8
393 3828.946000 3876.435518 14
394 3839.290000 3839.202721 33
395 3849.127000 3849.241005 25
396 3859.366000 3858.573447 26
397 3869.880000 3869.924755 29
398 3879.793000 3879.609834 23
399 3889.165000 3889.015512 22
400 3898.538000 3900.386906 24
401 3908.473000 3908.806018 18
402 3918.296000 3918.353943 34
403 3928.034000 3927.847808 12
404 3937.025000 3936.410482 22
405 3945.670000 3945.423609 31
406 3954.797000 3952.438825 16
407 3963.756000 3964.323565 20
408 3975.048000 3974.890859 30
409 3981.645000 3984.890859 0
410 3992.690000 3992.788366 34
411 4002.457000 4002.376363 29
412 4011.982000 4010.918311 29
413 4021.430000 4021.696903 16
414 4030.624000 4031.217286 21
415 4040.513000 4040.495359 24
416 4049.727000 4048.238240 27
417 4058.371000 4101.362714 11
418 4068.258000 4067.112652 17
419 4076.974000 4118.855774 11
420 4085.661000 4085.390128 11
421 4096.585000 4096.909869 20
422 4105.894000 4106.126902 45
423 4115.448000 4114.247368 21
424 4123.311000 4122.491872 27
425 4132.804000 4132.086368 18
426 4142.148000 4142.382300 38
427 4151.574000 4151.144809 18
428 4160.897000 4160.251990 21
429 4170.041000 4170.450738 25
430 4180.202000 4179.381895 30
431 4189.466000 4189.302438 34
432 4198.878000 4199.953408 17
433 4208.352000 4207.798163 30
434 4218.124000 4218.450083 44
435 4228.124000 4227.711376 32
436 4237.399000 4236.686453 15
437 4245.914000 4245.789358 28
438 4255.326000 4257.166200 26
439 4264.948000 4264.570294 28
440 4274.331000 4274.776709 41
441 4284.331000 4284.744705 31
442 4294.866000 4294.567675 31
443 4304.488000 4303.827361 43
444 4314.081000 4301.990425 10
445 4323.524000 4324.965905 14
446 4333.314000 4333.286726 36
447 4342.679000 4343.076589 31
448 4351.252000 4352.198768 22
449 4361.175000 4360.492538 31
450 4371.247000 4370.492538 0
451 4380.061000 4380.929545 8
452 4388.724000 4388.160547 27
453 4397.957000 4398.194871 23
454 4408.286000 4408.235125 18
455 4418.401000 4417.559715 42
456 4427.665000 4426.956336 8
457 4437.586000 4438.212409 31
458 4447.586000 4447.787924 36
459 4457.586000 4457.060527 30
460 4466.965000 4467.184571 40
461 4476.557000 4476.280949 15
462 4485.941000 4485.145057 16
463 4495.941000 4526.787779 15
464 4504.556000 4536.787779 0
465 4514.556000 4514.610907 12
466 4524.310000 4521.578934 15
467 4532.555000 4531.573432 12
468 4542.555000 4538.348254 18
469 4551.201000 4550.597547 38
470 4561.332000 4561.195965 16
471 4572.125000 4571.195965 0
472 4581.268000 4584.382151 15
473 4590.771000 4591.108445 23
474 4600.003000 4642.147335 14
475 4610.003000 4610.103250 31
476 4619.399000 4576.532009 19
477 4627.343000 4628.487673 15
478 4636.335000 4636.723895 41
479 4646.109000 4645.197957 34
480 4655.421000 4654.815059 24
481 4665.421000 4664.989943 41
