001 0.000000 0.008399 46
002 10.000000 10.098316 28
003 20.000000 21.548658 11
004 30.000000 31.548658 0
005 39.500000 39.459437 12
006 49.500000 49.439649 29
007 59.500000 59.497734 18
008 69.500000 69.469483 19
009 79.500000 79.454814 24
010 89.500000 89.480376 28
011 99.500000 99.472691 31
012 109.500000 109.474486 38
013 119.495000 119.581649 31
014 129.495000 129.362213 41
015 139.495000 139.467009 40
016 149.495000 149.523870 38
017 159.495000 159.421018 52
018 169.495000 169.465232 37
019 179.496000 179.506540 47
020 189.496000 189.449512 44
021 199.496000 199.455413 52
022 209.496000 209.441103 33
023 219.496000 219.394628 39
024 229.496000 229.478695 20
025 239.496000 241.541921 11
026 249.496000 250.610364 17
027 257.833000 257.632530 20
028 268.070000 267.632530 0
029 278.273000 278.294757 16
030 288.681000 288.419668 15
031 299.870000 299.677974 23
032 309.155000 309.320770 13
033 319.459000 319.320770 0
034 327.623000 329.320770 0
035 333.710000 339.320770 0
036 343.710000 349.320770 0
037 353.913000 359.320770 0
038 362.483000 371.095881 8
039 374.999000 381.095881 0
040 385.304000 385.311954 8
041 395.507000 395.311954 0
042 405.814000 406.135371 26
043 416.151000 416.135371 0
044 426.151000 426.135371 0
045 436.526000 437.046583 8
046 446.591000 447.046583 0
047 454.821000 454.152034 8
048 464.821000 464.152034 0
049 473.425000 474.152034 0
050 483.288000 483.229605 13
051 493.185000 493.097219 19
052 502.674000 503.100900 17
053 512.129000 512.594916 12
054 521.822000 521.771238 8
055 532.195000 531.771238 0
056 540.665000 541.771238 0
057 550.665000 551.771238 0
058 560.936000 561.771238 0
059 570.219000 570.470133 10
060 580.219000 579.673416 11
061 590.965000 644.061211 10
062 600.454000 654.061211 0
063 610.340000 609.915874 13
064 620.425000 620.453136 20
065 630.553000 630.636566 11
066 641.140000 640.636566 0
067 650.220000 650.636566 0
068 660.064000 660.089328 20
069 670.064000 669.607110 9
070 679.938000 679.694240 18
071 689.580000 689.485821 26
072 699.835000 699.757423 8
073 709.835000 709.672622 16
074 719.292000 719.672622 0
075 729.031000 729.058469 8
076 738.875000 738.924507 10
077 748.746000 748.787934 8
078 758.152000 758.160016 29
079 767.529000 768.160016 0
080 777.609000 778.160016 0
081 787.844000 788.160016 0
082 798.130000 798.605070 18
083 808.001000 807.604741 14
084 818.288000 818.311143 16
085 828.471000 828.336467 14
086 837.900000 838.336467 0
087 848.134000 848.297481 8
088 857.721000 858.297481 0
089 866.734000 868.297481 0
090 875.852000 875.922668 21
091 885.852000 886.179421 13
092 894.867000 896.179421 0
093 904.998000 904.994026 11
094 914.582000 914.461829 15
095 924.168000 924.461829 0
096 934.168000 933.852992 14
097 943.521000 943.439395 9
098 952.743000 952.555919 11
099 962.718000 962.555919 0
100 972.147000 972.555919 0
101 982.147000 982.190339 22
102 991.915000 991.983267 21
103 1002.124000 1001.915794 15
104 1012.593000 1011.915794 0
105 1022.696000 1022.793961 15
106 1032.179000 1032.686918 13
107 1041.271000 1041.658778 12
108 1051.090000 1051.036958 16
109 1061.324000 1061.036958 0
110 1071.092000 1071.188323 13
111 1081.067000 1081.188323 0
112 1090.341000 1090.235968 8
113 1100.264000 1100.364978 10
114 1110.601000 1109.952328 13
115 1120.188000 1120.355210 17
116 1129.695000 1129.549288 13
117 1139.543000 1139.549288 0
118 1148.939000 1149.033600 15
119 1159.306000 1159.666538 9
120 1168.955000 1169.146137 9
121 1178.580000 1179.146137 0
122 1188.580000 1189.146137 0
123 1198.222000 1198.383048 15
124 1208.379000 1208.500520 14
125 1218.491000 1218.500520 0
126 1228.491000 1228.420087 12
127 1237.938000 1237.941633 14
128 1248.097000 1247.941633 0
129 1257.411000 1257.941633 0
130 1267.338000 1266.933950 10
131 1277.474000 1277.464268 14
132 1287.371000 1287.155866 11
133 1295.957000 1297.155866 0
134 1306.140000 1307.155866 0
135 1316.557000 1317.155866 0
136 1325.905000 1326.228963 9
137 1336.205000 1336.526396 19
138 1346.205000 1346.557487 19
139 1355.472000 1355.431321 24
140 1365.786000 1365.431321 0
141 1375.106000 1375.431321 0
142 1384.732000 1385.072205 11
143 1394.373000 1394.351478 19
144 1403.969000 1404.009596 22
145 1413.772000 1412.541329 9
146 1423.807000 1422.541329 0
147 1432.759000 1432.767047 8
148 1442.185000 1442.200477 17
149 1452.185000 1452.056719 15
150 1461.552000 1461.706246 8
151 1469.403000 1468.542382 9
152 1481.218000 1481.900741 14
153 1491.130000 1491.067330 11
154 1501.296000 1501.067330 0
155 1511.430000 1511.049347 11
156 1521.754000 1521.630803 10
157 1531.842000 1531.630803 0
158 1540.884000 1541.630803 0
159 1551.794000 1551.630803 0
160 1561.076000 1561.231586 20
161 1570.996000 1570.919620 9
162 1580.996000 1580.785392 12
163 1590.875000 1590.785392 0
164 1600.220000 1600.785392 0
165 1609.660000 1610.785392 0
166 1616.952000 1620.785392 0
167 1627.628000 1630.785392 0
168 1638.073000 1638.422765 16
169 1647.976000 1648.024968 11
170 1659.699000 1658.024968 0
171 1669.718000 1669.591935 20
172 1680.298000 1680.300453 23
173 1690.007000 1689.778223 13
174 1700.007000 1700.248109 18
175 1710.047000 1710.110433 22
176 1719.833000 1719.820047 11
177 1729.931000 1729.993652 12
178 1740.105000 1739.993652 0
179 1750.008000 1750.220176 8
180 1759.659000 1759.555022 15
181 1768.983000 1769.555022 0
182 1778.325000 1778.505553 9
183 1786.836000 1788.505553 0
184 1796.991000 1798.505553 0
185 1806.991000 1806.830161 11
186 1817.339000 1816.830161 0
187 1826.856000 1826.937510 41
188 1836.740000 1837.763780 9
189 1847.455000 1847.763780 0
190 1858.635000 1857.763780 0
191 1868.326000 1867.763780 0
192 1878.248000 1877.763780 0
193 1887.920000 1887.862111 22
194 1897.340000 1897.262132 19
195 1905.560000 1906.504912 10
196 1915.773000 1915.443735 15
197 1925.308000 1925.664007 12
198 1935.308000 1935.664007 0
199 1945.308000 1945.873469 10
200 1955.077000 1955.161507 10
201 1964.709000 1965.161507 0
202 1974.265000 1973.768727 9
203 1984.091000 1984.293535 15
204 1994.419000 1994.293535 0
205 2003.917000 2003.039496 14
206 2014.342000 2013.039496 0
207 2024.342000 2024.486366 17
208 2034.748000 2034.486366 0
209 2044.497000 2044.671482 16
210 2052.930000 2054.671482 0
211 2063.510000 2064.671482 0
212 2073.510000 2073.205408 17
213 2083.181000 2083.100481 24
214 2092.775000 2093.100481 0
215 2102.699000 2103.310856 14
216 2113.085000 2113.310856 0
217 2122.582000 2122.600849 12
218 2132.582000 2132.617364 12
219 2142.621000 2142.617364 0
220 2152.621000 2152.617364 0
221 2162.408000 2163.379687 10
222 2171.964000 2171.932275 18
223 2181.132000 2180.932014 8
224 2192.079000 2190.932014 0
225 2201.906000 2201.635082 19
226 2212.564000 2211.821533 8
227 2222.486000 2222.681417 20
228 2231.635000 2231.698040 10
229 2240.552000 2240.289193 12
230 2248.869000 2250.289193 0
231 2259.720000 2260.289193 0
232 2269.584000 2270.289193 0
233 2279.663000 2279.595120 10
234 2289.295000 2289.584334 19
235 2299.140000 2299.120995 21
236 2308.309000 2308.320112 18
237 2318.309000 2318.320112 0
238 2328.433000 2328.460819 14
239 2338.700000 2338.793263 16
240 2348.841000 2348.793263 0
241 2357.638000 2357.510103 13
242 2367.556000 2367.423492 8
243 2377.556000 2377.423492 0
244 2387.492000 2387.467036 14
245 2397.492000 2397.467036 0
246 2407.245000 2407.145340 25
247 2416.888000 2416.894114 18
248 2426.625000 2426.598759 22
249 2436.625000 2436.598759 0
250 2446.625000 2446.598759 0
251 2455.791000 2455.499278 17
252 2465.563000 2465.499278 0
253 2475.219000 2475.183624 17
254 2484.752000 2484.982574 11
255 2494.345000 2494.982574 0
256 2503.590000 2502.870045 11
257 2513.327000 2512.870045 0
258 2522.425000 2522.870045 0
259 2532.425000 2532.870045 0
260 2542.010000 2541.948436 10
261 2551.132000 2552.078274 13
262 2560.594000 2560.299223 23
263 2569.813000 2569.789243 12
264 2579.056000 2579.789243 0
265 2588.033000 2587.819480 12
266 2597.181000 2597.819480 0
267 2607.181000 2606.342763 12
268 2616.802000 2616.740595 10
269 2625.949000 2625.191550 10
270 2635.336000 2635.191550 0
271 2645.336000 2646.353320 11
272 2654.752000 2656.353320 0
273 2664.938000 2664.948319 10
274 2673.879000 2674.948319 0
275 2684.329000 2684.948319 0
276 2693.608000 2693.449919 16
277 2703.396000 2703.474147 10
278 2712.325000 2712.411018 9
279 2723.233000 2723.940398 15
280 2733.586000 2733.518156 12
281 2743.313000 2743.068591 13
282 2753.123000 2753.068591 0
283 2760.110000 2763.068591 0
284 2770.319000 2773.068591 0
285 2780.069000 2780.184860 14
286 2790.069000 2790.184860 0
287 2800.298000 2800.184860 0
288 2810.104000 2810.086254 11
289 2819.480000 2819.671659 12
290 2829.025000 2829.087756 15
291 2839.102000 2839.763899 8
292 2849.021000 2849.308723 14
293 2858.916000 2858.885183 15
294 2869.329000 2930.188147 10
295 2877.668000 2940.188147 0
296 2887.442000 2950.188147 0
297 2897.795000 2960.188147 0
298 2907.293000 2970.188147 0
299 2917.175000 2980.188147 0
300 2926.998000 2990.188147 0
301 2935.746000 3000.188147 0
302 2945.436000 3093.516862 9
303 2955.356000 3103.516862 0
304 2964.522000 3113.516862 0
305 2974.983000 3123.516862 0
306 2985.603000 3133.516862 0
307 2995.729000 3143.516862 0
308 3006.629000 3153.516862 0
309 3014.953000 3163.516862 0
310 3024.823000 3173.516862 0
311 3034.477000 3183.516862 0
312 3043.168000 3193.516862 0
313 3051.342000 3203.516862 0
314 3061.468000 3213.516862 0
315 3071.381000 3223.516862 0
316 3080.242000 3233.516862 0
317 3090.518000 3243.516862 0
318 3099.379000 3253.516862 0
319 3109.614000 3263.516862 0
320 3119.010000 3273.516862 0
321 3128.279000 3283.516862 0
322 3137.870000 3293.516862 0
323 3146.021000 3303.516862 0
324 3155.866000 3313.516862 0
325 3165.193000 3323.516862 0
326 3174.701000 3333.516862 0
327 3184.357000 3343.516862 0
328 3194.357000 3353.516862 0
329 3204.267000 3363.516862 0
330 3213.801000 3373.516862 0
331 3224.560000 3383.516862 0
332 3234.264000 3393.516862 0
333 3244.615000 3403.516862 0
334 3253.814000 3413.516862 0
335 3263.814000 3423.516862 0
336 3273.940000 3453.324638 8
337 3283.138000 3463.324638 0
338 3294.383000 3473.324638 0
339 3302.959000 3483.324638 0
340 3312.556000 3493.324638 0
341 3323.005000 3503.324638 0
342 3334.161000 3513.324638 0
343 3344.480000 3523.324638 0
344 3354.582000 3533.324638 0
345 3364.582000 3576.848744 10
346 3374.424000 3586.848744 0
347 3384.424000 3596.848744 0
348 3394.511000 3606.848744 0
349 3404.275000 3616.848744 0
350 3414.420000 3626.848744 0
351 3423.839000 3636.848744 0
352 3434.227000 3630.323288 13
353 3443.973000 3640.323288 0
354 3454.135000 3650.323288 0
355 3463.796000 3660.323288 0
356 3473.317000 3670.323288 0
357 3483.002000 3680.323288 0
358 3491.710000 3688.252406 9
359 3501.231000 3698.252406 0
360 3511.079000 3757.678548 10
361 3520.698000 3767.678548 0
362 3530.154000 3777.678548 0
363 3539.741000 3787.678548 0
364 3549.838000 3797.678548 0
365 3559.823000 3807.678548 0
366 3571.457000 3817.678548 0
367 3581.369000 3827.678548 0
368 3590.500000 3837.678548 0
369 3600.241000 3847.678548 0
370 3610.648000 3857.678548 0
371 3620.496000 3867.678548 0
372 3631.869000 3877.678548 0
373 3640.968000 3887.678548 0
374 3651.042000 3897.678548 0
375 3660.726000 3907.678548 0
376 3667.063000 3917.678548 0
377 3675.057000 3927.678548 0
378 3686.171000 3917.295577 8
379 3694.652000 3927.295577 0
380 3705.060000 3937.295577 0
381 3715.001000 3947.295577 0
382 3725.044000 3957.295577 0
383 3733.674000 3967.295577 0
384 3743.809000 3977.295577 0
385 3753.461000 3987.295577 0
386 3763.193000 3997.295577 0
387 3772.288000 4007.295577 0
388 3781.697000 3977.633095 9
389 3791.239000 3987.633095 0
390 3799.153000 3997.633095 0
391 3809.153000 4007.633095 0
392 3818.946000 4017.633095 0
393 3828.946000 4027.633095 0
394 3839.290000 4037.633095 0
395 3849.127000 4047.633095 0
396 3859.366000 4057.633095 0
397 3869.880000 4067.633095 0
398 3879.793000 4120.502215 10
399 3889.165000 4130.502215 0
400 3898.538000 4103.599470 8
401 3908.473000 4100.582863 8
402 3918.296000 4106.324394 12
403 3928.034000 4116.324394 0
404 3937.025000 4126.324394 0
405 3945.670000 4136.324394 0
406 3954.797000 4146.324394 0
407 3963.756000 4156.324394 0
408 3975.048000 4166.324394 0
409 3981.645000 4176.324394 0
410 3992.690000 4186.324394 0
411 4002.457000 4196.324394 0
412 4011.982000 4206.324394 0
413 4021.430000 4216.324394 0
414 4030.624000 4226.324394 0
415 4040.513000 4236.324394 0
416 4049.727000 4246.324394 0
417 4058.371000 4256.324394 0
418 4068.258000 4266.324394 0
419 4076.974000 4276.324394 0
420 4085.661000 4286.324394 0
421 4096.585000 4296.324394 0
422 4105.894000 4306.324394 0
423 4115.448000 4316.324394 0
424 4123.311000 4326.324394 0
425 4132.804000 4336.324394 0
426 4142.148000 4346.324394 0
427 4151.574000 4356.324394 0
428 4160.897000 4366.324394 0
429 4170.041000 4376.324394 0
430 4180.202000 4386.324394 0
431 4189.466000 4396.324394 0
432 4198.878000 4406.324394 0
433 4208.352000 4416.324394 0
434 4218.124000 4426.324394 0
435 4228.124000 4436.324394 0
436 4237.399000 4446.324394 0
437 4245.914000 4456.324394 0
438 4255.326000 4466.324394 0
439 4264.948000 4476.324394 0
440 4274.331000 4486.324394 0
441 4284.331000 4496.324394 0
442 4294.866000 4506.324394 0
443 4304.488000 4516.324394 0
444 4314.081000 4526.324394 0
445 4323.524000 4536.324394 0
446 4333.314000 4546.324394 0
447 4342.679000 4556.324394 0
448 4351.252000 4538.627345 12
449 4361.175000 4548.627345 0
450 4371.247000 4558.627345 0
451 4380.061000 4568.627345 0
452 4388.724000 4578.627345 0
453 4397.957000 4637.753760 9
454 4408.286000 4647.753760 0
455 4418.401000 4657.753760 0
456 4427.665000 4667.753760 0
457 4437.586000 4677.753760 0
458 4447.586000 4687.753760 0
459 4457.586000 4697.753760 0
460 4466.965000 4707.753760 0
461 4476.557000 4717.753760 0
462 4485.941000 4727.753760 0
463 4495.941000 4610.050968 11
464 4504.556000 4620.050968 0
465 4514.556000 4630.050968 0
466 4524.310000 4640.050968 0
467 4532.555000 4650.050968 0
468 4542.555000 4660.050968 0
469 4551.201000 4670.050968 0
470 4561.332000 4561.128440 12
471 4572.125000 4571.128440 0
472 4581.268000 4581.128440 0
473 4590.771000 4591.111237 13
474 4600.003000 4645.949625 10
475 4610.003000 4610.392226 16
476 4619.399000 4620.392226 0
477 4627.343000 4630.392226 0
478 4636.335000 4637.391365 11
479 4646.109000 4646.116634 23
480 4655.421000 4654.456180 8
481 4665.421000 4665.211446 23
