001 0.000000 0.008399 46
002 10.000000 10.105802 26
003 20.000000 21.548658 11
004 30.000000 31.548658 0
005 39.500000 39.458968 13
006 49.500000 49.477647 28
007 59.500000 59.491509 17
008 69.500000 69.469483 19
009 79.500000 79.451331 24
010 89.500000 89.481688 27
011 99.500000 99.474706 33
012 109.500000 109.578699 38
013 119.495000 119.577290 33
014 129.495000 129.374527 46
015 139.495000 139.468602 41
016 149.495000 149.523870 38
017 159.495000 159.421884 53
018 169.495000 169.466292 39
019 179.496000 179.506540 47
020 189.496000 189.448342 45
021 199.496000 199.455948 52
022 209.496000 209.443076 34
023 219.496000 219.315446 40
024 229.496000 229.478588 25
025 239.496000 241.547911 11
026 249.496000 250.610364 17
027 257.833000 257.632530 20
028 268.070000 267.632530 0
029 278.273000 278.131850 17
030 288.681000 288.745268 9
031 299.870000 299.665087 22
032 309.155000 309.303322 13
033 319.459000 319.303322 0
034 327.623000 329.303322 0
035 333.710000 339.303322 0
036 343.710000 349.303322 0
037 353.913000 359.303322 0
038 362.483000 371.095881 8
039 374.999000 381.095881 0
040 385.304000 385.189095 12
041 395.507000 395.189095 0
042 405.814000 406.161885 26
043 416.151000 416.161885 0
044 426.151000 426.161885 0
045 436.526000 437.046583 8
046 446.591000 447.046583 0
047 454.821000 457.046583 0
048 464.821000 467.046583 0
049 473.425000 473.405970 9
050 483.288000 483.236168 10
051 493.185000 493.090947 17
052 502.674000 503.081922 18
053 512.129000 512.162017 11
054 521.822000 522.162017 0
055 532.195000 532.162017 0
056 540.665000 542.162017 0
057 550.665000 552.162017 0
058 560.936000 562.162017 0
059 570.219000 570.470133 10
060 580.219000 580.209656 14
061 590.965000 590.209656 0
062 600.454000 600.209656 0
063 610.340000 609.915874 13
064 620.425000 620.868678 17
065 630.553000 630.636566 11
066 641.140000 640.636566 0
067 650.220000 650.636566 0
068 660.064000 660.164011 21
069 670.064000 669.607110 9
070 679.938000 679.685803 17
071 689.580000 689.476763 28
072 699.835000 699.776761 10
073 709.835000 709.667078 15
074 719.292000 719.667078 0
075 729.031000 729.058469 8
076 738.875000 738.924303 12
077 748.746000 749.148612 8
078 758.152000 758.107233 31
079 767.529000 768.107233 0
080 777.609000 778.107233 0
081 787.844000 788.107233 0
082 798.130000 798.344196 15
083 808.001000 807.604741 14
084 818.288000 818.321254 16
085 828.471000 828.336176 14
086 837.900000 838.336176 0
087 848.134000 848.336176 0
088 857.721000 858.336176 0
089 866.734000 868.336176 0
090 875.852000 875.924983 22
091 885.852000 886.137787 14
092 894.867000 896.137787 0
093 904.998000 904.994356 10
094 914.582000 914.471629 16
095 924.168000 924.471629 0
096 934.168000 933.852992 14
097 943.521000 943.394560 8
098 952.743000 952.555919 11
099 962.718000 962.555919 0
100 972.147000 972.555919 0
101 982.147000 982.190339 22
102 991.915000 991.983866 21
103 1002.124000 1001.873443 12
104 1012.593000 1011.873443 0
105 1022.696000 1022.806808 17
106 1032.179000 1032.686918 13
107 1041.271000 1041.097671 13
108 1051.090000 1051.035383 15
109 1061.324000 1061.035383 0
110 1071.092000 1071.163682 13
111 1081.067000 1081.163682 0
112 1090.341000 1090.350772 11
113 1100.264000 1100.320904 14
114 1110.601000 1109.816057 11
115 1120.188000 1120.347900 18
116 1129.695000 1129.334968 16
117 1139.543000 1139.334968 0
118 1148.939000 1148.979778 18
119 1159.306000 1159.316284 9
120 1168.955000 1169.158225 10
121 1178.580000 1179.158225 0
122 1188.580000 1188.438758 9
123 1198.222000 1198.386223 14
124 1208.379000 1208.513065 12
125 1218.491000 1218.513065 0
126 1228.491000 1228.414314 11
127 1237.938000 1237.941633 14
128 1248.097000 1247.941633 0
129 1257.411000 1257.941633 0
130 1267.338000 1266.826407 8
131 1277.474000 1276.826407 0
132 1287.371000 1287.104117 11
133 1295.957000 1297.104117 0
134 1306.140000 1306.124509 8
135 1316.557000 1316.124509 0
136 1325.905000 1326.124509 0
137 1336.205000 1336.553496 17
138 1346.205000 1346.569787 18
139 1355.472000 1355.283709 25
140 1365.786000 1365.283709 0
141 1375.106000 1375.283709 0
142 1384.732000 1384.845610 10
143 1394.373000 1394.350460 18
144 1403.969000 1403.914997 20
145 1413.772000 1412.754668 11
146 1423.807000 1422.754668 0
147 1432.759000 1432.818242 10
148 1442.185000 1442.201988 15
149 1452.185000 1452.212274 15
150 1461.552000 1461.633342 9
151 1469.403000 1468.628669 10
152 1481.218000 1481.946856 13
153 1491.130000 1491.742253 13
154 1501.296000 1501.470502 9
155 1511.430000 1511.131629 14
156 1521.754000 1521.652908 11
157 1531.842000 1531.652908 0
158 1540.884000 1541.652908 0
159 1551.794000 1551.652908 0
160 1561.076000 1561.231586 20
161 1570.996000 1571.207223 10
162 1580.996000 1580.785392 12
163 1590.875000 1590.785392 0
164 1600.220000 1600.785392 0
165 1609.660000 1610.785392 0
166 1616.952000 1620.785392 0
167 1627.628000 1630.785392 0
168 1638.073000 1638.511220 17
169 1647.976000 1648.019008 12
170 1659.699000 1658.019008 0
171 1669.718000 1669.591935 20
172 1680.298000 1680.209965 24
173 1690.007000 1689.753023 12
174 1700.007000 1700.248109 18
175 1710.047000 1710.118422 20
176 1719.833000 1719.792659 12
177 1729.931000 1729.847373 11
178 1740.105000 1739.847373 0
179 1750.008000 1749.730053 12
180 1759.659000 1759.588518 16
181 1768.983000 1769.588518 0
182 1778.325000 1779.588518 0
183 1786.836000 1789.588518 0
184 1796.991000 1799.588518 0
185 1806.991000 1806.576932 13
186 1817.339000 1816.576932 0
187 1826.856000 1826.945437 43
188 1836.740000 1837.969156 12
189 1847.455000 1847.969156 0
190 1858.635000 1857.969156 0
191 1868.326000 1867.969156 0
192 1878.248000 1877.969156 0
193 1887.920000 1887.862111 22
194 1897.340000 1897.263401 20
195 1905.560000 1906.523014 9
196 1915.773000 1915.294560 14
197 1925.308000 1925.664917 12
198 1935.308000 1935.664917 0
199 1945.308000 1945.715543 11
200 1955.077000 1955.157802 9
201 1964.709000 1965.157802 0
202 1974.265000 1973.811615 10
203 1984.091000 1984.432744 15
204 1994.419000 1994.432744 0
205 2003.917000 2003.093549 15
206 2014.342000 2013.093549 0
207 2024.342000 2024.486366 17
208 2034.748000 2034.486366 0
209 2044.497000 2044.671482 16
210 2052.930000 2054.671482 0
211 2063.510000 2063.409461 10
212 2073.510000 2073.217974 16
213 2083.181000 2083.098392 24
214 2092.775000 2093.098392 0
215 2102.699000 2103.684418 9
216 2113.085000 2113.684418 0
217 2122.582000 2122.570833 10
218 2132.582000 2132.594843 11
219 2142.621000 2142.594843 0
220 2152.621000 2152.594843 0
221 2162.408000 2163.486965 9
222 2171.964000 2171.935972 17
223 2181.132000 2181.060717 8
224 2192.079000 2193.209175 9
225 2201.906000 2201.631225 18
226 2212.564000 2211.838668 8
227 2222.486000 2222.681417 20
228 2231.635000 2231.700523 9
229 2240.552000 2240.217421 10
230 2248.869000 2250.217421 0
231 2259.720000 2260.217421 0
232 2269.584000 2270.217421 0
233 2279.663000 2279.601029 9
234 2289.295000 2289.423300 19
235 2299.140000 2299.101275 20
236 2308.309000 2308.392898 19
237 2318.309000 2318.392898 0
238 2328.433000 2328.460819 14
239 2338.700000 2339.162979 14
240 2348.841000 2349.162979 0
241 2357.638000 2357.449353 9
242 2367.556000 2367.449353 0
243 2377.556000 2377.611942 10
244 2387.492000 2387.469975 13
245 2397.492000 2397.469975 0
246 2407.245000 2407.145003 26
247 2416.888000 2416.944016 20
248 2426.625000 2426.394885 21
249 2436.625000 2437.248015 8
250 2446.625000 2447.248015 0
251 2455.791000 2455.499278 17
252 2465.563000 2465.499278 0
253 2475.219000 2475.181556 17
254 2484.752000 2484.460873 11
255 2494.345000 2494.460873 0
256 2503.590000 2502.860327 10
257 2513.327000 2512.860327 0
258 2522.425000 2522.860327 0
259 2532.425000 2533.157371 8
260 2542.010000 2541.945943 10
261 2551.132000 2551.246840 12
262 2560.594000 2560.456336 21
263 2569.813000 2569.793507 13
264 2579.056000 2579.793507 0
265 2588.033000 2587.822611 10
266 2597.181000 2597.822611 0
267 2607.181000 2606.736888 12
268 2616.802000 2616.737569 11
269 2625.949000 2625.512930 13
270 2635.336000 2635.512930 0
271 2645.336000 2646.222554 9
272 2654.752000 2656.222554 0
273 2664.938000 2664.938391 12
274 2673.879000 2674.938391 0
275 2684.329000 2684.938391 0
276 2693.608000 2693.450997 17
277 2703.396000 2703.495001 10
278 2712.325000 2712.402584 10
279 2723.233000 2723.701506 15
280 2733.586000 2733.515464 12
281 2743.313000 2743.045621 12
282 2753.123000 2753.045621 0
283 2760.110000 2760.617258 10
284 2770.319000 2770.617258 0
285 2780.069000 2780.752449 16
286 2790.069000 2790.752449 0
287 2800.298000 2798.271425 8
288 2810.104000 2810.069319 12
289 2819.480000 2820.028637 11
290 2829.025000 2829.096184 16
291 2839.102000 2839.096184 0
292 2849.021000 2849.295956 13
293 2858.916000 2859.073768 15
294 2869.329000 2930.188147 10
295 2877.668000 2940.188147 0
296 2887.442000 2950.188147 0
297 2897.795000 2960.188147 0
298 2907.293000 2970.188147 0
299 2917.175000 2980.188147 0
300 2926.998000 2990.188147 0
301 2935.746000 3000.188147 0
302 2945.436000 3093.796430 8
303 2955.356000 3103.796430 0
304 2964.522000 3113.796430 0
305 2974.983000 3123.796430 0
306 2985.603000 3133.796430 0
307 2995.729000 3143.796430 0
308 3006.629000 3153.796430 0
309 3014.953000 3163.796430 0
310 3024.823000 3173.796430 0
311 3034.477000 3183.796430 0
312 3043.168000 3193.796430 0
313 3051.342000 3203.796430 0
314 3061.468000 3213.796430 0
315 3071.381000 3223.796430 0
316 3080.242000 3233.796430 0
317 3090.518000 3243.796430 0
318 3099.379000 3253.796430 0
319 3109.614000 3263.796430 0
320 3119.010000 3273.796430 0
321 3128.279000 3283.796430 0
322 3137.870000 3293.796430 0
323 3146.021000 3303.796430 0
324 3155.866000 3313.796430 0
325 3165.193000 3323.796430 0
326 3174.701000 3333.796430 0
327 3184.357000 3343.796430 0
328 3194.357000 3353.796430 0
329 3204.267000 3363.796430 0
330 3213.801000 3373.796430 0
331 3224.560000 3383.796430 0
332 3234.264000 3393.796430 0
333 3244.615000 3403.796430 0
334 3253.814000 3413.796430 0
335 3263.814000 3423.796430 0
336 3273.940000 3453.266807 9
337 3283.138000 3463.266807 0
338 3294.383000 3473.266807 0
339 3302.959000 3483.266807 0
340 3312.556000 3493.266807 0
341 3323.005000 3503.266807 0
342 3334.161000 3513.266807 0
343 3344.480000 3523.266807 0
344 3354.582000 3533.266807 0
345 3364.582000 3576.100457 10
346 3374.424000 3586.100457 0
347 3384.424000 3596.100457 0
348 3394.511000 3606.100457 0
349 3404.275000 3616.100457 0
350 3414.420000 3626.100457 0
351 3423.839000 3636.100457 0
352 3434.227000 3630.044727 11
353 3443.973000 3640.044727 0
354 3454.135000 3650.044727 0
355 3463.796000 3660.044727 0
356 3473.317000 3670.044727 0
357 3483.002000 3680.044727 0
358 3491.710000 3687.965585 8
359 3501.231000 3697.965585 0
360 3511.079000 3757.833860 9
361 3520.698000 3767.833860 0
362 3530.154000 3777.833860 0
363 3539.741000 3787.833860 0
364 3549.838000 3797.833860 0
365 3559.823000 3807.833860 0
366 3571.457000 3817.833860 0
367 3581.369000 3827.833860 0
368 3590.500000 3837.833860 0
369 3600.241000 3847.833860 0
370 3610.648000 3857.833860 0
371 3620.496000 3867.833860 0
372 3631.869000 3923.243944 8
373 3640.968000 3933.243944 0
374 3651.042000 3943.243944 0
375 3660.726000 3953.243944 0
376 3667.063000 3963.243944 0
377 3675.057000 3973.243944 0
378 3686.171000 4072.372152 8
379 3694.652000 4082.372152 0
380 3705.060000 4092.372152 0
381 3715.001000 4102.372152 0
382 3725.044000 4112.372152 0
383 3733.674000 4122.372152 0
384 3743.809000 4132.372152 0
385 3753.461000 4142.372152 0
386 3763.193000 4152.372152 0
387 3772.288000 4162.372152 0
388 3781.697000 4172.372152 0
389 3791.239000 4182.372152 0
390 3799.153000 4192.372152 0
391 3809.153000 4202.372152 0
392 3818.946000 4212.372152 0
393 3828.946000 4222.372152 0
394 3839.290000 4232.372152 0
395 3849.127000 4242.372152 0
396 3859.366000 4252.372152 0
397 3869.880000 4262.372152 0
398 3879.793000 4272.372152 0
399 3889.165000 4282.372152 0
400 3898.538000 4292.372152 0
401 3908.473000 4302.372152 0
402 3918.296000 4312.372152 0
403 3928.034000 4322.372152 0
404 3937.025000 4332.372152 0
405 3945.670000 4342.372152 0
406 3954.797000 4352.372152 0
407 3963.756000 4362.372152 0
408 3975.048000 4372.372152 0
409 3981.645000 4382.372152 0
410 3992.690000 4392.372152 0
411 4002.457000 4402.372152 0
412 4011.982000 4412.031483 8
413 4021.430000 4422.031483 0
414 4030.624000 4432.031483 0
415 4040.513000 4442.031483 0
416 4049.727000 4452.031483 0
417 4058.371000 4462.031483 0
418 4068.258000 4472.031483 0
419 4076.974000 4482.031483 0
420 4085.661000 4492.031483 0
421 4096.585000 4502.031483 0
422 4105.894000 4542.124109 9
423 4115.448000 4552.124109 0
424 4123.311000 4562.124109 0
425 4132.804000 4572.124109 0
426 4142.148000 4582.124109 0
427 4151.574000 4592.124109 0
428 4160.897000 4602.124109 0
429 4170.041000 4612.124109 0
430 4180.202000 4622.124109 0
431 4189.466000 4632.124109 0
432 4198.878000 4642.124109 0
433 4208.352000 4587.632765 9
434 4218.124000 4597.632765 0
435 4228.124000 4607.632765 0
436 4237.399000 4617.632765 0
437 4245.914000 4627.632765 0
438 4255.326000 4637.632765 0
439 4264.948000 4647.632765 0
440 4274.331000 4657.632765 0
441 4284.331000 4667.632765 0
442 4294.866000 4677.632765 0
443 4304.488000 4687.632765 0
444 4314.081000 4697.632765 0
445 4323.524000 4707.632765 0
446 4333.314000 4637.971222 8
447 4342.679000 4647.971222 0
448 4351.252000 4657.971222 0
449 4361.175000 4667.971222 0
450 4371.247000 4677.971222 0
451 4380.061000 4687.971222 0
452 4388.724000 4697.971222 0
453 4397.957000 4637.286429 10
454 4408.286000 4647.286429 0
455 4418.401000 4657.286429 0
456 4427.665000 4667.286429 0
457 4437.586000 4677.286429 0
458 4447.586000 4590.638685 8
459 4457.586000 4600.638685 0
460 4466.965000 4610.638685 0
461 4476.557000 4620.638685 0
462 4485.941000 4630.638685 0
463 4495.941000 4610.400011 9
464 4504.556000 4620.400011 0
465 4514.556000 4630.400011 0
466 4524.310000 4640.400011 0
467 4532.555000 4650.400011 0
468 4542.555000 4660.400011 0
469 4551.201000 4670.400011 0
470 4561.332000 4561.271270 12
471 4572.125000 4571.271270 0
472 4581.268000 4581.271270 0
473 4590.771000 4590.625060 10
474 4600.003000 4645.949625 10
475 4610.003000 4610.392226 16
476 4619.399000 4578.386507 8
477 4627.343000 4588.386507 0
478 4636.335000 4636.395794 12
479 4646.109000 4646.068751 23
480 4655.421000 4654.588009 10
481 4665.421000 4665.209562 24
