001 0.000000 0.006935 45
002 10.000000 10.105931 26
003 20.000000 21.548658 11
004 30.000000 31.548658 0
005 39.500000 39.458968 13
006 49.500000 49.476815 27
007 59.500000 59.491509 17
008 69.500000 69.469110 18
009 79.500000 79.451735 24
010 89.500000 89.480376 28
011 99.500000 99.474584 31
012 109.500000 109.474080 36
013 119.495000 119.576528 34
014 129.495000 129.337500 43
015 139.495000 139.469386 39
016 149.495000 149.523870 38
017 159.495000 159.419809 48
018 169.495000 169.466292 39
019 179.496000 179.551240 47
020 189.496000 189.448342 45
021 199.496000 199.419901 52
022 209.496000 209.458932 33
023 219.496000 219.394628 39
024 229.496000 229.487565 22
025 239.496000 241.541921 11
026 249.496000 250.610364 17
027 257.833000 257.936930 20
028 268.070000 267.936930 0
029 278.273000 278.125722 17
030 288.681000 288.552508 13
031 299.870000 299.647858 21
032 309.155000 309.321481 14
033 319.459000 319.321481 0
034 327.623000 329.321481 0
035 333.710000 339.321481 0
036 343.710000 342.950090 8
037 353.913000 352.950090 0
038 362.483000 362.950090 0
039 374.999000 372.950090 0
040 385.304000 385.150483 12
041 395.507000 395.150483 0
042 405.814000 406.104160 24
043 416.151000 416.104160 0
044 426.151000 426.219591 12
045 436.526000 436.925138 10
046 446.591000 446.925138 0
047 454.821000 454.152034 8
048 464.821000 464.152034 0
049 473.425000 474.152034 0
050 483.288000 483.229605 13
051 493.185000 493.086534 16
052 502.674000 503.081922 18
053 512.129000 512.162017 11
054 521.822000 522.162017 0
055 532.195000 532.162017 0
056 540.665000 542.162017 0
057 550.665000 552.162017 0
058 560.936000 562.162017 0
059 570.219000 570.494366 10
060 580.219000 579.655942 11
061 590.965000 589.655942 0
062 600.454000 599.655942 0
063 610.340000 609.891920 12
064 620.425000 620.743049 25
065 630.553000 630.636566 11
066 641.140000 640.636566 0
067 650.220000 650.636566 0
068 660.064000 660.152354 19
069 670.064000 669.963621 8
070 679.938000 679.681758 17
071 689.580000 689.545353 32
072 699.835000 699.776761 10
073 709.835000 709.673204 15
074 719.292000 719.673204 0
075 729.031000 729.673204 0
076 738.875000 739.274985 9
077 748.746000 749.170087 8
078 758.152000 758.157689 28
079 767.529000 768.157689 0
080 777.609000 778.157689 0
081 787.844000 788.157689 0
082 798.130000 798.623686 17
083 808.001000 807.596808 13
084 818.288000 818.317193 17
085 828.471000 828.499028 15
086 837.900000 838.499028 0
087 848.134000 848.499028 0
088 857.721000 858.499028 0
089 866.734000 868.499028 0
090 875.852000 875.918577 17
091 885.852000 886.129726 15
092 894.867000 896.129726 0
093 904.998000 904.628726 10
094 914.582000 914.433737 15
095 924.168000 924.433737 0
096 934.168000 933.806168 13
097 943.521000 943.394560 8
098 952.743000 952.555919 11
099 962.718000 962.840660 14
100 972.147000 972.840660 0
101 982.147000 982.269183 20
102 991.915000 991.979130 22
103 1002.124000 1001.915794 15
104 1012.593000 1011.915794 0
105 1022.696000 1022.792574 14
106 1032.179000 1032.632331 18
107 1041.271000 1041.699503 11
108 1051.090000 1051.068756 17
109 1061.324000 1061.068756 0
110 1071.092000 1071.181400 14
111 1081.067000 1081.181400 0
112 1090.341000 1090.235968 8
113 1100.264000 1100.355152 11
114 1110.601000 1109.898757 12
115 1120.188000 1120.326528 20
116 1129.695000 1129.404843 14
117 1139.543000 1139.404843 0
118 1148.939000 1149.007019 16
119 1159.306000 1159.674445 11
120 1168.955000 1169.158225 10
121 1178.580000 1179.158225 0
122 1188.580000 1189.158225 0
123 1198.222000 1198.383048 15
124 1208.379000 1208.500520 14
125 1218.491000 1218.500520 0
126 1228.491000 1228.420087 12
127 1237.938000 1237.941633 14
128 1248.097000 1247.941633 0
129 1257.411000 1257.941633 0
130 1267.338000 1267.076518 11
131 1277.474000 1277.545031 14
132 1287.371000 1287.160571 13
133 1295.957000 1297.160571 0
134 1306.140000 1306.124509 8
135 1316.557000 1316.124509 0
136 1325.905000 1326.569613 9
137 1336.205000 1336.222799 16
138 1346.205000 1346.309549 15
139 1355.472000 1355.363900 23
140 1365.786000 1365.363900 0
141 1375.106000 1375.363900 0
142 1384.732000 1384.989949 8
143 1394.373000 1394.351478 19
144 1403.969000 1403.904618 20
145 1413.772000 1412.527304 11
146 1423.807000 1422.527304 0
147 1432.759000 1432.814712 9
148 1442.185000 1442.214805 13
149 1452.185000 1451.907002 17
150 1461.552000 1461.633342 9
151 1469.403000 1468.543841 9
152 1481.218000 1481.900741 14
153 1491.130000 1491.424414 11
154 1501.296000 1501.089640 8
155 1511.430000 1511.069797 12
156 1521.754000 1521.642081 12
157 1531.842000 1531.642081 0
158 1540.884000 1541.642081 0
159 1551.794000 1551.764858 8
160 1561.076000 1561.277788 16
161 1570.996000 1571.195039 11
162 1580.996000 1580.785392 12
163 1590.875000 1590.785392 0
164 1600.220000 1600.785392 0
165 1609.660000 1610.785392 0
166 1616.952000 1620.785392 0
167 1627.628000 1630.785392 0
168 1638.073000 1638.532329 18
169 1647.976000 1648.019008 12
170 1659.699000 1658.019008 0
171 1669.718000 1669.591935 20
172 1680.298000 1680.300453 23
173 1690.007000 1689.768912 12
174 1700.007000 1700.248109 18
175 1710.047000 1710.110433 22
176 1719.833000 1719.820047 11
177 1729.931000 1730.005036 11
178 1740.105000 1740.005036 0
179 1750.008000 1750.196780 9
180 1759.659000 1759.603584 16
181 1768.983000 1769.603584 0
182 1778.325000 1778.172105 8
183 1786.836000 1788.172105 0
184 1796.991000 1798.172105 0
185 1806.991000 1806.576932 13
186 1817.339000 1816.576932 0
187 1826.856000 1826.979652 42
188 1836.740000 1837.701186 11
189 1847.455000 1847.701186 0
190 1858.635000 1857.701186 0
191 1868.326000 1869.072722 8
192 1878.248000 1878.693632 10
193 1887.920000 1887.876268 21
194 1897.340000 1897.262657 18
195 1905.560000 1906.479005 11
196 1915.773000 1915.345955 15
197 1925.308000 1925.699851 11
198 1935.308000 1935.699851 0
199 1945.308000 1945.202965 11
200 1955.077000 1955.319721 8
201 1964.709000 1965.319721 0
202 1974.265000 1973.717037 9
203 1984.091000 1984.388416 16
204 1994.419000 1994.388416 0
205 2003.917000 2002.872635 15
206 2014.342000 2012.872635 0
207 2024.342000 2024.486366 17
208 2034.748000 2034.486366 0
209 2044.497000 2044.654610 17
210 2052.930000 2054.654610 0
211 2063.510000 2063.409461 10
212 2073.510000 2073.205408 17
213 2083.181000 2083.095275 23
214 2092.775000 2093.095275 0
215 2102.699000 2103.208479 11
216 2113.085000 2113.208479 0
217 2122.582000 2122.600849 12
218 2132.582000 2132.617364 12
219 2142.621000 2142.617364 0
220 2152.621000 2152.617364 0
221 2162.408000 2163.013228 16
222 2171.964000 2171.928881 14
223 2181.132000 2181.928881 0
224 2192.079000 2193.340757 8
225 2201.906000 2201.566990 17
226 2212.564000 2211.566990 0
227 2222.486000 2222.684712 18
228 2231.635000 2231.698040 10
229 2240.552000 2240.620552 8
230 2248.869000 2250.620552 0
231 2259.720000 2260.620552 0
232 2269.584000 2270.620552 0
233 2279.663000 2279.566903 9
234 2289.295000 2289.584334 19
235 2299.140000 2299.104406 23
236 2308.309000 2308.476680 18
237 2318.309000 2318.476680 0
238 2328.433000 2328.604101 14
239 2338.700000 2339.096868 16
240 2348.841000 2349.096868 0
241 2357.638000 2357.501785 12
242 2367.556000 2367.939745 8
243 2377.556000 2377.939745 0
244 2387.492000 2387.467036 14
245 2397.492000 2397.467036 0
246 2407.245000 2407.141534 25
247 2416.888000 2416.898322 19
248 2426.625000 2426.353675 22
249 2436.625000 2437.248015 8
250 2446.625000 2447.248015 0
251 2455.791000 2455.499278 17
252 2465.563000 2465.499278 0
253 2475.219000 2475.192375 17
254 2484.752000 2484.791685 9
255 2494.345000 2494.791685 0
256 2503.590000 2502.766323 9
257 2513.327000 2512.766323 0
258 2522.425000 2522.766323 0
259 2532.425000 2532.766323 0
260 2542.010000 2541.959481 12
261 2551.132000 2551.484343 12
262 2560.594000 2560.478335 24
263 2569.813000 2569.789243 12
264 2579.056000 2536.803301 9
265 2588.033000 2587.784646 12
266 2597.181000 2597.784646 0
267 2607.181000 2606.401884 13
268 2616.802000 2616.737569 11
269 2625.949000 2625.308610 12
270 2635.336000 2635.308610 0
271 2645.336000 2646.421739 11
272 2654.752000 2656.421739 0
273 2664.938000 2665.004317 9
274 2673.879000 2662.917986 8
275 2684.329000 2672.917986 0
276 2693.608000 2693.423390 15
277 2703.396000 2703.462652 10
278 2712.325000 2712.402584 10
279 2723.233000 2723.567906 14
280 2733.586000 2733.511745 13
281 2743.313000 2743.049243 12
282 2753.123000 2753.049243 0
283 2760.110000 2760.137363 10
284 2770.319000 2770.137363 0
285 2780.069000 2780.668010 15
286 2790.069000 2790.668010 0
287 2800.298000 2800.668010 0
288 2810.104000 2810.026502 12
289 2819.480000 2819.638033 14
290 2829.025000 2829.096184 16
291 2839.102000 2839.096184 0
292 2849.021000 2849.011495 12
293 2858.916000 2859.064586 15
294 2869.329000 2930.188147 10
295 2877.668000 2940.188147 0
296 2887.442000 2950.188147 0
297 2897.795000 2960.188147 0
298 2907.293000 2970.188147 0
299 2917.175000 2980.188147 0
300 2926.998000 2990.188147 0
301 2935.746000 3000.188147 0
302 2945.436000 3093.284949 10
303 2955.356000 3103.284949 0
304 2964.522000 3113.284949 0
305 2974.983000 3123.284949 0
306 2985.603000 3133.284949 0
307 2995.729000 3143.284949 0
308 3006.629000 3153.284949 0
309 3014.953000 3163.284949 0
310 3024.823000 3173.284949 0
311 3034.477000 3183.284949 0
312 3043.168000 3193.284949 0
313 3051.342000 3203.284949 0
314 3061.468000 3213.284949 0
315 3071.381000 3223.284949 0
316 3080.242000 3233.284949 0
317 3090.518000 3243.284949 0
318 3099.379000 3253.284949 0
319 3109.614000 3263.284949 0
320 3119.010000 3273.284949 0
321 3128.279000 3337.350387 8
322 3137.870000 3347.350387 0
323 3146.021000 3357.350387 0
324 3155.866000 3367.350387 0
325 3165.193000 3377.350387 0
326 3174.701000 3387.350387 0
327 3184.357000 3397.350387 0
328 3194.357000 3407.350387 0
329 3204.267000 3417.350387 0
330 3213.801000 3427.350387 0
331 3224.560000 3437.350387 0
332 3234.264000 3447.350387 0
333 3244.615000 3457.350387 0
334 3253.814000 3467.350387 0
335 3263.814000 3477.350387 0
336 3273.940000 3487.350387 0
337 3283.138000 3497.350387 0
338 3294.383000 3554.024442 10
339 3302.959000 3564.024442 0
340 3312.556000 3574.024442 0
341 3323.005000 3584.024442 0
342 3334.161000 3594.024442 0
343 3344.480000 3604.024442 0
344 3354.582000 3614.024442 0
345 3364.582000 3624.024442 0
346 3374.424000 3634.024442 0
347 3384.424000 3644.024442 0
348 3394.511000 3654.024442 0
349 3404.275000 3664.024442 0
350 3414.420000 3674.024442 0
351 3423.839000 3684.024442 0
352 3434.227000 3694.024442 0
353 3443.973000 3704.024442 0
354 3454.135000 3714.024442 0
355 3463.796000 3724.024442 0
356 3473.317000 3734.024442 0
357 3483.002000 3744.024442 0
358 3491.710000 3754.024442 0
359 3501.231000 3764.024442 0
360 3511.079000 3757.478888 9
361 3520.698000 3767.478888 0
362 3530.154000 3777.478888 0
363 3539.741000 3787.478888 0
364 3549.838000 3797.478888 0
365 3559.823000 3807.478888 0
366 3571.457000 3817.478888 0
367 3581.369000 3827.478888 0
368 3590.500000 3837.478888 0
369 3600.241000 3847.478888 0
370 3610.648000 3857.478888 0
371 3620.496000 3867.478888 0
372 3631.869000 3923.243944 8
373 3640.968000 3933.243944 0
374 3651.042000 3943.243944 0
375 3660.726000 3953.243944 0
376 3667.063000 3963.243944 0
377 3675.057000 3973.243944 0
378 3686.171000 4072.372152 8
379 3694.652000 4082.372152 0
380 3705.060000 4092.372152 0
381 3715.001000 4102.372152 0
382 3725.044000 4112.372152 0
383 3733.674000 4122.372152 0
384 3743.809000 4132.372152 0
385 3753.461000 4142.372152 0
386 3763.193000 4152.372152 0
387 3772.288000 4162.372152 0
388 3781.697000 4172.372152 0
389 3791.239000 4182.372152 0
390 3799.153000 4192.372152 0
391 3809.153000 4202.372152 0
392 3818.946000 4212.372152 0
393 3828.946000 4222.372152 0
394 3839.290000 4232.372152 0
395 3849.127000 4242.372152 0
396 3859.366000 4251.155870 8
397 3869.880000 4261.155870 0
398 3879.793000 4271.155870 0
399 3889.165000 4281.155870 0
400 3898.538000 4326.072817 8
401 3908.473000 4336.072817 0
402 3918.296000 4323.049332 8
403 3928.034000 4333.049332 0
404 3937.025000 4343.049332 0
405 3945.670000 4353.049332 0
406 3954.797000 4363.049332 0
407 3963.756000 4373.049332 0
408 3975.048000 4383.049332 0
409 3981.645000 4393.049332 0
410 3992.690000 4403.049332 0
411 4002.457000 4413.049332 0
412 4011.982000 4423.049332 0
413 4021.430000 4433.049332 0
414 4030.624000 4443.049332 0
415 4040.513000 4453.049332 0
416 4049.727000 4463.049332 0
417 4058.371000 4473.049332 0
418 4068.258000 4483.049332 0
419 4076.974000 4493.049332 0
420 4085.661000 4503.049332 0
421 4096.585000 4513.049332 0
422 4105.894000 4523.049332 0
423 4115.448000 4533.049332 0
424 4123.311000 4543.049332 0
425 4132.804000 4553.049332 0
426 4142.148000 4550.494138 8
427 4151.574000 4560.494138 0
428 4160.897000 4570.494138 0
429 4170.041000 4580.494138 0
430 4180.202000 4590.494138 0
431 4189.466000 4600.494138 0
432 4198.878000 4610.494138 0
433 4208.352000 4587.466533 8
434 4218.124000 4597.466533 0
435 4228.124000 4607.466533 0
436 4237.399000 4586.374984 8
437 4245.914000 4596.374984 0
438 4255.326000 4606.374984 0
439 4264.948000 4616.374984 0
440 4274.331000 4626.374984 0
441 4284.331000 4636.374984 0
442 4294.866000 4646.374984 0
443 4304.488000 4656.374984 0
444 4314.081000 4666.374984 0
445 4323.524000 4676.374984 0
446 4333.314000 4637.909860 9
447 4342.679000 4647.909860 0
448 4351.252000 4657.909860 0
449 4361.175000 4667.909860 0
450 4371.247000 4677.909860 0
451 4380.061000 4687.909860 0
452 4388.724000 4697.909860 0
453 4397.957000 4637.286429 10
454 4408.286000 4647.286429 0
455 4418.401000 4657.286429 0
456 4427.665000 4667.286429 0
457 4437.586000 4677.286429 0
458 4447.586000 4687.286429 0
459 4457.586000 4697.286429 0
460 4466.965000 4707.286429 0
461 4476.557000 4717.286429 0
462 4485.941000 4727.286429 0
463 4495.941000 4609.988962 13
464 4504.556000 4619.988962 0
465 4514.556000 4584.845505 8
466 4524.310000 4594.845505 0
467 4532.555000 4604.845505 0
468 4542.555000 4614.845505 0
469 4551.201000 4624.845505 0
470 4561.332000 4561.326526 13
471 4572.125000 4571.326526 0
472 4581.268000 4581.326526 0
473 4590.771000 4591.025929 12
474 4600.003000 4646.265526 9
475 4610.003000 4610.922113 12
476 4619.399000 4579.124290 10
477 4627.343000 4589.124290 0
478 4636.335000 4636.665841 12
479 4646.109000 4646.063173 24
480 4655.421000 4654.456180 8
481 4665.421000 4665.209562 24
