001 0.000000 -0.052593 47
002 10.000000 9.984190 34
003 20.000000 21.444415 13
004 28.072000 31.444415 0
005 38.058000 38.087990 23
006 48.059000 48.071343 20
007 58.056000 58.062789 10
008 68.056000 68.083884 10
009 78.056000 78.075599 40
010 88.056000 88.084749 24
011 98.056000 98.290855 36
012 108.056000 108.095560 40
013 118.056000 118.076334 28
014 128.056000 127.995474 45
015 138.056000 138.083354 35
016 148.056000 148.077072 44
017 158.056000 158.075628 49
018 168.056000 168.076477 41
019 178.056000 178.314525 38
020 188.056000 188.091278 47
021 198.056000 198.076874 41
022 208.056000 208.067934 43
023 218.056000 218.097525 43
024 228.056000 228.213475 25
025 238.056000 240.094328 17
026 248.056000 248.955088 14
027 258.311000 258.729202 11
028 268.392000 268.729202 0
029 278.457000 278.738243 18
030 288.680000 288.490926 11
031 299.265000 299.569078 18
032 309.265000 309.367164 21
033 319.460000 319.367164 0
034 329.886000 329.367164 0
035 331.489000 339.367164 0
036 341.050000 306.967872 10
037 352.269000 316.967872 0
038 362.269000 326.967872 0
039 372.483000 336.967872 0
040 382.483000 382.285935 14
041 392.844000 391.957420 16
042 403.556000 403.768091 15
043 414.326000 413.768091 0
044 424.449000 424.289929 13
045 434.768000 434.504676 16
046 444.768000 444.504676 0
047 452.651000 454.504676 0
048 462.775000 464.504676 0
049 472.194000 474.504676 0
050 482.194000 482.521623 10
051 491.877000 492.431910 14
052 501.624000 502.472435 18
053 511.427000 511.077050 9
054 520.978000 520.566006 16
055 530.978000 530.779263 11
056 541.619000 540.779263 0
057 550.842000 550.779263 0
058 560.228000 560.297915 9
059 569.286000 570.297915 0
060 578.659000 578.291729 8
061 588.915000 589.193376 16
062 598.555000 599.193376 0
063 608.681000 608.559289 15
064 619.259000 619.271534 29
065 628.721000 628.173932 9
066 638.369000 638.173932 0
067 647.991000 648.173932 0
068 657.851000 658.601624 13
069 666.916000 668.601624 0
070 675.899000 675.884963 11
071 685.573000 686.046976 17
072 695.248000 695.417564 14
073 705.586000 705.621864 10
074 715.395000 715.621864 0
075 725.261000 724.921527 17
076 734.717000 735.080195 8
077 745.217000 744.980808 12
078 755.217000 755.452348 14
079 764.858000 765.452348 0
080 774.506000 775.452348 0
081 785.429000 785.452348 0
082 796.513000 797.098225 11
083 806.746000 806.553828 8
084 816.819000 816.709530 14
085 826.819000 826.578057 23
086 836.249000 836.578057 0
087 846.163000 845.961088 12
088 856.163000 855.961088 0
089 864.873000 864.933742 13
090 873.220000 873.203725 15
091 883.027000 884.140765 12
092 892.860000 892.743556 9
093 902.860000 903.080353 10
094 912.210000 911.153665 11
095 921.433000 921.153665 0
096 931.433000 931.659362 16
097 940.742000 941.659362 0
098 949.547000 951.659362 0
099 958.617000 961.659362 0
100 968.324000 968.319366 15
101 977.329000 977.434450 16
102 987.329000 987.624685 17
103 997.595000 997.624685 0
104 1007.336000 1007.338115 9
105 1017.463000 1017.338115 0
106 1028.014000 1027.338115 0
107 1037.881000 1039.023353 8
108 1046.619000 1046.789861 17
109 1056.878000 1057.063228 20
110 1066.607000 1066.282205 12
111 1076.607000 1076.282205 0
112 1085.691000 1086.282205 0
113 1095.691000 1095.698693 19
114 1104.986000 1104.995247 17
115 1115.086000 1115.110802 20
116 1124.734000 1124.390738 11
117 1133.904000 1133.760000 18
118 1143.738000 1143.550467 27
119 1153.068000 1153.083263 9
120 1162.582000 1163.083263 0
121 1172.470000 1171.947838 14
122 1181.693000 1181.947838 0
123 1191.553000 1191.947838 0
124 1201.148000 1201.638306 14
125 1211.148000 1211.638306 0
126 1220.338000 1219.951445 10
127 1229.986000 1230.065317 9
128 1239.076000 1239.088187 15
129 1249.076000 1249.088187 0
130 1257.800000 1259.088187 0
131 1267.668000 1269.088187 0
132 1278.014000 1279.088187 0
133 1288.014000 1287.799595 12
134 1297.789000 1298.256399 12
135 1307.517000 1308.256399 0
136 1317.517000 1318.256399 0
137 1327.250000 1327.069817 10
138 1336.985000 1336.877594 18
139 1346.985000 1347.180716 17
140 1356.581000 1356.149568 16
141 1365.299000 1366.149568 0
142 1375.105000 1376.149568 0
143 1385.579000 1386.149568 0
144 1395.579000 1395.784150 22
145 1405.579000 1405.797715 22
146 1415.931000 1415.945244 16
147 1425.340000 1425.945244 0
148 1434.351000 1435.945244 0
149 1443.813000 1445.945244 0
150 1453.703000 1453.946690 20
151 1463.450000 1463.946690 0
152 1471.333000 1473.946690 0
153 1481.566000 1483.946690 0
154 1491.044000 1490.914451 19
155 1500.579000 1500.914451 0
156 1510.173000 1510.914451 0
157 1520.607000 1520.914451 0
158 1530.868000 1531.420146 11
159 1540.607000 1540.554140 8
160 1549.968000 1550.554140 0
161 1560.345000 1560.178417 19
162 1570.539000 1569.846384 8
163 1579.858000 1579.802627 8
164 1589.858000 1589.802627 0
165 1599.858000 1599.802627 0
166 1610.086000 1609.802627 0
167 1620.615000 1620.950363 10
168 1631.827000 1630.950363 0
169 1641.168000 1641.179711 16
170 1651.300000 1651.332700 8
171 1663.636000 1661.332700 0
172 1672.749000 1672.625653 22
173 1683.172000 1682.625653 0
174 1693.095000 1694.311519 14
175 1702.956000 1703.120006 29
176 1713.607000 1712.828807 11
177 1724.031000 1722.828807 0
178 1734.031000 1733.232390 11
179 1742.838000 1743.565530 10
180 1752.449000 1753.565530 0
181 1760.542000 1760.784258 11
182 1770.715000 1770.784258 0
183 1780.992000 1780.784258 0
184 1790.832000 1790.226016 12
185 1800.832000 1800.226016 0
186 1810.721000 1811.477240 16
187 1820.617000 1821.477240 0
188 1830.360000 1830.329292 25
189 1840.013000 1840.023337 14
190 1849.209000 1850.023337 0
191 1860.090000 1860.023337 0
192 1869.680000 1870.023337 0
193 1879.478000 1879.902864 11
194 1889.402000 1889.335446 16
195 1899.097000 1899.001260 16
196 1908.417000 1909.001260 0
197 1917.757000 1919.001260 0
198 1926.911000 1928.171160 14
199 1937.293000 1938.042056 8
200 1946.883000 1948.042056 0
201 1954.809000 1958.042056 0
202 1964.620000 1968.042056 0
203 1974.782000 1978.042056 0
204 1985.579000 1985.555027 9
205 1995.308000 1995.454910 13
206 2005.308000 2005.454910 0
207 2015.204000 2015.454910 0
208 2024.919000 2024.034266 13
209 2034.823000 2034.034266 0
210 2044.823000 2044.955140 17
211 2053.733000 2054.955140 0
212 2065.736000 2065.970802 12
213 2075.432000 2075.358763 21
214 2085.432000 2085.594961 16
215 2095.640000 2095.382818 12
216 2105.535000 2105.603173 9
217 2116.249000 2115.603173 0
218 2125.944000 2126.091523 17
219 2135.944000 2136.091523 0
220 2146.477000 2146.128866 11
221 2156.339000 2156.128866 0
222 2166.172000 2166.303810 12
223 2176.248000 2175.819382 9
224 2185.589000 2185.819382 0
225 2195.326000 2195.559732 10
226 2205.520000 2204.911142 11
227 2217.024000 2214.911142 0
228 2227.821000 2227.535021 13
229 2237.286000 2237.110507 26
230 2246.071000 2245.837518 11
231 2256.071000 2255.837518 0
232 2265.092000 2264.955987 12
233 2275.092000 2275.072205 9
234 2284.908000 2284.873159 18
235 2294.908000 2295.933140 15
236 2304.609000 2304.538473 16
237 2314.609000 2314.538473 0
238 2324.304000 2323.963146 9
239 2334.304000 2334.214546 9
240 2344.486000 2344.302933 19
241 2353.057000 2354.302933 0
242 2362.985000 2364.302933 0
243 2372.520000 2372.686097 18
244 2381.683000 2382.686097 0
245 2392.797000 2392.998318 17
246 2402.524000 2402.626416 8
247 2412.524000 2412.660870 22
248 2422.603000 2422.660870 0
249 2432.623000 2432.618499 24
250 2442.623000 2442.352030 24
251 2451.774000 2450.941980 11
252 2461.676000 2460.941980 0
253 2470.754000 2471.602140 8
254 2481.214000 2481.019208 21
255 2491.098000 2491.019208 0
256 2500.447000 2500.129395 12
257 2509.765000 2509.632379 16
258 2518.890000 2519.632379 0
259 2529.280000 2529.632379 0
260 2538.944000 2539.214013 13
261 2548.529000 2548.726817 16
262 2558.036000 2558.726817 0
263 2567.093000 2568.726817 0
264 2575.836000 2578.726817 0
265 2585.931000 2586.009368 10
266 2595.244000 2595.352184 13
267 2605.244000 2605.099765 12
268 2615.042000 2614.895825 22
269 2624.843000 2624.289358 11
270 2635.057000 2634.289358 0
271 2645.270000 2645.605132 18
272 2654.752000 2654.249499 8
273 2664.938000 2664.905856 12
274 2674.439000 2673.958807 11
275 2684.201000 2683.958807 0
276 2693.355000 2693.502560 11
277 2703.021000 2703.079260 9
278 2712.409000 2713.079260 0
279 2722.955000 2723.405914 12
280 2733.351000 2733.547024 19
281 2743.508000 2743.547024 0
282 2753.438000 2753.623930 13
283 2763.906000 2763.623930 0
284 2774.276000 2774.176238 17
285 2783.156000 2783.118353 19
286 2792.350000 2791.882240 11
287 2802.543000 2801.882240 0
288 2812.446000 2811.882240 0
289 2821.794000 2821.882240 0
290 2830.771000 2831.882240 0
291 2841.083000 2841.882240 0
292 2851.257000 2851.882240 0
293 2861.257000 2861.882240 0
294 2871.591000 2871.882240 0
295 2880.480000 2881.882240 0
296 2890.480000 2891.882240 0
297 2900.383000 2899.978942 16
298 2910.232000 2909.978942 0
299 2920.525000 2920.526706 10
300 2930.148000 2930.110783 20
301 2939.843000 2940.434179 11
302 2949.985000 2949.944463 13
303 2959.411000 2959.944463 0
304 2969.411000 2969.038740 13
305 2979.660000 2979.038740 0
306 2989.373000 2989.038740 0
307 2999.373000 2999.038740 0
308 3009.156000 3009.038740 0
309 3018.995000 3019.956184 10
310 3028.707000 3028.849668 15
311 3038.277000 3038.262425 8
312 3046.041000 3046.154913 13
313 3054.913000 3056.154913 0
314 3064.767000 3066.154913 0
315 3074.767000 3074.774168 11
316 3084.516000 3084.774168 0
317 3092.780000 3092.623895 11
318 3102.278000 3101.887940 17
319 3113.010000 3111.887940 0
320 3122.474000 3121.887940 0
321 3132.329000 3132.825646 16
322 3140.879000 3140.627771 15
323 3150.790000 3150.863305 13
324 3160.555000 3160.429506 14
325 3169.624000 3170.429506 0
326 3177.834000 3180.429506 0
327 3187.548000 3187.362194 17
328 3198.656000 3198.954840 20
329 3208.441000 3208.479168 16
330 3217.491000 3217.830959 12
331 3228.026000 3227.830959 0
332 3238.294000 3237.830959 0
333 3248.222000 3248.077437 10
334 3258.222000 3258.442502 19
335 3267.432000 3267.079522 16
336 3277.002000 3276.939819 20
337 3287.002000 3286.939819 0
338 3297.002000 3296.939819 0
339 3307.002000 3307.842590 13
340 3316.855000 3317.842590 0
341 3326.855000 3328.564823 11
342 3335.816000 3335.654785 10
343 3346.780000 3345.760049 9
344 3357.496000 3355.760049 0
345 3367.780000 3367.808320 25
346 3377.690000 3377.808320 0
347 3387.331000 3387.511834 8
348 3397.331000 3397.722229 15
349 3403.895000 3407.722229 0
350 3413.895000 3417.722229 0
351 3423.625000 3423.886924 11
352 3434.501000 3496.008665 8
353 3444.227000 3444.180397 15
354 3454.999000 3454.972348 13
355 3464.135000 3464.114793 10
356 3474.135000 3472.612634 8
357 3484.135000 3484.158530 17
358 3493.815000 3494.615952 13
359 3503.474000 3503.769533 13
360 3513.133000 3512.508566 13
361 3522.614000 3522.544408 19
362 3532.614000 3532.478425 10
363 3540.698000 3541.932158 11
364 3549.319000 3551.932158 0
365 3560.035000 3561.932158 0
366 3570.427000 3571.932158 0
367 3579.853000 3580.297273 18
368 3588.868000 3590.297273 0
369 3597.758000 3598.092912 17
370 3608.598000 3608.092912 0
371 3619.205000 3618.092912 0
372 3630.495000 3630.553513 16
373 3639.841000 3639.957477 13
374 3650.150000 3649.957477 0
375 3658.773000 3659.957477 0
376 3669.988000 3669.957477 0
377 3675.443000 3679.957477 0
378 3686.082000 3686.579072 25
379 3696.082000 3696.579072 0
380 3707.480000 3706.579072 0
381 3717.480000 3712.787609 13
382 3727.480000 3713.392217 12
383 3737.086000 3723.392217 0
384 3746.943000 3733.392217 0
385 3756.241000 3757.409670 11
386 3766.400000 3766.647028 12
387 3776.400000 3762.039255 8
388 3786.400000 3748.375633 8
389 3795.665000 3795.493555 18
390 3803.874000 3803.327177 14
391 3813.588000 3814.036925 9
392 3823.819000 3824.295002 11
393 3833.460000 3834.295002 0
394 3842.278000 3842.351938 14
395 3852.672000 3852.774659 13
396 3863.100000 3862.774659 0
397 3873.868000 3872.774659 0
398 3883.688000 3883.645844 10
399 3892.560000 3892.344542 15
400 3903.079000 3902.955898 19
401 3913.113000 3912.955898 0
402 3922.683000 3921.902105 11
403 3932.467000 3932.359383 16
404 3942.324000 3942.359383 0
405 3950.945000 3952.359383 0
406 3960.478000 3960.221997 9
407 3970.818000 3970.221997 0
408 3980.709000 3980.700744 8
409 3987.524000 3990.700744 0
410 3997.721000 3997.773900 23
411 4007.827000 4007.695038 9
412 4017.827000 4017.695038 0
413 4027.055000 4027.475733 12
414 4036.481000 4036.192358 16
415 4046.481000 4046.079233 8
416 4055.175000 4055.525566 11
417 4064.458000 4064.911115 8
418 4073.867000 4074.911115 0
419 4082.614000 4084.911115 0
420 4093.775000 4094.911115 0
421 4102.647000 4103.062544 11
422 4111.877000 4111.949817 12
423 4121.715000 4121.581072 16
424 4130.747000 4131.581072 0
425 4140.193000 4140.279414 23
426 4150.031000 4150.182418 11
427 4159.457000 4160.182418 0
428 4170.041000 4169.501055 14
429 4179.827000 4179.694297 26
430 4189.240000 4189.499876 14
431 4198.753000 4170.352743 8
432 4208.351000 4208.056195 22
433 4217.789000 4217.860555 11
434 4227.286000 4227.860555 0
435 4236.999000 4236.932170 10
436 4244.888000 4246.932170 0
437 4254.888000 4254.651644 14
438 4264.439000 4264.651644 0
439 4274.258000 4274.769787 14
440 4284.043000 4284.310417 16
441 4294.402000 4294.638129 15
442 4303.916000 4303.922387 30
443 4313.916000 4313.474504 13
444 4323.916000 4323.474504 0
445 4333.452000 4333.806082 14
446 4343.452000 4344.131865 12
447 4353.696000 4353.296793 14
448 4363.535000 4363.714133 16
449 4373.659000 4373.714133 0
450 4384.141000 4383.714133 0
451 4393.800000 4394.353657 17
452 4403.011000 4402.911826 9
453 4412.922000 4412.911826 0
454 4421.741000 4421.468439 19
455 4431.202000 4431.468439 0
456 4440.558000 4442.913401 10
457 4450.718000 4451.019480 11
458 4460.914000 4460.551919 14
459 4468.980000 4470.551919 0
460 4477.834000 4477.371089 9
461 4487.834000 4487.371089 0
462 4496.760000 4511.750546 8
463 4505.714000 4521.750546 0
464 4514.669000 4539.893661 8
465 4522.896000 4549.893661 0
466 4532.554000 4559.893661 0
467 4540.771000 4542.389210 12
468 4549.692000 4549.730499 19
469 4558.663000 4559.426434 12
470 4568.567000 4569.426434 0
471 4579.446000 4579.426434 0
472 4586.385000 4586.601346 11
473 4596.676000 4596.291873 12
474 4606.008000 4605.693411 14
475 4615.820000 4615.693411 0
476 4624.232000 4625.693411 0
477 4633.843000 4633.804689 18
478 4643.506000 4643.193606 20
479 4652.917000 4653.193606 0
480 4662.917000 4662.860675 21
481 4672.917000 4672.878323 23
