001 0.000000 -0.051649 48
002 10.000000 9.978565 36
003 20.000000 21.444415 13
004 28.072000 31.444415 0
005 38.058000 38.086986 22
006 48.059000 48.018500 21
007 58.056000 58.062789 10
008 68.056000 68.083884 10
009 78.056000 78.077053 39
010 88.056000 88.085948 22
011 98.056000 98.236873 34
012 108.056000 108.095405 41
013 118.056000 118.076334 28
014 128.056000 127.993124 44
015 138.056000 138.083354 35
016 148.056000 148.077594 45
017 158.056000 158.074885 48
018 168.056000 168.076477 41
019 178.056000 178.366658 39
020 188.056000 188.091523 45
021 198.056000 198.076874 41
022 208.056000 208.067934 43
023 218.056000 218.097251 42
024 228.056000 228.213475 25
025 238.056000 239.894165 19
026 248.056000 229.262797 15
027 258.311000 239.262797 0
028 268.392000 249.262797 0
029 278.457000 278.300384 14
030 288.680000 288.128661 9
031 299.265000 299.550164 18
032 309.265000 309.366584 22
033 319.460000 319.366584 0
034 329.886000 329.366584 0
035 331.489000 339.366584 0
036 341.050000 349.366584 0
037 352.269000 359.366584 0
038 362.269000 369.366584 0
039 372.483000 379.366584 0
040 382.483000 382.476258 13
041 392.844000 391.957420 16
042 403.556000 403.209296 16
043 414.326000 413.209296 0
044 424.449000 424.286532 13
045 434.768000 434.591104 15
046 444.768000 444.591104 0
047 452.651000 454.591104 0
048 462.775000 464.591104 0
049 472.194000 474.591104 0
050 482.194000 482.394650 13
051 491.877000 492.526037 15
052 501.624000 502.498294 16
053 511.427000 511.157241 8
054 520.978000 520.590455 17
055 530.978000 530.590455 0
056 541.619000 541.879042 10
057 550.842000 551.879042 0
058 560.228000 560.211032 10
059 569.286000 570.211032 0
060 578.659000 578.556340 11
061 588.915000 589.189094 14
062 598.555000 599.189094 0
063 608.681000 608.788834 14
064 619.259000 619.261548 26
065 628.721000 628.180364 10
066 638.369000 638.180364 0
067 647.991000 648.180364 0
068 657.851000 658.601624 13
069 666.916000 666.717588 9
070 675.899000 675.884963 11
071 685.573000 686.046976 17
072 695.248000 695.266204 15
073 705.586000 705.613931 11
074 715.395000 715.613931 0
075 725.261000 725.388429 17
076 734.717000 735.069572 8
077 745.217000 744.986353 15
078 755.217000 755.156728 10
079 764.858000 765.156728 0
080 774.506000 775.156728 0
081 785.429000 785.156728 0
082 796.513000 796.947890 15
083 806.746000 806.553828 8
084 816.819000 816.713687 15
085 826.819000 826.604682 26
086 836.249000 836.666943 13
087 846.163000 845.961088 12
088 856.163000 855.961088 0
089 864.873000 864.928453 11
090 873.220000 873.203725 15
091 883.027000 884.140765 12
092 892.860000 892.743556 9
093 902.860000 903.038146 11
094 912.210000 911.120436 10
095 921.433000 921.120436 0
096 931.433000 931.658949 17
097 940.742000 941.658949 0
098 949.547000 951.658949 0
099 958.617000 961.658949 0
100 968.324000 968.306263 16
101 977.329000 977.425988 18
102 987.329000 987.639270 16
103 997.595000 997.639270 0
104 1007.336000 1007.339241 10
105 1017.463000 1017.339241 0
106 1028.014000 1027.339241 0
107 1037.881000 1037.339241 0
108 1046.619000 1046.803532 16
109 1056.878000 1057.352870 16
110 1066.607000 1066.282205 12
111 1076.607000 1076.282205 0
112 1085.691000 1086.282205 0
113 1095.691000 1095.699170 19
114 1104.986000 1104.994318 15
115 1115.086000 1115.084908 20
116 1124.734000 1124.397490 13
117 1133.904000 1133.760000 18
118 1143.738000 1143.717613 25
119 1153.068000 1153.061482 11
120 1162.582000 1163.087585 8
121 1172.470000 1171.883036 12
122 1181.693000 1180.918567 10
123 1191.553000 1190.918567 0
124 1201.148000 1201.541884 16
125 1211.148000 1211.541884 0
126 1220.338000 1220.314304 9
127 1229.986000 1230.314304 0
128 1239.076000 1239.086322 15
129 1249.076000 1249.086322 0
130 1257.800000 1259.086322 0
131 1267.668000 1269.086322 0
132 1278.014000 1278.813343 9
133 1288.014000 1287.825639 14
134 1297.789000 1298.558938 14
135 1307.517000 1308.558938 0
136 1317.517000 1318.558938 0
137 1327.250000 1328.558938 0
138 1336.985000 1337.003664 21
139 1346.985000 1347.161669 17
140 1356.581000 1356.014023 16
141 1365.299000 1396.268020 9
142 1375.105000 1406.268020 0
143 1385.579000 1416.268020 0
144 1395.579000 1395.559476 21
145 1405.579000 1405.730902 25
146 1415.931000 1415.945244 16
147 1425.340000 1425.945244 0
148 1434.351000 1435.945244 0
149 1443.813000 1445.945244 0
150 1453.703000 1454.012698 21
151 1463.450000 1464.012698 0
152 1471.333000 1474.012698 0
153 1481.566000 1484.012698 0
154 1491.044000 1490.969368 18
155 1500.579000 1500.969368 0
156 1510.173000 1510.441769 8
157 1520.607000 1520.441769 0
158 1530.868000 1531.107627 9
159 1540.607000 1541.107627 0
160 1549.968000 1551.107627 0
161 1560.345000 1560.178417 19
162 1570.539000 1569.941609 9
163 1579.858000 1579.809716 9
164 1589.858000 1589.809716 0
165 1599.858000 1599.809716 0
166 1610.086000 1609.809716 0
167 1620.615000 1620.989993 12
168 1631.827000 1630.989993 0
169 1641.168000 1641.702836 14
170 1651.300000 1651.702836 0
171 1663.636000 1661.702836 0
172 1672.749000 1672.740941 22
173 1683.172000 1682.740941 0
174 1693.095000 1693.965782 14
175 1702.956000 1703.119495 30
176 1713.607000 1713.048109 11
177 1724.031000 1723.048109 0
178 1734.031000 1733.264821 11
179 1742.838000 1743.264821 0
180 1752.449000 1751.878526 8
181 1760.542000 1760.537513 11
182 1770.715000 1770.537513 0
183 1780.992000 1780.537513 0
184 1790.832000 1790.226016 12
185 1800.832000 1800.226016 0
186 1810.721000 1811.576636 18
187 1820.617000 1821.576636 0
188 1830.360000 1830.328815 26
189 1840.013000 1840.004827 14
190 1849.209000 1850.004827 0
191 1860.090000 1860.004827 0
192 1869.680000 1870.004827 0
193 1879.478000 1879.902864 11
194 1889.402000 1889.341477 15
195 1899.097000 1899.001260 16
196 1908.417000 1909.001260 0
197 1917.757000 1919.001260 0
198 1926.911000 1928.209624 15
199 1937.293000 1938.209624 0
200 1946.883000 1948.209624 0
201 1954.809000 1958.209624 0
202 1964.620000 1968.209624 0
203 1974.782000 1978.209624 0
204 1985.579000 1985.550524 10
205 1995.308000 1995.256715 11
206 2005.308000 2005.256715 0
207 2015.204000 2015.256715 0
208 2024.919000 2024.050698 12
209 2034.823000 2034.050698 0
210 2044.823000 2045.124366 16
211 2053.733000 2055.124366 0
212 2065.736000 2066.001728 11
213 2075.432000 2075.289930 22
214 2085.432000 2085.594014 18
215 2095.640000 2095.207634 11
216 2105.535000 2105.588736 10
217 2116.249000 2115.588736 0
218 2125.944000 2126.107115 17
219 2135.944000 2136.107115 0
220 2146.477000 2146.127937 12
221 2156.339000 2156.127937 0
222 2166.172000 2166.263304 16
223 2176.248000 2175.994372 8
224 2185.589000 2185.994372 0
225 2195.326000 2195.559732 10
226 2205.520000 2204.678971 12
227 2217.024000 2214.678971 0
228 2227.821000 2227.559534 14
229 2237.286000 2237.123403 24
230 2246.071000 2245.852247 12
231 2256.071000 2255.852247 0
232 2265.092000 2264.967380 13
233 2275.092000 2275.072205 9
234 2284.908000 2284.857144 14
235 2294.908000 2296.462707 15
236 2304.609000 2304.530336 14
237 2314.609000 2314.530336 0
238 2324.304000 2323.963146 9
239 2334.304000 2334.214546 9
240 2344.486000 2344.188279 18
241 2353.057000 2354.188279 0
242 2362.985000 2362.704980 8
243 2372.520000 2372.664180 20
244 2381.683000 2382.664180 0
245 2392.797000 2392.752885 17
246 2402.524000 2402.611139 8
247 2412.524000 2412.660870 22
248 2422.603000 2422.660870 0
249 2432.623000 2432.527453 24
250 2442.623000 2442.338974 23
251 2451.774000 2451.555996 16
252 2461.676000 2461.555996 0
253 2470.754000 2471.555996 0
254 2481.214000 2481.031270 21
255 2491.098000 2491.031270 0
256 2500.447000 2500.129395 12
257 2509.765000 2509.624405 14
258 2518.890000 2519.624405 0
259 2529.280000 2528.936392 8
260 2538.944000 2539.409117 16
261 2548.529000 2548.476837 19
262 2558.036000 2558.476837 0
263 2567.093000 2566.978309 10
264 2575.836000 2576.978309 0
265 2585.931000 2585.990298 12
266 2595.244000 2595.352184 13
267 2605.244000 2605.107087 12
268 2615.042000 2614.886563 21
269 2624.843000 2624.549979 10
270 2635.057000 2634.549979 0
271 2645.270000 2645.605723 18
272 2654.752000 2655.605723 0
273 2664.938000 2664.919204 11
274 2674.439000 2673.958807 11
275 2684.201000 2683.958807 0
276 2693.355000 2693.545080 10
277 2703.021000 2703.119373 9
278 2712.409000 2713.119373 0
279 2722.955000 2723.354935 14
280 2733.351000 2733.547024 19
281 2743.508000 2743.411665 11
282 2753.438000 2753.623930 13
283 2763.906000 2763.623930 0
284 2774.276000 2774.055471 17
285 2783.156000 2783.235081 20
286 2792.350000 2791.903076 12
287 2802.543000 2801.903076 0
288 2812.446000 2812.248431 15
289 2821.794000 2822.248431 0
290 2830.771000 2832.248431 0
291 2841.083000 2842.248431 0
292 2851.257000 2852.248431 0
293 2861.257000 2860.778543 9
294 2871.591000 2870.778543 0
295 2880.480000 2880.778543 0
296 2890.480000 2890.778543 0
297 2900.383000 2899.978942 16
298 2910.232000 2909.978942 0
299 2920.525000 2920.420122 10
300 2930.148000 2930.052222 21
301 2939.843000 2940.176973 12
302 2949.985000 2949.938145 12
303 2959.411000 2959.938145 0
304 2969.411000 2968.399400 14
305 2979.660000 2978.399400 0
306 2989.373000 2988.399400 0
307 2999.373000 2998.399400 0
308 3009.156000 3008.399400 0
309 3018.995000 3019.956184 10
310 3028.707000 3028.849668 15
311 3038.277000 3038.849668 0
312 3046.041000 3045.889331 11
313 3054.913000 3055.889331 0
314 3064.767000 3065.889331 0
315 3074.767000 3074.576831 10
316 3084.516000 3084.622584 8
317 3092.780000 3092.651637 13
318 3102.278000 3101.703902 19
319 3113.010000 3111.703902 0
320 3122.474000 3121.703902 0
321 3132.329000 3133.000940 15
322 3140.879000 3140.840657 13
323 3150.790000 3150.854375 14
324 3160.555000 3160.633365 12
325 3169.624000 3170.633365 0
326 3177.834000 3180.633365 0
327 3187.548000 3187.378410 18
328 3198.656000 3198.942807 21
329 3208.441000 3208.289505 19
330 3217.491000 3217.805078 13
331 3228.026000 3227.805078 0
332 3238.294000 3237.805078 0
333 3248.222000 3248.077437 10
334 3258.222000 3258.468100 17
335 3267.432000 3267.079522 16
336 3277.002000 3276.933021 21
337 3287.002000 3286.684674 8
338 3297.002000 3296.684674 0
339 3307.002000 3307.842590 13
340 3316.855000 3317.842590 0
341 3326.855000 3328.778053 12
342 3335.816000 3335.968866 13
343 3346.780000 3345.645166 8
344 3357.496000 3357.712011 8
345 3367.780000 3367.801921 25
346 3377.690000 3377.801921 0
347 3387.331000 3387.525394 9
348 3397.331000 3397.724913 14
349 3403.895000 3407.724913 0
350 3413.895000 3412.620667 9
351 3423.625000 3423.904997 12
352 3434.501000 3435.129746 8
353 3444.227000 3444.175311 14
354 3454.999000 3454.970515 13
355 3464.135000 3464.118281 9
356 3474.135000 3473.954436 15
357 3484.135000 3484.166161 15
358 3493.815000 3494.451103 13
359 3503.474000 3503.759352 13
360 3513.133000 3512.934135 12
361 3522.614000 3522.535903 18
362 3532.614000 3532.489183 9
363 3540.698000 3542.056005 9
364 3549.319000 3552.056005 0
365 3560.035000 3562.056005 0
366 3570.427000 3572.056005 0
367 3579.853000 3580.180403 19
368 3588.868000 3586.773848 11
369 3597.758000 3598.080463 18
370 3608.598000 3608.080463 0
371 3619.205000 3618.080463 0
372 3630.495000 3630.553513 16
373 3639.841000 3639.967114 13
374 3650.150000 3649.967114 0
375 3658.773000 3659.967114 0
376 3669.988000 3669.967114 0
377 3675.443000 3679.967114 0
378 3686.082000 3686.602597 28
379 3696.082000 3696.602597 0
380 3707.480000 3706.602597 0
381 3717.480000 3712.790672 14
382 3727.480000 3713.370267 13
383 3737.086000 3723.370267 0
384 3746.943000 3733.370267 0
385 3756.241000 3756.743086 11
386 3766.400000 3766.647028 12
387 3776.400000 3762.308478 8
388 3786.400000 3749.292946 8
389 3795.665000 3795.500318 18
390 3803.874000 3803.327177 14
391 3813.588000 3813.327177 0
392 3823.819000 3824.009362 9
393 3833.460000 3834.009362 0
394 3842.278000 3842.370963 15
395 3852.672000 3852.774659 13
396 3863.100000 3863.120097 8
397 3873.868000 3873.120097 0
398 3883.688000 3883.144567 11
399 3892.560000 3892.379385 14
400 3903.079000 3902.947937 18
401 3913.113000 3912.947937 0
402 3922.683000 3921.897849 11
403 3932.467000 3932.360414 16
404 3942.324000 3942.360414 0
405 3950.945000 3951.112110 8
406 3960.478000 3960.049716 8
407 3970.818000 3970.049716 0
408 3980.709000 3980.741704 10
409 3987.524000 3990.741704 0
410 3997.721000 3997.773900 23
411 4007.827000 4007.705644 10
412 4017.827000 4017.705644 0
413 4027.055000 4027.100267 14
414 4036.481000 4036.441418 16
415 4046.481000 4046.441418 0
416 4055.175000 4055.997848 15
417 4064.458000 4065.997848 0
418 4073.867000 4075.997848 0
419 4082.614000 4085.997848 0
420 4093.775000 4095.997848 0
421 4102.647000 4103.309070 10
422 4111.877000 4111.944453 12
423 4121.715000 4121.570612 18
424 4130.747000 4131.570612 0
425 4140.193000 4140.279414 23
426 4150.031000 4150.182418 11
427 4159.457000 4160.182418 0
428 4170.041000 4169.501055 14
429 4179.827000 4179.699117 27
430 4189.240000 4189.499876 14
431 4198.753000 4169.792325 9
432 4208.351000 4208.201519 21
433 4217.789000 4217.950035 12
434 4227.286000 4227.950035 0
435 4236.999000 4236.938496 15
436 4244.888000 4245.180864 11
437 4254.888000 4254.632688 13
438 4264.439000 4264.632688 0
439 4274.258000 4274.696777 17
440 4284.043000 4284.310417 16
441 4294.402000 4294.610783 14
442 4303.916000 4303.920088 31
443 4313.916000 4313.122879 14
444 4323.916000 4323.122879 0
445 4333.452000 4333.791793 15
446 4343.452000 4343.546165 12
447 4353.696000 4353.112946 12
448 4363.535000 4363.710761 17
449 4373.659000 4373.710761 0
450 4384.141000 4383.710761 0
451 4393.800000 4394.574770 16
452 4403.011000 4402.915980 10
453 4412.922000 4412.915980 0
454 4421.741000 4421.484443 18
455 4431.202000 4431.484443 0
456 4440.558000 4442.105520 12
457 4450.718000 4450.978974 14
458 4460.914000 4460.477483 11
459 4468.980000 4470.477483 0
460 4477.834000 4477.406660 10
461 4487.834000 4487.406660 0
462 4496.760000 4497.406660 0
463 4505.714000 4507.406660 0
464 4514.669000 4540.516413 8
465 4522.896000 4550.516413 0
466 4532.554000 4560.516413 0
467 4540.771000 4630.270394 8
468 4549.692000 4587.525594 8
469 4558.663000 4559.366457 13
470 4568.567000 4569.366457 0
471 4579.446000 4579.366457 0
472 4586.385000 4586.601850 10
473 4596.676000 4596.310687 13
474 4606.008000 4605.648194 16
475 4615.820000 4615.648194 0
476 4624.232000 4625.648194 0
477 4633.843000 4633.988867 18
478 4643.506000 4643.166890 18
479 4652.917000 4653.166890 0
480 4662.917000 4662.860089 20
481 4672.917000 4672.878323 23
