001 0.000000 -0.058150 45
002 10.000000 9.989480 32
003 20.000000 21.444415 13
004 28.072000 31.444415 0
005 38.058000 38.087011 24
006 48.059000 48.018500 21
007 58.056000 58.062789 10
008 68.056000 68.083884 10
009 78.056000 78.064820 38
010 88.056000 88.084749 24
011 98.056000 98.226310 34
012 108.056000 108.167796 38
013 118.056000 118.076234 27
014 128.056000 128.096389 44
015 138.056000 138.082496 33
016 148.056000 148.077594 45
017 158.056000 158.077290 47
018 168.056000 168.076187 40
019 178.056000 178.225025 36
020 188.056000 188.092333 46
021 198.056000 198.076874 41
022 208.056000 208.067934 43
023 218.056000 218.094920 43
024 228.056000 228.217372 24
025 238.056000 239.167609 15
026 248.056000 249.030853 13
027 258.311000 258.729202 11
028 268.392000 268.729202 0
029 278.457000 278.574188 19
030 288.680000 288.366591 8
031 299.265000 299.363655 19
032 309.265000 309.403395 18
033 319.460000 319.403395 0
034 329.886000 329.403395 0
035 331.489000 339.403395 0
036 341.050000 349.403395 0
037 352.269000 359.403395 0
038 362.269000 369.403395 0
039 372.483000 379.403395 0
040 382.483000 389.403395 0
041 392.844000 392.183230 15
042 403.556000 403.600337 13
043 414.326000 413.600337 0
044 424.449000 424.284519 14
045 434.768000 434.590867 12
046 444.768000 444.590867 0
047 452.651000 454.590867 0
048 462.775000 464.590867 0
049 472.194000 474.590867 0
050 482.194000 482.363096 14
051 491.877000 492.008945 13
052 501.624000 502.628690 16
053 511.427000 511.077050 9
054 520.978000 520.566006 16
055 530.978000 530.712892 9
056 541.619000 542.152416 11
057 550.842000 552.152416 0
058 560.228000 562.152416 0
059 569.286000 572.152416 0
060 578.659000 578.560310 9
061 588.915000 589.202960 15
062 598.555000 599.202960 0
063 608.681000 608.559289 15
064 619.259000 619.271534 29
065 628.721000 627.808605 10
066 638.369000 637.808605 0
067 647.991000 647.808605 0
068 657.851000 658.601624 13
069 666.916000 666.920632 11
070 675.899000 675.890587 10
071 685.573000 686.046976 17
072 695.248000 695.140223 17
073 705.586000 705.624468 10
074 715.395000 715.624468 0
075 725.261000 725.430258 14
076 734.717000 735.430258 0
077 745.217000 744.984249 14
078 755.217000 755.480266 13
079 764.858000 765.480266 0
080 774.506000 775.480266 0
081 785.429000 785.480266 0
082 796.513000 797.374103 15
083 806.746000 806.553828 8
084 816.819000 816.680124 14
085 826.819000 826.614554 27
086 836.249000 836.665755 12
087 846.163000 845.955835 11
088 856.163000 855.955835 0
089 864.873000 864.875723 10
090 873.220000 873.197199 14
091 883.027000 884.191585 11
092 892.860000 892.758229 10
093 902.860000 902.758229 0
094 912.210000 911.193255 11
095 921.433000 921.193255 0
096 931.433000 931.658949 17
097 940.742000 941.658949 0
098 949.547000 951.658949 0
099 958.617000 961.658949 0
100 968.324000 968.306263 16
101 977.329000 977.425988 18
102 987.329000 987.639270 16
103 997.595000 997.639270 0
104 1007.336000 1007.328930 9
105 1017.463000 1017.328930 0
106 1028.014000 1027.328930 0
107 1037.881000 1037.950003 10
108 1046.619000 1046.915190 17
109 1056.878000 1056.957408 19
110 1066.607000 1066.282205 12
111 1076.607000 1076.282205 0
112 1085.691000 1086.282205 0
113 1095.691000 1095.691256 20
114 1104.986000 1104.995247 17
115 1115.086000 1115.114833 18
116 1124.734000 1124.397490 13
117 1133.904000 1133.744612 18
118 1143.738000 1143.549607 24
119 1153.068000 1153.117882 8
120 1162.582000 1163.117882 0
121 1172.470000 1171.930809 13
122 1181.693000 1181.502351 8
123 1191.553000 1191.502351 0
124 1201.148000 1201.318998 17
125 1211.148000 1211.318998 0
126 1220.338000 1220.314304 9
127 1229.986000 1230.065317 9
128 1239.076000 1239.089942 16
129 1249.076000 1249.089942 0
130 1257.800000 1259.089942 0
131 1267.668000 1269.089942 0
132 1278.014000 1279.089942 0
133 1288.014000 1288.055904 12
134 1297.789000 1298.223991 13
135 1307.517000 1308.223991 0
136 1317.517000 1318.223991 0
137 1327.250000 1326.832409 12
138 1336.985000 1336.882955 19
139 1346.985000 1347.196902 17
140 1356.581000 1356.058126 14
141 1365.299000 1396.253214 9
142 1375.105000 1406.253214 0
143 1385.579000 1416.253214 0
144 1395.579000 1395.490537 23
145 1405.579000 1405.824750 24
146 1415.931000 1415.945244 16
147 1425.340000 1425.945244 0
148 1434.351000 1435.945244 0
149 1443.813000 1445.945244 0
150 1453.703000 1454.214078 19
151 1463.450000 1464.214078 0
152 1471.333000 1474.214078 0
153 1481.566000 1484.214078 0
154 1491.044000 1490.991972 22
155 1500.579000 1500.991972 0
156 1510.173000 1510.991972 0
157 1520.607000 1520.991972 0
158 1530.868000 1531.416744 10
159 1540.607000 1541.416744 0
160 1549.968000 1551.416744 0
161 1560.345000 1560.204027 19
162 1570.539000 1570.003702 10
163 1579.858000 1579.809716 9
164 1589.858000 1589.809716 0
165 1599.858000 1599.809716 0
166 1610.086000 1609.809716 0
167 1620.615000 1620.938166 12
168 1631.827000 1630.938166 0
169 1641.168000 1641.175845 15
170 1651.300000 1651.175845 0
171 1663.636000 1661.175845 0
172 1672.749000 1672.740941 22
173 1683.172000 1682.740941 0
174 1693.095000 1694.033621 13
175 1702.956000 1703.119495 30
176 1713.607000 1713.090183 12
177 1724.031000 1723.090183 0
178 1734.031000 1733.264821 11
179 1742.838000 1743.264821 0
180 1752.449000 1751.878526 8
181 1760.542000 1760.306671 12
182 1770.715000 1770.306671 0
183 1780.992000 1780.306671 0
184 1790.832000 1790.226016 12
185 1800.832000 1800.226016 0
186 1810.721000 1811.576636 18
187 1820.617000 1821.576636 0
188 1830.360000 1830.332673 24
189 1840.013000 1840.004827 14
190 1849.209000 1850.004827 0
191 1860.090000 1860.004827 0
192 1869.680000 1870.004827 0
193 1879.478000 1880.050680 10
194 1889.402000 1889.348994 16
195 1899.097000 1899.006947 14
196 1908.417000 1909.006947 0
197 1917.757000 1919.006947 0
198 1926.911000 1928.318666 16
199 1937.293000 1938.042056 8
200 1946.883000 1948.042056 0
201 1954.809000 1958.042056 0
202 1964.620000 1968.042056 0
203 1974.782000 1978.042056 0
204 1985.579000 1986.414674 8
205 1995.308000 1995.454910 13
206 2005.308000 2005.663176 9
207 2015.204000 2015.663176 0
208 2024.919000 2024.104401 13
209 2034.823000 2034.104401 0
210 2044.823000 2044.759856 23
211 2053.733000 2054.759856 0
212 2065.736000 2065.701509 12
213 2075.432000 2075.296330 21
214 2085.432000 2085.234193 18
215 2095.640000 2095.382818 12
216 2105.535000 2105.842463 11
217 2116.249000 2115.842463 0
218 2125.944000 2126.091449 18
219 2135.944000 2136.091449 0
220 2146.477000 2146.145965 13
221 2156.339000 2156.145965 0
222 2166.172000 2166.239674 19
223 2176.248000 2176.239674 0
224 2185.589000 2186.239674 0
225 2195.326000 2195.559732 10
226 2205.520000 2204.676741 12
227 2217.024000 2214.676741 0
228 2227.821000 2227.535021 13
229 2237.286000 2237.277459 25
230 2246.071000 2245.634106 12
231 2256.071000 2255.634106 0
232 2265.092000 2265.170963 10
233 2275.092000 2275.170963 0
234 2284.908000 2284.872906 15
235 2294.908000 2295.582026 18
236 2304.609000 2304.530336 14
237 2314.609000 2314.530336 0
238 2324.304000 2323.963146 9
239 2334.304000 2334.214546 9
240 2344.486000 2344.370694 18
241 2353.057000 2354.370694 0
242 2362.985000 2364.370694 0
243 2372.520000 2372.687569 22
244 2381.683000 2382.687569 0
245 2392.797000 2392.762293 18
246 2402.524000 2402.762293 0
247 2412.524000 2412.680805 21
248 2422.603000 2422.680805 0
249 2432.623000 2432.527453 24
250 2442.623000 2442.361551 26
251 2451.774000 2451.612758 19
252 2461.676000 2461.612758 0
253 2470.754000 2471.612758 0
254 2481.214000 2481.037835 22
255 2491.098000 2491.037835 0
256 2500.447000 2500.101357 11
257 2509.765000 2509.632379 16
258 2518.890000 2519.632379 0
259 2529.280000 2529.287096 8
260 2538.944000 2539.440218 15
261 2548.529000 2548.482294 19
262 2558.036000 2558.482294 0
263 2567.093000 2566.978309 10
264 2575.836000 2576.978309 0
265 2585.931000 2585.995840 13
266 2595.244000 2595.352184 13
267 2605.244000 2605.116589 13
268 2615.042000 2614.895825 22
269 2624.843000 2624.549979 10
270 2635.057000 2634.549979 0
271 2645.270000 2645.723169 20
272 2654.752000 2655.723169 0
273 2664.938000 2664.938594 9
274 2674.439000 2673.903928 10
275 2684.201000 2683.903928 0
276 2693.355000 2693.485269 11
277 2703.021000 2703.082672 10
278 2712.409000 2713.082672 0
279 2722.955000 2723.354935 14
280 2733.351000 2733.388917 17
281 2743.508000 2743.436085 8
282 2753.438000 2753.799924 14
283 2763.906000 2763.799924 0
284 2774.276000 2774.201161 19
285 2783.156000 2783.239506 19
286 2792.350000 2792.084083 11
287 2802.543000 2802.084083 0
288 2812.446000 2812.084083 0
289 2821.794000 2822.084083 0
290 2830.771000 2832.084083 0
291 2841.083000 2842.084083 0
292 2851.257000 2852.084083 0
293 2861.257000 2860.747582 8
294 2871.591000 2870.747582 0
295 2880.480000 2880.747582 0
296 2890.480000 2890.747582 0
297 2900.383000 2899.978942 16
298 2910.232000 2909.978942 0
299 2920.525000 2920.420122 10
300 2930.148000 2930.045089 20
301 2939.843000 2940.434179 11
302 2949.985000 2949.944463 13
303 2959.411000 2959.944463 0
304 2969.411000 2969.038740 13
305 2979.660000 2979.038740 0
306 2989.373000 2989.038740 0
307 2999.373000 2999.038740 0
308 3009.156000 3009.038740 0
309 3018.995000 3020.216647 8
310 3028.707000 3028.865591 13
311 3038.277000 3038.294627 9
312 3046.041000 3045.206811 14
313 3054.913000 3055.206811 0
314 3064.767000 3065.206811 0
315 3074.767000 3075.206811 0
316 3084.516000 3084.622584 8
317 3092.780000 3092.642847 12
318 3102.278000 3101.625304 20
319 3113.010000 3111.625304 0
320 3122.474000 3121.625304 0
321 3132.329000 3132.695000 15
322 3140.879000 3140.722459 15
323 3150.790000 3150.859360 13
324 3160.555000 3160.601780 13
325 3169.624000 3170.601780 0
326 3177.834000 3180.601780 0
327 3187.548000 3187.349587 16
328 3198.656000 3198.921113 22
329 3208.441000 3208.030073 19
330 3217.491000 3217.805130 13
331 3228.026000 3227.805130 0
332 3238.294000 3237.805130 0
333 3248.222000 3248.077437 10
334 3258.222000 3258.442502 19
335 3267.432000 3267.079522 16
336 3277.002000 3276.949126 21
337 3287.002000 3286.949126 0
338 3297.002000 3296.949126 0
339 3307.002000 3308.066540 13
340 3316.855000 3318.066540 0
341 3326.855000 3328.885324 13
342 3335.816000 3335.596601 10
343 3346.780000 3345.596601 0
344 3357.496000 3355.596601 0
345 3367.780000 3367.799378 25
346 3377.690000 3377.799378 0
347 3387.331000 3387.799378 0
348 3397.331000 3397.748594 13
349 3403.895000 3407.748594 0
350 3413.895000 3417.748594 0
351 3423.625000 3423.904997 12
352 3434.501000 3496.008665 8
353 3444.227000 3444.175311 14
354 3454.999000 3454.790891 14
355 3464.135000 3464.114793 10
356 3474.135000 3473.858102 11
357 3484.135000 3484.277009 17
358 3493.815000 3494.675048 12
359 3503.474000 3503.762808 13
360 3513.133000 3512.553662 14
361 3522.614000 3522.544408 19
362 3532.614000 3532.489183 9
363 3540.698000 3542.096819 9
364 3549.319000 3552.096819 0
365 3560.035000 3562.096819 0
366 3570.427000 3572.096819 0
367 3579.853000 3580.193153 18
368 3588.868000 3588.672440 10
369 3597.758000 3598.132337 15
370 3608.598000 3608.132337 0
371 3619.205000 3618.132337 0
372 3630.495000 3630.549312 14
373 3639.841000 3639.929338 14
374 3650.150000 3649.929338 0
375 3658.773000 3659.929338 0
376 3669.988000 3669.929338 0
377 3675.443000 3679.929338 0
378 3686.082000 3686.311573 26
379 3696.082000 3696.311573 0
380 3707.480000 3706.311573 0
381 3717.480000 3712.790672 14
382 3727.480000 3713.370267 13
383 3737.086000 3723.370267 0
384 3746.943000 3733.370267 0
385 3756.241000 3756.821506 10
386 3766.400000 3766.627951 11
387 3776.400000 3761.504163 10
388 3786.400000 3787.421101 11
389 3795.665000 3795.687530 16
390 3803.874000 3803.278128 13
391 3813.588000 3813.576039 9
392 3823.819000 3824.249968 12
393 3833.460000 3834.249968 0
394 3842.278000 3842.367430 16
395 3852.672000 3852.774659 13
396 3863.100000 3863.120097 8
397 3873.868000 3873.120097 0
398 3883.688000 3883.714703 12
399 3892.560000 3892.298700 14
400 3903.079000 3902.966833 17
401 3913.113000 3912.712393 9
402 3922.683000 3921.902105 11
403 3932.467000 3932.244463 14
404 3942.324000 3942.244463 0
405 3950.945000 3951.107680 9
406 3960.478000 3960.203806 10
407 3970.818000 3970.203806 0
408 3980.709000 3980.741704 10
409 3987.524000 3990.741704 0
410 3997.721000 3997.773900 23
411 4007.827000 4007.773900 0
412 4017.827000 4017.773900 0
413 4027.055000 4027.436588 13
414 4036.481000 4036.265060 17
415 4046.481000 4046.265060 0
416 4055.175000 4055.997848 15
417 4064.458000 4065.997848 0
418 4073.867000 4075.997848 0
419 4082.614000 4085.997848 0
420 4093.775000 4095.997848 0
421 4102.647000 4103.016615 13
422 4111.877000 4111.952227 14
423 4121.715000 4121.583402 17
424 4130.747000 4131.583402 0
425 4140.193000 4140.276636 21
426 4150.031000 4150.198160 11
427 4159.457000 4160.198160 0
428 4170.041000 4169.448525 12
429 4179.827000 4179.685559 25
430 4189.240000 4189.842554 13
431 4198.753000 4169.110104 8
432 4208.351000 4208.065723 22
433 4217.789000 4217.827711 11
434 4227.286000 4227.827711 0
435 4236.999000 4236.931769 13
436 4244.888000 4246.931769 0
437 4254.888000 4254.610667 13
438 4264.439000 4264.610667 0
439 4274.258000 4274.738490 15
440 4284.043000 4284.321110 15
441 4294.402000 4294.603390 16
442 4303.916000 4303.923226 27
443 4313.916000 4313.923226 0
444 4323.916000 4323.923226 0
445 4333.452000 4333.965002 11
446 4343.452000 4343.654807 12
447 4353.696000 4353.178516 14
448 4363.535000 4363.479003 17
449 4373.659000 4373.479003 0
450 4384.141000 4383.479003 0
451 4393.800000 4393.591044 16
452 4403.011000 4402.697877 11
453 4412.922000 4412.697877 0
454 4421.741000 4421.306277 18
455 4431.202000 4431.306277 0
456 4440.558000 4442.401485 10
457 4450.718000 4451.067893 11
458 4460.914000 4461.032713 13
459 4468.980000 4471.032713 0
460 4477.834000 4476.973476 9
461 4487.834000 4486.973476 0
462 4496.760000 4511.750546 8
463 4505.714000 4521.750546 0
464 4514.669000 4541.361658 12
465 4522.896000 4551.361658 0
466 4532.554000 4561.361658 0
467 4540.771000 4630.263637 9
468 4549.692000 4587.289811 8
469 4558.663000 4597.289811 0
470 4568.567000 4574.165279 9
471 4579.446000 4584.165279 0
472 4586.385000 4586.582694 12
473 4596.676000 4596.291873 12
474 4606.008000 4605.693411 14
475 4615.820000 4615.693411 0
476 4624.232000 4625.693411 0
477 4633.843000 4633.997278 17
478 4643.506000 4643.193606 20
479 4652.917000 4653.193606 0
480 4662.917000 4662.860675 21
481 4672.917000 4672.878323 23
