001 0.000000 -0.231375 95
002 10.000000 9.981369 32
003 20.000000 20.591200 21
004 30.000000 29.665541 32
005 39.500000 39.483433 25
006 49.500000 49.419315 50
007 59.500000 59.389452 28
008 69.500000 69.466579 57
009 79.500000 79.461183 34
010 89.500000 89.445811 62
011 99.500000 99.514934 64
012 109.500000 109.498026 66
013 119.495000 119.526987 58
014 129.495000 129.389377 81
015 139.495000 139.557954 75
016 149.495000 149.503982 59
017 159.495000 159.503591 93
018 169.495000 169.461822 62
019 179.496000 179.434366 75
020 189.496000 189.549273 78
021 199.496000 199.430295 89
022 209.496000 209.589110 64
023 219.496000 219.450692 65
024 229.496000 229.219584 38
025 239.496000 240.408316 31
026 249.496000 250.299548 22
027 257.833000 259.973409 16
028 268.070000 269.701593 24
029 278.273000 277.468487 33
030 288.681000 283.208021 11
031 299.870000 300.742648 38
032 309.155000 308.887884 20
033 319.459000 318.887884 0
034 327.623000 328.887884 0
035 333.710000 307.397479 8
036 343.710000 328.280746 8
037 353.913000 367.854833 8
038 362.483000 372.262644 12
039 374.999000 374.832967 11
040 385.304000 384.991361 28
041 395.507000 395.704487 20
042 405.814000 406.349970 56
043 416.151000 398.917974 13
044 426.151000 408.917974 0
045 436.526000 436.741418 30
046 446.591000 444.359065 10
047 454.821000 454.777449 22
048 464.821000 464.777449 0
049 473.425000 474.777449 0
050 483.288000 483.788599 21
051 493.185000 493.944796 34
052 502.674000 503.228532 29
053 512.129000 512.086018 14
054 521.822000 521.887589 20
055 532.195000 530.839410 13
056 540.665000 540.839410 0
057 550.665000 555.344036 10
058 560.936000 561.650108 19
059 570.219000 569.938803 27
060 580.219000 579.795607 20
061 590.965000 588.678569 13
062 600.454000 600.524009 26
063 610.340000 611.555139 26
064 620.425000 620.793161 48
065 630.553000 630.813916 21
066 641.140000 640.813916 0
067 650.220000 650.813916 0
068 660.064000 659.744411 35
069 670.064000 669.744411 0
070 679.938000 679.384904 29
071 689.580000 689.705866 48
072 699.835000 699.822441 13
073 709.835000 709.082303 24
074 719.292000 721.122361 11
075 729.031000 729.132842 18
076 738.875000 738.815498 18
077 748.746000 749.143324 18
078 758.152000 758.023749 32
079 767.529000 803.350252 14
080 777.609000 813.350252 0
081 787.844000 788.054761 26
082 798.130000 798.481396 34
083 808.001000 807.784869 22
084 818.288000 818.607145 40
085 828.471000 827.742898 28
086 837.900000 805.571523 8
087 848.134000 848.806162 16
088 857.721000 857.500928 19
089 866.734000 867.190557 14
090 875.852000 876.200636 27
091 885.852000 885.989377 20
092 894.867000 870.017655 8
093 904.998000 905.010009 24
094 914.582000 914.459663 22
095 924.168000 925.032532 22
096 934.168000 934.104427 25
097 943.521000 944.104427 0
098 952.743000 951.827781 27
099 962.718000 962.610029 20
100 972.147000 972.562360 29
101 982.147000 982.171765 39
102 991.915000 991.828336 32
103 1002.124000 1001.274367 24
104 1012.593000 1011.274367 0
105 1022.696000 1022.745283 8
106 1032.179000 1032.519475 25
107 1041.271000 1041.369449 31
108 1051.090000 1051.553979 30
109 1061.324000 1061.674577 19
110 1071.092000 1070.843057 29
111 1081.067000 1077.877491 9
112 1090.341000 1090.498206 13
113 1100.264000 1100.838561 19
114 1110.601000 1110.218023 33
115 1120.188000 1120.257350 23
116 1129.695000 1129.002514 25
117 1139.543000 1140.276790 26
118 1148.939000 1148.731156 14
119 1159.306000 1159.603386 21
120 1168.955000 1169.015077 25
121 1178.580000 1179.015077 0
122 1188.580000 1189.015077 0
123 1198.222000 1198.810227 24
124 1208.379000 1208.507024 24
125 1218.491000 1219.720693 14
126 1228.491000 1228.097258 20
127 1237.938000 1237.427920 20
128 1248.097000 1276.488578 9
129 1257.411000 1286.488578 0
130 1267.338000 1267.044632 18
131 1277.474000 1276.654626 24
132 1287.371000 1286.783019 15
133 1295.957000 1294.450070 9
134 1306.140000 1306.202933 22
135 1316.557000 1316.202933 0
136 1325.905000 1326.174989 21
137 1336.205000 1336.171731 30
138 1346.205000 1345.888476 33
139 1355.472000 1355.210346 24
140 1365.786000 1365.210346 0
141 1375.106000 1338.470274 9
142 1384.732000 1342.412003 8
143 1394.373000 1394.298111 25
144 1403.969000 1404.382878 36
145 1413.772000 1409.951862 15
146 1423.807000 1421.767234 14
147 1432.759000 1431.900105 10
148 1442.185000 1443.056067 16
149 1452.185000 1452.157792 38
150 1461.552000 1461.294044 17
151 1469.403000 1468.362841 11
152 1481.218000 1481.791635 22
153 1491.130000 1490.727167 19
154 1501.296000 1502.356770 8
155 1511.430000 1511.416389 19
156 1521.754000 1522.784085 9
157 1531.842000 1531.943581 9
158 1540.884000 1541.943581 0
159 1551.794000 1551.233331 15
160 1561.076000 1561.573742 25
161 1570.996000 1571.299077 21
162 1580.996000 1581.394015 25
163 1590.875000 1591.559518 9
164 1600.220000 1661.956062 9
165 1609.660000 1671.956062 0
166 1616.952000 1617.698175 21
167 1627.628000 1629.985742 16
168 1638.073000 1638.014018 35
169 1647.976000 1648.150294 16
170 1659.699000 1637.303281 9
171 1669.718000 1669.302617 28
172 1680.298000 1680.069132 25
173 1690.007000 1689.872691 24
174 1700.007000 1699.815967 31
175 1710.047000 1710.222359 22
176 1719.833000 1720.145551 26
177 1729.931000 1729.866754 28
178 1740.105000 1740.065930 22
179 1750.008000 1750.013391 33
180 1759.659000 1759.558624 18
181 1768.983000 1769.622663 16
182 1778.325000 1777.719053 12
183 1786.836000 1785.082543 12
184 1796.991000 1795.082543 0
185 1806.991000 1807.208445 29
186 1817.339000 1817.206765 17
187 1826.856000 1826.873861 52
188 1836.740000 1837.763718 22
189 1847.455000 1847.763718 0
190 1858.635000 1857.763718 0
191 1868.326000 1869.976510 20
192 1878.248000 1878.869351 27
193 1887.920000 1887.356421 34
194 1897.340000 1896.293760 23
195 1905.560000 1904.581413 11
196 1915.773000 1914.581413 0
197 1925.308000 1925.757279 33
198 1935.308000 1936.604650 12
199 1945.308000 1945.603155 22
200 1955.077000 1954.596915 16
201 1964.709000 1964.758598 11
202 1974.265000 1974.758598 0
203 1984.091000 1984.880087 37
204 1994.419000 1994.184052 13
205 2003.917000 2003.621051 17
206 2014.342000 2013.924075 9
207 2024.342000 2024.711375 25
208 2034.748000 2020.799787 9
209 2044.497000 2045.227932 19
210 2052.930000 2054.962008 8
211 2063.510000 2063.634033 21
212 2073.510000 2073.084534 34
213 2083.181000 2083.231041 31
214 2092.775000 2090.653422 17
215 2102.699000 2102.947949 29
216 2113.085000 2113.526653 13
217 2122.582000 2123.005749 31
218 2132.582000 2132.771569 12
219 2142.621000 2142.877954 23
220 2152.621000 2146.139443 12
221 2162.408000 2162.464320 23
222 2171.964000 2171.890181 25
223 2181.132000 2180.605378 18
224 2192.079000 2192.704885 18
225 2201.906000 2201.606351 37
226 2212.564000 2211.149615 20
227 2222.486000 2222.267801 36
228 2231.635000 2231.546566 23
229 2240.552000 2239.776449 17
230 2248.869000 2248.930248 12
231 2259.720000 2260.093844 22
232 2269.584000 2301.909139 9
233 2279.663000 2279.665588 10
234 2289.295000 2289.668643 31
235 2299.140000 2298.269528 32
236 2308.309000 2308.245351 42
237 2318.309000 2317.134336 8
238 2328.433000 2327.531101 19
239 2338.700000 2338.556264 35
240 2348.841000 2348.556264 0
241 2357.638000 2357.503672 28
242 2367.556000 2367.759196 23
243 2377.556000 2375.711424 14
244 2387.492000 2387.527424 34
245 2397.492000 2397.527424 0
246 2407.245000 2407.232434 47
247 2416.888000 2416.958217 26
248 2426.625000 2426.288365 37
249 2436.625000 2436.874427 33
250 2446.625000 2445.381313 14
251 2455.791000 2477.007607 13
252 2465.563000 2465.258403 15
253 2475.219000 2475.611582 47
254 2484.752000 2484.239314 26
255 2494.345000 2494.157013 13
256 2503.590000 2503.250951 18
257 2513.327000 2501.458481 9
258 2522.425000 2531.542476 10
259 2532.425000 2533.876623 27
260 2542.010000 2542.722833 22
261 2551.132000 2551.492840 25
262 2560.594000 2558.605482 28
263 2569.813000 2568.564310 13
264 2579.056000 2536.187135 9
265 2588.033000 2587.398335 29
266 2597.181000 2597.280610 16
267 2607.181000 2606.948336 21
268 2616.802000 2616.222745 29
269 2625.949000 2625.234078 23
270 2635.336000 2635.234078 0
271 2645.336000 2645.808356 19
272 2654.752000 2655.240271 10
273 2664.938000 2665.217893 16
274 2673.879000 2672.646826 16
275 2684.329000 2683.567255 15
276 2693.608000 2693.567255 0
277 2703.396000 2703.311990 22
278 2712.325000 2713.100093 13
279 2723.233000 2724.036657 33
280 2733.586000 2733.481667 17
281 2743.313000 2742.879783 24
282 2753.123000 2752.879783 0
283 2760.110000 2760.329659 19
284 2770.319000 2770.759605 14
285 2780.069000 2780.018882 28
286 2790.069000 2789.752950 19
287 2800.298000 2799.280085 11
288 2810.104000 2810.015005 33
289 2819.480000 2819.775317 28
290 2829.025000 2827.172649 25
291 2839.102000 2839.971366 15
292 2849.021000 2849.174320 24
293 2858.916000 2858.698217 20
294 2869.329000 2868.698217 0
295 2877.668000 2878.698217 0
296 2887.442000 2887.692457 36
297 2897.795000 2897.623071 31
298 2907.293000 2907.289781 24
299 2917.175000 2916.981333 34
300 2926.998000 2924.619937 14
301 2935.746000 2932.236145 11
302 2945.436000 2944.529684 11
303 2955.356000 2956.367626 21
304 2964.522000 2963.499537 17
305 2974.983000 2974.896993 16
306 2985.603000 2984.865814 26
307 2995.729000 2994.865814 0
308 3006.629000 3005.932460 22
309 3014.953000 3015.956549 23
310 3024.823000 3023.645414 27
311 3034.477000 3034.418994 15
312 3043.168000 3042.124191 17
313 3051.342000 3051.430093 27
314 3061.468000 3061.146696 19
315 3071.381000 3070.997937 25
316 3080.242000 3080.348607 23
317 3090.518000 3088.974487 17
318 3099.379000 3099.746450 31
319 3109.614000 3108.633929 23
320 3119.010000 3118.813265 11
321 3128.279000 3128.718219 28
322 3137.870000 3136.420060 26
323 3146.021000 3146.425791 30
324 3155.866000 3155.325193 40
325 3165.193000 3162.636717 12
326 3174.701000 3172.636717 0
327 3184.357000 3184.341145 21
328 3194.357000 3195.048946 19
329 3204.267000 3204.457697 24
330 3213.801000 3213.898663 27
331 3224.560000 3224.384435 20
332 3234.264000 3231.444503 11
333 3244.615000 3244.183429 20
334 3253.814000 3254.920511 18
335 3263.814000 3264.010512 26
336 3273.940000 3273.912979 42
337 3283.138000 3282.700959 13
338 3294.383000 3292.700959 0
339 3302.959000 3303.060306 15
340 3312.556000 3399.362711 8
341 3323.005000 3325.781174 20
342 3334.161000 3333.724229 17
343 3344.480000 3343.758541 21
344 3354.582000 3353.758541 0
345 3364.582000 3365.257297 24
346 3374.424000 3374.510579 21
347 3384.424000 3385.113240 19
348 3394.511000 3394.594724 27
349 3404.275000 3403.604831 20
350 3414.420000 3413.604831 0
351 3423.839000 3423.604831 0
352 3434.227000 3433.679668 16
353 3443.973000 3444.084119 32
354 3454.135000 3453.887404 27
355 3463.796000 3463.524507 40
356 3473.317000 3473.524507 0
357 3483.002000 3483.262668 23
358 3491.710000 3492.289405 25
359 3501.231000 3501.314223 21
360 3511.079000 3510.667954 34
361 3520.698000 3520.633795 44
362 3530.154000 3530.543415 12
363 3539.741000 3539.745934 28
364 3549.838000 3548.041358 8
365 3559.823000 3560.068102 10
366 3571.457000 3571.546520 15
367 3581.369000 3579.009037 27
368 3590.500000 3590.859601 15
369 3600.241000 3600.859601 0
370 3610.648000 3609.913258 13
371 3620.496000 3619.694745 10
372 3631.869000 3631.521171 38
373 3640.968000 3640.818980 26
374 3651.042000 3649.821852 18
375 3660.726000 3659.821852 0
376 3667.063000 3665.295539 15
377 3675.057000 3675.295539 0
378 3686.171000 3686.311816 19
379 3694.652000 3696.311816 0
380 3705.060000 3718.771500 12
381 3715.001000 3712.592558 30
382 3725.044000 3711.821962 29
383 3733.674000 3721.821962 0
384 3743.809000 3744.392102 23
385 3753.461000 3753.616948 32
386 3763.193000 3762.847966 21
387 3772.288000 3755.316488 13
388 3781.697000 3783.233410 30
389 3791.239000 3791.025746 37
390 3799.153000 3801.213849 15
391 3809.153000 3809.802326 16
392 3818.946000 3857.816823 9
393 3828.946000 3823.430546 9
394 3839.290000 3838.986672 31
395 3849.127000 3849.051967 25
396 3859.366000 3858.347272 22
397 3869.880000 3869.930946 28
398 3879.793000 3879.634740 21
399 3889.165000 3888.768295 22
400 3898.538000 3900.546424 25
401 3908.473000 3908.689575 16
402 3918.296000 3918.401902 35
403 3928.034000 3927.853714 10
404 3937.025000 3936.503678 18
405 3945.670000 3945.554473 33
406 3954.797000 3951.219971 13
407 3963.756000 3964.264098 22
408 3975.048000 3974.884648 29
409 3981.645000 3984.884648 0
410 3992.690000 3992.694517 31
411 4002.457000 4002.376363 29
412 4011.982000 4011.155268 30
413 4021.430000 4022.509307 17
414 4030.624000 4030.886053 21
415 4040.513000 4040.631381 24
416 4049.727000 4048.575893 30
417 4058.371000 4101.362714 11
418 4068.258000 4067.879978 17
419 4076.974000 4118.581873 10
420 4085.661000 4085.390128 11
421 4096.585000 4096.971063 20
422 4105.894000 4106.132835 44
423 4115.448000 4114.247368 21
424 4123.311000 4122.506254 28
425 4132.804000 4132.086368 18
426 4142.148000 4142.425241 35
427 4151.574000 4151.084034 16
428 4160.897000 4160.251990 21
429 4170.041000 4170.450738 25
430 4180.202000 4179.388896 26
431 4189.466000 4187.806989 30
432 4198.878000 4200.039939 16
433 4208.352000 4207.770291 30
434 4218.124000 4218.522409 36
435 4228.124000 4227.606040 30
436 4237.399000 4236.992313 14
437 4245.914000 4245.792800 26
438 4255.326000 4258.278405 13
439 4264.948000 4264.317577 26
440 4274.331000 4274.708667 38
441 4284.331000 4284.689839 29
442 4294.866000 4294.601308 30
443 4304.488000 4303.990611 42
444 4314.081000 4295.529486 11
445 4323.524000 4324.965905 14
446 4333.314000 4333.279944 35
447 4342.679000 4343.098748 29
448 4351.252000 4352.565484 23
449 4361.175000 4360.688455 29
450 4371.247000 4370.688455 0
451 4380.061000 4380.416793 14
452 4388.724000 4388.411233 26
453 4397.957000 4398.450847 24
454 4408.286000 4408.446632 18
455 4418.401000 4417.774165 41
456 4427.665000 4427.774165 0
457 4437.586000 4438.093132 26
458 4447.586000 4447.802445 35
459 4457.586000 4457.061261 29
460 4466.965000 4467.248431 41
461 4476.557000 4476.420572 14
462 4485.941000 4485.834331 19
463 4495.941000 4526.664681 14
464 4504.556000 4536.517893 8
465 4514.556000 4515.793958 13
466 4524.310000 4521.659836 16
467 4532.555000 4531.510907 12
468 4542.555000 4584.844086 16
469 4551.201000 4550.557200 31
470 4561.332000 4561.195965 16
471 4572.125000 4571.195965 0
472 4581.268000 4584.138400 13
473 4590.771000 4590.772085 25
474 4600.003000 4643.716791 17
475 4610.003000 4610.495078 33
476 4619.399000 4576.362888 18
477 4627.343000 4628.566184 15
478 4636.335000 4636.658917 39
479 4646.109000 4645.155756 31
480 4655.421000 4654.822973 24
481 4665.421000 4664.989943 41
