001 0.000000 -0.055360 93
002 10.000000 9.988071 28
003 20.000000 20.591200 21
004 30.000000 29.622732 30
005 39.500000 39.482471 26
006 49.500000 49.437916 48
007 59.500000 59.389452 28
008 69.500000 69.468078 58
009 79.500000 79.463108 35
010 89.500000 89.445905 63
011 99.500000 99.514619 66
012 109.500000 109.496294 68
013 119.495000 119.527483 61
014 129.495000 129.393326 84
015 139.495000 139.557166 77
016 149.495000 149.502374 60
017 159.495000 159.498681 93
018 169.495000 169.461460 63
019 179.496000 179.534867 76
020 189.496000 189.551779 77
021 199.496000 199.457981 89
022 209.496000 209.593877 63
023 219.496000 219.451925 63
024 229.496000 229.281883 38
025 239.496000 240.433967 29
026 249.496000 250.323396 21
027 257.833000 259.442067 24
028 268.070000 269.184738 21
029 278.273000 277.182088 34
030 288.681000 286.581012 19
031 299.870000 300.763760 37
032 309.155000 308.781969 23
033 319.459000 318.781969 0
034 327.623000 328.781969 0
035 333.710000 393.134793 8
036 343.710000 328.354614 8
037 353.913000 367.657126 8
038 362.483000 372.262644 12
039 374.999000 454.713387 10
040 385.304000 385.007742 29
041 395.507000 395.329037 19
042 405.814000 406.544205 53
043 416.151000 394.803457 14
044 426.151000 426.346660 11
045 436.526000 436.720262 31
046 446.591000 444.222727 13
047 454.821000 454.773160 24
048 464.821000 464.773160 0
049 473.425000 474.773160 0
050 483.288000 483.566764 20
051 493.185000 493.659143 34
052 502.674000 502.667646 35
053 512.129000 512.412657 16
054 521.822000 521.858371 20
055 532.195000 530.247752 9
056 540.665000 540.247752 0
057 550.665000 550.247752 0
058 560.936000 561.786451 15
059 570.219000 569.936244 26
060 580.219000 578.849576 16
061 590.965000 588.850688 14
062 600.454000 600.524655 27
063 610.340000 611.569730 24
064 620.425000 620.769573 52
065 630.553000 630.466638 22
066 641.140000 640.466638 0
067 650.220000 650.466638 0
068 660.064000 660.316395 28
069 670.064000 670.316395 0
070 679.938000 679.341716 26
071 689.580000 689.747983 46
072 699.835000 699.831208 10
073 709.835000 709.365602 23
074 719.292000 720.964522 10
075 729.031000 729.188658 15
076 738.875000 738.752584 19
077 748.746000 748.991555 11
078 758.152000 758.109348 30
079 767.529000 804.636055 14
080 777.609000 814.636055 0
081 787.844000 788.363826 25
082 798.130000 798.494630 33
083 808.001000 807.781525 22
084 818.288000 818.763494 40
085 828.471000 827.564219 25
086 837.900000 805.300499 8
087 848.134000 848.793820 19
088 857.721000 857.527728 18
089 866.734000 867.009443 15
090 875.852000 876.173044 29
091 885.852000 885.757632 24
092 894.867000 898.659030 11
093 904.998000 905.148758 22
094 914.582000 914.485496 23
095 924.168000 924.657916 24
096 934.168000 933.945366 28
097 943.521000 943.945366 0
098 952.743000 951.768825 24
099 962.718000 962.497917 23
100 972.147000 972.396251 29
101 982.147000 982.136349 38
102 991.915000 991.808820 30
103 1002.124000 1001.287948 18
104 1012.593000 1043.761067 8
105 1022.696000 994.437426 8
106 1032.179000 1032.469840 21
107 1041.271000 1041.351472 31
108 1051.090000 1051.403092 30
109 1061.324000 1058.550766 10
110 1071.092000 1071.145489 27
111 1081.067000 1078.060036 8
112 1090.341000 1090.477069 14
113 1100.264000 1101.618570 19
114 1110.601000 1110.318721 32
115 1120.188000 1120.040407 23
116 1129.695000 1129.439224 24
117 1139.543000 1140.088664 26
118 1148.939000 1148.875489 28
119 1159.306000 1159.279487 22
120 1168.955000 1169.022639 28
121 1178.580000 1179.022639 0
122 1188.580000 1189.022639 0
123 1198.222000 1198.931437 25
124 1208.379000 1208.547421 24
125 1218.491000 1220.055129 15
126 1228.491000 1228.039691 18
127 1237.938000 1237.725127 19
128 1248.097000 1274.901007 11
129 1257.411000 1239.804705 8
130 1267.338000 1267.204812 13
131 1277.474000 1276.654626 24
132 1287.371000 1286.797709 17
133 1295.957000 1294.809425 8
134 1306.140000 1306.202933 22
135 1316.557000 1316.202933 0
136 1325.905000 1325.604486 21
137 1336.205000 1336.281244 36
138 1346.205000 1345.924660 32
139 1355.472000 1355.172712 22
140 1365.786000 1365.172712 0
141 1375.106000 1338.442860 10
142 1384.732000 1341.016401 11
143 1394.373000 1394.285492 24
144 1403.969000 1404.573511 34
145 1413.772000 1412.265642 18
146 1423.807000 1421.543860 15
147 1432.759000 1449.657829 9
148 1442.185000 1442.876228 15
149 1452.185000 1452.296273 39
150 1461.552000 1461.294044 17
151 1469.403000 1469.160054 9
152 1481.218000 1481.883108 24
153 1491.130000 1490.442617 14
154 1501.296000 1502.068706 10
155 1511.430000 1564.197788 10
156 1521.754000 1521.682224 9
157 1531.842000 1531.409750 10
158 1540.884000 1541.409750 0
159 1551.794000 1551.866712 19
160 1561.076000 1561.153910 30
161 1570.996000 1571.483498 19
162 1580.996000 1581.559979 27
163 1590.875000 1591.559979 0
164 1600.220000 1661.650415 10
165 1609.660000 1671.650415 0
166 1616.952000 1617.581685 23
167 1627.628000 1630.258979 19
168 1638.073000 1638.349269 33
169 1647.976000 1648.172657 12
170 1659.699000 1658.172657 0
171 1669.718000 1669.466902 24
172 1680.298000 1680.105673 23
173 1690.007000 1689.735260 24
174 1700.007000 1699.665627 33
175 1710.047000 1710.572871 23
176 1719.833000 1720.156299 26
177 1729.931000 1730.109923 24
178 1740.105000 1740.076565 25
179 1750.008000 1749.956750 37
180 1759.659000 1759.562296 20
181 1768.983000 1769.975858 14
182 1778.325000 1776.987981 13
183 1786.836000 1785.490290 11
184 1796.991000 1795.490290 0
185 1806.991000 1807.478908 27
186 1817.339000 1817.197788 19
187 1826.856000 1826.865679 54
188 1836.740000 1837.468244 19
189 1847.455000 1847.468244 0
190 1858.635000 1831.192990 8
191 1868.326000 1869.782895 21
192 1878.248000 1878.847237 28
193 1887.920000 1887.418648 36
194 1897.340000 1896.283310 25
195 1905.560000 1904.385030 11
196 1915.773000 1914.385030 0
197 1925.308000 1925.833575 28
198 1935.308000 1935.754778 12
199 1945.308000 1945.524310 22
200 1955.077000 1954.635930 18
201 1964.709000 1964.758598 11
202 1974.265000 1974.758598 0
203 1984.091000 1984.648487 37
204 1994.419000 2073.349012 14
205 2003.917000 2003.191633 20
206 2014.342000 2014.137122 12
207 2024.342000 2024.701749 24
208 2034.748000 2020.610190 8
209 2044.497000 2044.250417 18
210 2052.930000 2053.859793 16
211 2063.510000 2063.625941 22
212 2073.510000 2073.073332 34
213 2083.181000 2083.237850 32
214 2092.775000 2090.725260 17
215 2102.699000 2102.954808 28
216 2113.085000 2113.463444 15
217 2122.582000 2122.782507 32
218 2132.582000 2132.741138 15
219 2142.621000 2142.890215 23
220 2152.621000 2144.149193 12
221 2162.408000 2162.419352 19
222 2171.964000 2171.888994 25
223 2181.132000 2180.479051 15
224 2192.079000 2192.696733 16
225 2201.906000 2201.797794 34
226 2212.564000 2211.077060 18
227 2222.486000 2222.122367 36
228 2231.635000 2231.369411 23
229 2240.552000 2239.727952 18
230 2248.869000 2248.837583 11
231 2259.720000 2259.939850 22
232 2269.584000 2268.136465 14
233 2279.663000 2279.665588 10
234 2289.295000 2289.566605 31
235 2299.140000 2298.187189 31
236 2308.309000 2308.357336 44
237 2318.309000 2317.145586 13
238 2328.433000 2327.531101 19
239 2338.700000 2338.683436 30
240 2348.841000 2348.683436 0
241 2357.638000 2357.421431 32
242 2367.556000 2367.920247 20
243 2377.556000 2375.577528 13
244 2387.492000 2387.519161 33
245 2397.492000 2409.614811 10
246 2407.245000 2407.231442 47
247 2416.888000 2416.835187 26
248 2426.625000 2426.244570 38
249 2436.625000 2436.779343 31
250 2446.625000 2445.994932 17
251 2455.791000 2477.296538 13
252 2465.563000 2465.285932 13
253 2475.219000 2475.534846 47
254 2484.752000 2484.106326 25
255 2494.345000 2494.141736 11
256 2503.590000 2503.089096 17
257 2513.327000 2501.458481 9
258 2522.425000 2532.548504 9
259 2532.425000 2534.055770 24
260 2542.010000 2542.683190 23
261 2551.132000 2551.143947 28
262 2560.594000 2558.722459 31
263 2569.813000 2568.791860 14
264 2579.056000 2535.598054 11
265 2588.033000 2587.326172 31
266 2597.181000 2597.443674 17
267 2607.181000 2606.872845 19
268 2616.802000 2616.220017 29
269 2625.949000 2625.215655 23
270 2635.336000 2614.229294 9
271 2645.336000 2645.916557 15
272 2654.752000 2655.495783 11
273 2664.938000 2664.946747 25
274 2673.879000 2672.544207 16
275 2684.329000 2683.162196 16
276 2693.608000 2696.122104 19
277 2703.396000 2703.558769 21
278 2712.325000 2713.135866 12
279 2723.233000 2723.957308 39
280 2733.586000 2733.344224 20
281 2743.313000 2743.283990 24
282 2753.123000 2789.064072 8
283 2760.110000 2760.237518 14
284 2770.319000 2770.759605 14
285 2780.069000 2779.889401 27
286 2790.069000 2789.653586 18
287 2800.298000 2799.065636 12
288 2810.104000 2809.965564 35
289 2819.480000 2820.189050 27
290 2829.025000 2827.178285 25
291 2839.102000 2839.665365 11
292 2849.021000 2849.201776 23
293 2858.916000 2858.886674 20
294 2869.329000 2868.886674 0
295 2877.668000 2878.886674 0
296 2887.442000 2888.056785 22
297 2897.795000 2897.608652 35
298 2907.293000 2907.244668 21
299 2917.175000 2917.133363 32
300 2926.998000 2924.647135 14
301 2935.746000 2932.873268 12
302 2945.436000 2945.199309 12
303 2955.356000 2956.353428 21
304 2964.522000 2963.919768 18
305 2974.983000 2974.794149 12
306 2985.603000 2984.287526 24
307 2995.729000 2994.287526 0
308 3006.629000 3005.938646 20
309 3014.953000 3015.735718 24
310 3024.823000 3023.569513 27
311 3034.477000 3034.450716 10
312 3043.168000 3043.093989 15
313 3051.342000 3051.130847 30
314 3061.468000 3061.110625 19
315 3071.381000 3071.125035 26
316 3080.242000 3080.322404 23
317 3090.518000 3088.974487 17
318 3099.379000 3099.611580 32
319 3109.614000 3108.806733 27
320 3119.010000 3118.806733 0
321 3128.279000 3128.812629 29
322 3137.870000 3136.380182 26
323 3146.021000 3146.364418 28
324 3155.866000 3155.333179 41
325 3165.193000 3212.630555 9
326 3174.701000 3222.630555 0
327 3184.357000 3184.341145 21
328 3194.357000 3195.053477 19
329 3204.267000 3204.509682 20
330 3213.801000 3213.898663 27
331 3224.560000 3224.656150 17
332 3234.264000 3231.590067 10
333 3244.615000 3244.183429 20
334 3253.814000 3254.863528 19
335 3263.814000 3263.988862 26
336 3273.940000 3273.912979 42
337 3283.138000 3282.661467 12
338 3294.383000 3292.661467 0
339 3302.959000 3303.126383 12
340 3312.556000 3313.126383 0
341 3323.005000 3325.781174 20
342 3334.161000 3333.724229 17
343 3344.480000 3343.720754 20
344 3354.582000 3337.372565 9
345 3364.582000 3365.249568 24
346 3374.424000 3374.498968 23
347 3384.424000 3385.089720 20
348 3394.511000 3394.584803 28
349 3404.275000 3403.811893 20
350 3414.420000 3413.811893 0
351 3423.839000 3423.811893 0
352 3434.227000 3433.602684 12
353 3443.973000 3444.087439 31
354 3454.135000 3454.301915 22
355 3463.796000 3463.602687 43
356 3473.317000 3473.602687 0
357 3483.002000 3483.026487 20
358 3491.710000 3491.778271 21
359 3501.231000 3501.181582 21
360 3511.079000 3510.772036 41
361 3520.698000 3520.625921 41
362 3530.154000 3527.214377 11
363 3539.741000 3539.745934 28
364 3549.838000 3549.004659 8
365 3559.823000 3560.094500 10
366 3571.457000 3571.491136 15
367 3581.369000 3578.796341 27
368 3590.500000 3590.814242 16
369 3600.241000 3600.814242 0
370 3610.648000 3612.719891 17
371 3620.496000 3619.525175 12
372 3631.869000 3631.559394 37
373 3640.968000 3640.457116 27
374 3651.042000 3649.810174 11
375 3660.726000 3660.543341 8
376 3667.063000 3664.604722 15
377 3675.057000 3677.036538 8
378 3686.171000 3686.182103 18
379 3694.652000 3696.182103 0
380 3705.060000 3708.097395 12
381 3715.001000 3712.682131 33
382 3725.044000 3711.716880 28
383 3733.674000 3721.716880 0
384 3743.809000 3743.295575 25
385 3753.461000 3753.547348 31
386 3763.193000 3762.971257 21
387 3772.288000 3755.686784 10
388 3781.697000 3782.676912 34
389 3791.239000 3791.095643 37
390 3799.153000 3801.304104 16
391 3809.153000 3809.794021 17
392 3818.946000 3819.794021 0
393 3828.946000 3824.019345 9
394 3839.290000 3839.383829 30
395 3849.127000 3849.105346 24
396 3859.366000 3859.064687 22
397 3869.880000 3869.932652 28
398 3879.793000 3879.633941 21
399 3889.165000 3889.015512 22
400 3898.538000 3900.125214 22
401 3908.473000 3908.815243 18
402 3918.296000 3918.365695 34
403 3928.034000 3927.849538 11
404 3937.025000 3936.722385 20
405 3945.670000 3945.439748 29
406 3954.797000 3951.151342 12
407 3963.756000 3964.219027 24
408 3975.048000 3975.016353 28
409 3981.645000 3985.016353 0
410 3992.690000 3992.730913 32
411 4002.457000 4002.362240 28
412 4011.982000 4011.350864 30
413 4021.430000 4021.655589 15
414 4030.624000 4030.932480 21
415 4040.513000 4040.495359 24
416 4049.727000 4048.167705 25
417 4058.371000 4101.362714 11
418 4068.258000 4067.101183 16
419 4076.974000 4119.620852 13
420 4085.661000 4085.553071 11
421 4096.585000 4096.971063 20
422 4105.894000 4106.007080 47
423 4115.448000 4114.247368 21
424 4123.311000 4122.480410 26
425 4132.804000 4132.086368 18
426 4142.148000 4143.039015 39
427 4151.574000 4151.114197 17
428 4160.897000 4159.964158 20
429 4170.041000 4170.184786 24
430 4180.202000 4179.381895 30
431 4189.466000 4188.190404 30
432 4198.878000 4200.641688 18
433 4208.352000 4207.881326 30
434 4218.124000 4218.445619 45
435 4228.124000 4227.711376 32
436 4237.399000 4287.005705 13
437 4245.914000 4245.796239 27
438 4255.326000 4257.881668 17
439 4264.948000 4264.570294 28
440 4274.331000 4274.684312 40
441 4284.331000 4284.751812 30
442 4294.866000 4294.561849 30
443 4304.488000 4303.795445 40
444 4314.081000 4302.836053 8
445 4323.524000 4324.965905 14
446 4333.314000 4333.401172 36
447 4342.679000 4343.259934 30
448 4351.252000 4351.831790 22
449 4361.175000 4360.511234 32
450 4371.247000 4364.686193 9
451 4380.061000 4374.686193 0
452 4388.724000 4388.330718 25
453 4397.957000 4398.526487 22
454 4408.286000 4408.446632 18
455 4418.401000 4417.272707 35
456 4427.665000 4427.272707 0
457 4437.586000 4438.291781 28
458 4447.586000 4447.296091 37
459 4457.586000 4456.986727 28
460 4466.965000 4467.238288 38
461 4476.557000 4476.011533 16
462 4485.941000 4486.117911 19
463 4495.941000 4526.896459 16
464 4504.556000 4536.422359 8
465 4514.556000 4515.729319 14
466 4524.310000 4521.578934 15
467 4532.555000 4531.573432 12
468 4542.555000 4538.529441 19
469 4551.201000 4550.510068 37
470 4561.332000 4562.384460 14
471 4572.125000 4572.384460 0
472 4581.268000 4584.615801 15
473 4590.771000 4590.855895 16
474 4600.003000 4642.905017 18
475 4610.003000 4609.875797 29
476 4619.399000 4576.038434 17
477 4627.343000 4628.487673 15
478 4636.335000 4636.711333 33
479 4646.109000 4645.277814 31
480 4655.421000 4654.836019 25
481 4665.421000 4664.980476 39
