001 0.000000 -0.062868 97
002 10.000000 9.939202 31
003 20.000000 19.853072 21
004 30.000000 29.665541 32
005 39.500000 39.483550 25
006 49.500000 49.406359 49
007 59.500000 59.386537 27
008 69.500000 69.468078 58
009 79.500000 79.466528 33
010 89.500000 89.453708 60
011 99.500000 99.410883 64
012 109.500000 109.497486 68
013 119.495000 119.524205 62
014 129.495000 129.392316 83
015 139.495000 139.558873 75
016 149.495000 149.497499 61
017 159.495000 159.526730 91
018 169.495000 169.462216 61
019 179.496000 179.558094 77
020 189.496000 189.548447 79
021 199.496000 199.457981 89
022 209.496000 209.591848 63
023 219.496000 219.536738 68
024 229.496000 229.301000 40
025 239.496000 240.433966 30
026 249.496000 250.280952 23
027 257.833000 259.658145 18
028 268.070000 268.980493 26
029 278.273000 278.131351 33
030 288.681000 287.046869 19
031 299.870000 300.593693 37
032 309.155000 309.433841 17
033 319.459000 319.433841 0
034 327.623000 329.433841 0
035 333.710000 396.104897 9
036 343.710000 406.104897 0
037 353.913000 368.771574 8
038 362.483000 372.476554 13
039 374.999000 455.159498 9
040 385.304000 384.985764 28
041 395.507000 395.720416 19
042 405.814000 406.264968 54
043 416.151000 396.458273 15
044 426.151000 406.458273 0
045 436.526000 436.779894 27
046 446.591000 444.106994 12
047 454.821000 454.720401 23
048 464.821000 464.720401 0
049 473.425000 474.720401 0
050 483.288000 483.403333 14
051 493.185000 494.210074 32
052 502.674000 503.282230 31
053 512.129000 511.636817 15
054 521.822000 521.908248 20
055 532.195000 531.908248 0
056 540.665000 541.908248 0
057 550.665000 623.179046 8
058 560.936000 561.650108 19
059 570.219000 569.940765 28
060 580.219000 579.789430 20
061 590.965000 590.134676 20
062 600.454000 600.540827 25
063 610.340000 611.555501 26
064 620.425000 621.060058 43
065 630.553000 630.638103 23
066 641.140000 640.638103 0
067 650.220000 650.152958 13
068 660.064000 660.516349 26
069 670.064000 670.516349 0
070 679.938000 679.801855 29
071 689.580000 689.569696 43
072 699.835000 699.806036 12
073 709.835000 709.378570 24
074 719.292000 719.378570 0
075 729.031000 728.963590 17
076 738.875000 738.736362 17
077 748.746000 749.167682 17
078 758.152000 758.046148 37
079 767.529000 804.955156 16
080 777.609000 814.955156 0
081 787.844000 787.789018 25
082 798.130000 798.481396 34
083 808.001000 807.781525 22
084 818.288000 818.618255 38
085 828.471000 827.670700 28
086 837.900000 837.670700 0
087 848.134000 848.793645 18
088 857.721000 857.500928 19
089 866.734000 867.147632 16
090 875.852000 876.173044 29
091 885.852000 885.766722 22
092 894.867000 870.017655 8
093 904.998000 905.112390 24
094 914.582000 914.486690 22
095 924.168000 925.033524 22
096 934.168000 934.100417 25
097 943.521000 938.776561 8
098 952.743000 951.809280 26
099 962.718000 962.623785 20
100 972.147000 972.562360 29
101 982.147000 982.064555 37
102 991.915000 991.819660 30
103 1002.124000 1001.097470 24
104 1012.593000 1011.097470 0
105 1022.696000 1022.815736 14
106 1032.179000 1032.519475 25
107 1041.271000 1041.524417 33
108 1051.090000 1051.428520 32
109 1061.324000 1061.643251 20
110 1071.092000 1070.843057 29
111 1081.067000 1080.843057 0
112 1090.341000 1090.477665 16
113 1100.264000 1101.270444 19
114 1110.601000 1110.312844 36
115 1120.188000 1119.933717 21
116 1129.695000 1129.321800 23
117 1139.543000 1140.271130 26
118 1148.939000 1148.870419 29
119 1159.306000 1159.279487 22
120 1168.955000 1169.022639 28
121 1178.580000 1179.022639 0
122 1188.580000 1236.411989 10
123 1198.222000 1198.921780 25
124 1208.379000 1208.538220 26
125 1218.491000 1219.749823 14
126 1228.491000 1228.262450 15
127 1237.938000 1237.448356 21
128 1248.097000 1247.448356 0
129 1257.411000 1257.448356 0
130 1267.338000 1266.759188 20
131 1277.474000 1277.828992 13
132 1287.371000 1286.787767 15
133 1295.957000 1295.959321 10
134 1306.140000 1306.822896 21
135 1316.557000 1316.416511 16
136 1325.905000 1325.826688 18
137 1336.205000 1335.878432 33
138 1346.205000 1345.895031 33
139 1355.472000 1355.224363 25
140 1365.786000 1409.526331 8
141 1375.106000 1419.526331 0
142 1384.732000 1455.800197 8
143 1394.373000 1394.268555 25
144 1403.969000 1404.634393 37
145 1413.772000 1412.279193 18
146 1423.807000 1421.767234 14
147 1432.759000 1431.767234 0
148 1442.185000 1442.581927 20
149 1452.185000 1452.341002 36
150 1461.552000 1461.294044 17
151 1469.403000 1468.542382 9
152 1481.218000 1481.852743 21
153 1491.130000 1490.309684 12
154 1501.296000 1501.950308 12
155 1511.430000 1563.239286 15
156 1521.754000 1521.670485 10
157 1531.842000 1531.274952 8
158 1540.884000 1541.274952 0
159 1551.794000 1551.866712 19
160 1561.076000 1561.364356 29
161 1570.996000 1571.134229 18
162 1580.996000 1581.148938 27
163 1590.875000 1591.148938 0
164 1600.220000 1662.280487 11
165 1609.660000 1672.280487 0
166 1616.952000 1617.428033 21
167 1627.628000 1629.813479 18
168 1638.073000 1638.019207 34
169 1647.976000 1648.150294 16
170 1659.699000 1637.303281 9
171 1669.718000 1669.334757 28
172 1680.298000 1680.067424 24
173 1690.007000 1689.777508 27
174 1700.007000 1699.739340 35
175 1710.047000 1710.906542 26
176 1719.833000 1720.124928 28
177 1729.931000 1729.918883 21
178 1740.105000 1740.176788 25
179 1750.008000 1750.131703 37
180 1759.659000 1759.574712 18
181 1768.983000 1769.297415 16
182 1778.325000 1776.677264 14
183 1786.836000 1785.490290 11
184 1796.991000 1799.941057 10
185 1806.991000 1807.427503 28
186 1817.339000 1817.435864 18
187 1826.856000 1826.897988 57
188 1836.740000 1837.466516 20
189 1847.455000 1847.466516 0
190 1858.635000 1831.192990 8
191 1868.326000 1870.146621 18
192 1878.248000 1878.823056 29
193 1887.920000 1887.556361 36
194 1897.340000 1896.334226 24
195 1905.560000 1904.581413 11
196 1915.773000 1914.581413 0
197 1925.308000 1925.737873 28
198 1935.308000 1936.604650 12
199 1945.308000 1945.624879 21
200 1955.077000 1954.635930 18
201 1964.709000 1964.758598 11
202 1974.265000 1974.758598 0
203 1984.091000 1984.608423 37
204 1994.419000 1994.191182 12
205 2003.917000 2003.145131 19
206 2014.342000 2013.494655 9
207 2024.342000 2024.749217 21
208 2034.748000 2020.610190 8
209 2044.497000 2044.964510 18
210 2052.930000 2053.859793 16
211 2063.510000 2063.472359 19
212 2073.510000 2073.101465 33
213 2083.181000 2083.252121 29
214 2092.775000 2090.646081 17
215 2102.699000 2103.129425 24
216 2113.085000 2113.536599 14
217 2122.582000 2122.567465 35
218 2132.582000 2132.650092 10
219 2142.621000 2142.803338 22
220 2152.621000 2145.722048 13
221 2162.408000 2162.493961 22
222 2171.964000 2171.738629 30
223 2181.132000 2180.458515 15
224 2192.079000 2192.679010 19
225 2201.906000 2201.352082 37
226 2212.564000 2211.691647 18
227 2222.486000 2222.263891 34
228 2231.635000 2231.414682 23
229 2240.552000 2239.727952 18
230 2248.869000 2248.837583 11
231 2259.720000 2259.953035 22
232 2269.584000 2267.170813 9
233 2279.663000 2279.654973 10
234 2289.295000 2289.451090 32
235 2299.140000 2298.528530 30
236 2308.309000 2308.247392 43
237 2318.309000 2317.137615 12
238 2328.433000 2327.629334 21
239 2338.700000 2338.433813 37
240 2348.841000 2348.433813 0
241 2357.638000 2357.528583 25
242 2367.556000 2367.056238 20
243 2377.556000 2376.021307 11
244 2387.492000 2387.519161 33
245 2397.492000 2372.082581 8
246 2407.245000 2407.179602 44
247 2416.888000 2416.862231 24
248 2426.625000 2426.245414 33
249 2436.625000 2436.801453 31
250 2446.625000 2445.455063 14
251 2455.791000 2477.007607 13
252 2465.563000 2465.258403 15
253 2475.219000 2475.502707 49
254 2484.752000 2484.256218 28
255 2494.345000 2494.157013 13
256 2503.590000 2503.302130 21
257 2513.327000 2501.458481 9
258 2522.425000 2532.548504 9
259 2532.425000 2534.229277 18
260 2542.010000 2543.033486 22
261 2551.132000 2551.313679 23
262 2560.594000 2558.445704 27
263 2569.813000 2568.629212 12
264 2579.056000 2534.570663 13
265 2588.033000 2587.681940 24
266 2597.181000 2597.124969 13
267 2607.181000 2607.125525 21
268 2616.802000 2615.863252 30
269 2625.949000 2624.876640 22
270 2635.336000 2612.775053 8
271 2645.336000 2645.862859 17
272 2654.752000 2606.968924 11
273 2664.938000 2663.792271 22
274 2673.879000 2671.446019 10
275 2684.329000 2680.730140 8
276 2693.608000 2691.689964 24
277 2703.396000 2703.311990 22
278 2712.325000 2713.059398 14
279 2723.233000 2723.789416 38
280 2733.586000 2733.331092 20
281 2743.313000 2743.143143 23
282 2753.123000 2753.143143 0
283 2760.110000 2760.228608 20
284 2770.319000 2770.759605 14
285 2780.069000 2780.036382 27
286 2790.069000 2789.752950 19
287 2800.298000 2798.734262 13
288 2810.104000 2810.009024 34
289 2819.480000 2819.954901 24
290 2829.025000 2827.010631 23
291 2839.102000 2840.188331 12
292 2849.021000 2849.164535 24
293 2858.916000 2858.806879 20
294 2869.329000 2847.372523 8
295 2877.668000 2857.372523 0
296 2887.442000 2887.928805 22
297 2897.795000 2897.584059 34
298 2907.293000 2907.290759 24
299 2917.175000 2916.955136 32
300 2926.998000 2925.199457 14
301 2935.746000 2935.199457 0
302 2945.436000 2944.719568 9
303 2955.356000 2956.962918 18
304 2964.522000 2963.919768 18
305 2974.983000 2974.813053 14
306 2985.603000 2984.865814 26
307 2995.729000 2994.865814 0
308 3006.629000 3004.865814 0
309 3014.953000 3014.979120 24
310 3024.823000 3023.793366 26
311 3034.477000 3033.768368 12
312 3043.168000 3042.062682 15
313 3051.342000 3051.208390 27
314 3061.468000 3061.165441 20
315 3071.381000 3071.090043 31
316 3080.242000 3080.344175 24
317 3090.518000 3089.036839 18
318 3099.379000 3099.684555 32
319 3109.614000 3108.754194 22
320 3119.010000 3118.754194 0
321 3128.279000 3128.583828 30
322 3137.870000 3136.439728 26
323 3146.021000 3146.205717 29
324 3155.866000 3155.470648 40
325 3165.193000 3164.882962 11
326 3174.701000 3174.882962 0
327 3184.357000 3184.341145 21
328 3194.357000 3195.040128 20
329 3204.267000 3204.457697 24
330 3213.801000 3213.898663 27
331 3224.560000 3224.384435 20
332 3234.264000 3233.681230 22
333 3244.615000 3244.183429 20
334 3253.814000 3254.406785 19
335 3263.814000 3263.848181 22
336 3273.940000 3273.924177 40
337 3283.138000 3282.700959 13
338 3294.383000 3292.700959 0
339 3302.959000 3303.143330 12
340 3312.556000 3314.212846 12
341 3323.005000 3325.507253 19
342 3334.161000 3334.010298 17
343 3344.480000 3344.136150 19
344 3354.582000 3337.120391 9
345 3364.582000 3364.999627 23
346 3374.424000 3374.607772 14
347 3384.424000 3385.116910 19
348 3394.511000 3394.578335 27
349 3404.275000 3403.814077 20
350 3414.420000 3450.657718 8
351 3423.839000 3423.714000 14
352 3434.227000 3433.646409 13
353 3443.973000 3443.925208 31
354 3454.135000 3454.348245 26
355 3463.796000 3463.532777 43
356 3473.317000 3473.532777 0
357 3483.002000 3482.864574 20
358 3491.710000 3492.195949 22
359 3501.231000 3501.184880 24
360 3511.079000 3510.755312 35
361 3520.698000 3520.635508 41
362 3530.154000 3530.635508 0
363 3539.741000 3539.745934 28
364 3549.838000 3549.745934 0
365 3559.823000 3560.083722 11
366 3571.457000 3571.502615 16
367 3581.369000 3578.645966 25
368 3590.500000 3590.890853 14
369 3600.241000 3600.890853 0
370 3610.648000 3610.241058 15
371 3620.496000 3620.972723 9
372 3631.869000 3631.554117 38
373 3640.968000 3640.744260 27
374 3651.042000 3649.926475 15
375 3660.726000 3659.926475 0
376 3667.063000 3665.026848 14
377 3675.057000 3677.098465 8
378 3686.171000 3685.756783 18
379 3694.652000 3695.756783 0
380 3705.060000 3718.771500 12
381 3715.001000 3712.682131 33
382 3725.044000 3711.821962 29
383 3733.674000 3721.821962 0
384 3743.809000 3743.620044 23
385 3753.461000 3753.560810 29
386 3763.193000 3762.968748 22
387 3772.288000 3755.804159 11
388 3781.697000 3782.884286 30
389 3791.239000 3791.155478 38
390 3799.153000 3801.291792 16
391 3809.153000 3809.923784 18
392 3818.946000 3818.349736 10
393 3828.946000 3876.588309 13
394 3839.290000 3839.167682 28
395 3849.127000 3849.241005 25
396 3859.366000 3858.549493 25
397 3869.880000 3869.924755 29
398 3879.793000 3879.575425 24
399 3889.165000 3889.015512 22
400 3898.538000 3900.553663 22
401 3908.473000 3908.821676 17
402 3918.296000 3918.146851 35
403 3928.034000 3927.612371 12
404 3937.025000 3936.410482 22
405 3945.670000 3945.597256 29
406 3954.797000 3952.154206 15
407 3963.756000 3965.258563 15
408 3975.048000 3974.874642 27
409 3981.645000 3984.874642 0
410 3992.690000 3992.675491 32
411 4002.457000 4002.376363 29
412 4011.982000 4011.013031 26
413 4021.430000 4021.494830 15
414 4030.624000 4030.968974 21
415 4040.513000 4040.493955 23
416 4049.727000 4048.219704 25
417 4058.371000 4055.653938 11
418 4068.258000 4067.146945 18
419 4076.974000 4116.396348 8
420 4085.661000 4085.553071 11
421 4096.585000 4096.971063 20
422 4105.894000 4106.131404 44
423 4115.448000 4114.275278 20
424 4123.311000 4122.506254 28
425 4132.804000 4132.649283 16
426 4142.148000 4142.359177 38
427 4151.574000 4151.208544 16
428 4160.897000 4160.337842 23
429 4170.041000 4170.267694 25
430 4180.202000 4179.357286 28
431 4189.466000 4189.417877 32
432 4198.878000 4200.641688 18
433 4208.352000 4207.789511 30
434 4218.124000 4218.457031 43
435 4228.124000 4227.711376 32
436 4237.399000 4236.747562 16
437 4245.914000 4245.789358 28
438 4255.326000 4257.811741 19
439 4264.948000 4264.570294 28
440 4274.331000 4274.776709 41
441 4284.331000 4284.744705 31
442 4294.866000 4294.567675 31
443 4304.488000 4303.819427 42
444 4314.081000 4301.990425 10
445 4323.524000 4324.965905 14
446 4333.314000 4333.284804 35
447 4342.679000 4343.076589 31
448 4351.252000 4352.239109 22
449 4361.175000 4360.492538 31
450 4371.247000 4370.492538 0
451 4380.061000 4380.492538 0
452 4388.724000 4389.023773 20
453 4397.957000 4398.222655 22
454 4408.286000 4408.490946 15
455 4418.401000 4417.316530 33
456 4427.665000 4426.956336 8
457 4437.586000 4438.296480 30
458 4447.586000 4447.802445 35
459 4457.586000 4457.121019 29
460 4466.965000 4466.957884 34
461 4476.557000 4476.280949 15
462 4485.941000 4486.280949 0
463 4495.941000 4526.775222 14
464 4504.556000 4536.775222 0
465 4514.556000 4515.267863 12
466 4524.310000 4521.578934 15
467 4532.555000 4531.486780 11
468 4542.555000 4538.768689 19
469 4551.201000 4550.580678 37
470 4561.332000 4561.195965 16
471 4572.125000 4571.195965 0
472 4581.268000 4583.919433 14
473 4590.771000 4591.108445 23
474 4600.003000 4641.860748 14
475 4610.003000 4610.249831 33
476 4619.399000 4576.532009 19
477 4627.343000 4628.487673 15
478 4636.335000 4636.727631 40
479 4646.109000 4645.197957 34
480 4655.421000 4654.822577 24
481 4665.421000 4664.890692 41
