001 0.000000 -0.136113 91
002 10.000000 9.971414 38
003 20.000000 18.528751 28
004 28.072000 28.148791 23
005 38.058000 38.084266 28
006 48.059000 48.020538 40
007 58.056000 57.954053 22
008 68.056000 67.968220 40
009 78.056000 78.074127 49
010 88.056000 88.073112 52
011 98.056000 97.951387 67
012 108.056000 108.184266 72
013 118.056000 118.080035 54
014 128.056000 128.093162 75
015 138.056000 138.075514 68
016 148.056000 148.082820 67
017 158.056000 158.282881 87
018 168.056000 168.079850 61
019 178.056000 178.232202 61
020 188.056000 188.089122 79
021 198.056000 198.067638 80
022 208.056000 208.077202 75
023 218.056000 218.143395 77
024 228.056000 227.777995 38
025 238.056000 239.183457 39
026 248.056000 248.585451 27
027 258.311000 260.014053 15
028 268.392000 268.836543 13
029 278.457000 278.345982 29
030 288.680000 287.743935 20
031 299.265000 299.756826 33
032 309.265000 309.228400 24
033 319.460000 317.386742 10
034 329.886000 327.386742 0
035 331.489000 391.065357 8
036 341.050000 401.065357 0
037 352.269000 368.607451 21
038 362.269000 368.985356 14
039 372.483000 367.897179 12
040 382.483000 383.162630 32
041 392.844000 393.297068 24
042 403.556000 404.785813 44
043 414.326000 414.785813 0
044 424.449000 424.203951 31
045 434.768000 434.141927 31
046 444.768000 444.141927 0
047 452.651000 453.718710 18
048 462.775000 460.780688 10
049 472.194000 507.090997 9
050 482.194000 482.333759 17
051 491.877000 493.546480 29
052 501.624000 502.238671 32
053 511.427000 510.508734 26
054 520.978000 520.623843 24
055 530.978000 530.874265 14
056 541.619000 541.221768 10
057 550.842000 551.221768 0
058 560.228000 562.023638 15
059 569.286000 569.825835 18
060 578.659000 575.462044 19
061 588.915000 627.533996 11
062 598.555000 569.020993 9
063 608.681000 609.888012 12
064 619.259000 618.930432 46
065 628.721000 628.156396 26
066 638.369000 636.794884 9
067 647.991000 646.794884 0
068 657.851000 659.586962 18
069 666.916000 666.727235 27
070 675.899000 675.406479 25
071 685.573000 685.842471 34
072 695.248000 695.358608 22
073 705.586000 705.851610 31
074 715.395000 715.851610 0
075 725.261000 725.368648 36
076 734.717000 735.592147 12
077 745.217000 745.212908 27
078 755.217000 755.293160 31
079 764.858000 763.843064 16
080 774.506000 773.843064 0
081 785.429000 786.449500 14
082 796.513000 796.713347 38
083 806.746000 806.554082 19
084 816.819000 816.806965 24
085 826.819000 826.182320 40
086 836.249000 836.182320 0
087 846.163000 847.151839 24
088 856.163000 855.958887 11
089 864.873000 864.808982 13
090 873.220000 873.226361 31
091 883.027000 883.590341 17
092 892.860000 891.611584 12
093 902.860000 902.996639 24
094 912.210000 911.170779 20
095 921.433000 923.288025 10
096 931.433000 931.196630 33
097 940.742000 940.099161 18
098 949.547000 949.453883 27
099 958.617000 959.453883 0
100 968.324000 968.413914 22
101 977.329000 978.361909 33
102 987.329000 987.569882 36
103 997.595000 996.452241 19
104 1007.336000 1007.303331 15
105 1017.463000 1017.303331 0
106 1028.014000 1029.222122 16
107 1037.881000 1037.554475 14
108 1046.619000 1046.650953 28
109 1056.878000 1057.144344 22
110 1066.607000 1066.243112 25
111 1076.607000 1103.567704 8
112 1085.691000 1086.070014 13
113 1095.691000 1095.757721 43
114 1104.986000 1105.832923 31
115 1115.086000 1114.778069 30
116 1124.734000 1123.790177 27
117 1133.904000 1153.961875 8
118 1143.738000 1143.701558 34
119 1153.068000 1153.066093 20
120 1162.582000 1163.121727 19
121 1172.470000 1171.861919 19
122 1181.693000 1180.990629 19
123 1191.553000 1190.990629 0
124 1201.148000 1201.257981 29
125 1211.148000 1210.658963 12
126 1220.338000 1219.979876 17
127 1229.986000 1229.439957 16
128 1239.076000 1238.855592 31
129 1249.076000 1277.916155 12
130 1257.800000 1259.612614 12
131 1267.668000 1269.628118 10
132 1278.014000 1278.073957 27
133 1288.014000 1288.546035 15
134 1297.789000 1298.049360 24
135 1307.517000 1307.404181 9
136 1317.517000 1323.658844 8
137 1327.250000 1328.010648 25
138 1336.985000 1336.914162 40
139 1346.985000 1346.417386 27
140 1356.581000 1356.232054 15
141 1365.299000 1397.119204 8
142 1375.105000 1377.447890 18
143 1385.579000 1385.571994 8
144 1395.579000 1395.651103 29
145 1405.579000 1405.775938 30
146 1415.931000 1415.877886 21
147 1425.340000 1422.640492 14
148 1434.351000 1432.640492 0
149 1443.813000 1444.946870 16
150 1453.703000 1453.700846 31
151 1463.450000 1462.828593 10
152 1471.333000 1472.828593 0
153 1481.566000 1482.828593 0
154 1491.044000 1489.988125 34
155 1500.579000 1500.706481 12
156 1510.173000 1509.250082 9
157 1520.607000 1524.022071 13
158 1530.868000 1531.948702 15
159 1540.607000 1540.571530 13
160 1549.968000 1566.909972 16
161 1560.345000 1560.732769 23
162 1570.539000 1570.353314 19
163 1579.858000 1580.000693 25
164 1589.858000 1590.000693 0
165 1599.858000 1599.002677 8
166 1610.086000 1610.438637 19
167 1620.615000 1621.516833 26
168 1631.827000 1635.006987 14
169 1641.168000 1640.657989 26
170 1651.300000 1651.256544 10
171 1663.636000 1661.256544 0
172 1672.749000 1672.543253 31
173 1683.172000 1685.280712 19
174 1693.095000 1694.675463 22
175 1702.956000 1702.571332 31
176 1713.607000 1711.475622 21
177 1724.031000 1724.407432 18
178 1734.031000 1732.082231 9
179 1742.838000 1743.536310 21
180 1752.449000 1752.305847 14
181 1760.542000 1760.642435 12
182 1770.715000 1771.284499 16
183 1780.992000 1767.393877 10
184 1790.832000 1789.603935 21
185 1800.832000 1800.325067 19
186 1810.721000 1811.004606 27
187 1820.617000 1820.467420 30
188 1830.360000 1830.312916 36
189 1840.013000 1839.772690 34
190 1849.209000 1849.772690 0
191 1860.090000 1861.787589 15
192 1869.680000 1869.510277 12
193 1879.478000 1880.246236 21
194 1889.402000 1889.602402 31
195 1899.097000 1898.241378 19
196 1908.417000 1950.964082 12
197 1917.757000 1918.589172 19
198 1926.911000 1927.263764 35
199 1937.293000 1937.439144 23
200 1946.883000 1946.035524 20
201 1954.809000 1954.100484 16
202 1964.620000 1951.976902 14
203 1974.782000 1937.344706 12
204 1985.579000 1985.681077 26
205 1995.308000 1995.385223 24
206 2005.308000 2005.638280 10
207 2015.204000 2015.248072 8
208 2024.919000 2023.751807 28
209 2034.823000 2033.751807 0
210 2044.823000 2045.143844 35
211 2053.733000 2135.333540 12
212 2065.736000 2066.017814 26
213 2075.432000 2074.695748 27
214 2085.432000 2085.638419 28
215 2095.640000 2095.638419 0
216 2105.535000 2076.615503 9
217 2116.249000 2116.646275 15
218 2125.944000 2126.141827 33
219 2135.944000 2136.255092 20
220 2146.477000 2146.197972 15
221 2156.339000 2157.139725 23
222 2166.172000 2166.866677 32
223 2176.248000 2175.938586 14
224 2185.589000 2182.422937 13
225 2195.326000 2195.613164 26
226 2205.520000 2204.745183 27
227 2217.024000 2217.549162 27
228 2227.821000 2227.545750 26
229 2237.286000 2236.970743 36
230 2246.071000 2245.950238 16
231 2256.071000 2254.697416 18
232 2265.092000 2263.362725 14
233 2275.092000 2275.986610 14
234 2284.908000 2284.881793 29
235 2294.908000 2295.757466 30
236 2304.609000 2304.224238 30
237 2314.609000 2312.132343 10
238 2324.304000 2323.983316 20
239 2334.304000 2331.879957 9
240 2344.486000 2344.875092 17
241 2353.057000 2356.558623 13
242 2362.985000 2362.742666 12
243 2372.520000 2372.283241 34
244 2381.683000 2379.514823 15
245 2392.797000 2386.747787 13
246 2402.524000 2402.462145 33
247 2412.524000 2412.507890 44
248 2422.603000 2422.480495 32
249 2432.623000 2432.027927 29
250 2442.623000 2441.955183 29
251 2451.774000 2450.225855 28
252 2461.676000 2418.275922 8
253 2470.754000 2472.710008 16
254 2481.214000 2480.957587 38
255 2491.098000 2558.658448 11
256 2500.447000 2499.953615 18
257 2509.765000 2509.332064 25
258 2518.890000 2519.332064 0
259 2529.280000 2529.619551 13
260 2538.944000 2539.113116 31
261 2548.529000 2549.683482 27
262 2558.036000 2557.211643 19
263 2567.093000 2565.890087 14
264 2575.836000 2559.582461 9
265 2585.931000 2586.194046 25
266 2595.244000 2595.279516 21
267 2605.244000 2605.556915 26
268 2615.042000 2614.934951 32
269 2624.843000 2623.776763 13
270 2635.057000 2633.776763 0
271 2645.270000 2646.379443 30
272 2654.752000 2656.379443 0
273 2664.938000 2665.508898 20
274 2674.439000 2674.026473 13
275 2684.201000 2684.781978 15
276 2693.355000 2696.212419 21
277 2703.021000 2703.481780 19
278 2712.409000 2712.222635 17
279 2722.955000 2723.644123 33
280 2733.351000 2733.264421 35
281 2743.508000 2743.364650 16
282 2753.438000 2753.364650 0
283 2763.906000 2764.521130 12
284 2774.276000 2774.189099 24
285 2783.156000 2783.043554 25
286 2792.350000 2790.434033 16
287 2802.543000 2799.078423 9
288 2812.446000 2809.078423 0
289 2821.794000 2823.979830 16
290 2830.771000 2830.752578 8
291 2841.083000 2842.690709 9
292 2851.257000 2850.241265 13
293 2861.257000 2860.241265 0
294 2871.591000 2870.241265 0
295 2880.480000 2881.195436 15
296 2890.480000 2890.323314 21
297 2900.383000 2900.845160 28
298 2910.232000 2910.043954 16
299 2920.525000 2920.742910 16
300 2930.148000 2930.025129 33
301 2939.843000 2940.280266 24
302 2949.985000 2950.129787 20
303 2959.411000 2959.913146 19
304 2969.411000 2968.312954 22
305 2979.660000 2979.118687 31
306 2989.373000 2989.118687 0
307 2999.373000 2972.843204 8
308 3009.156000 2960.805490 8
309 3018.995000 3020.283175 28
310 3028.707000 3028.743804 20
311 3038.277000 3037.608911 11
312 3046.041000 3045.918223 18
313 3054.913000 3055.918223 0
314 3064.767000 3066.862288 11
315 3074.767000 3074.460662 25
316 3084.516000 3084.251392 15
317 3092.780000 3092.603124 19
318 3102.278000 3101.979693 22
319 3113.010000 3110.635836 23
320 3122.474000 3081.853685 13
321 3132.329000 3131.218785 28
322 3140.879000 3139.804240 35
323 3150.790000 3150.735788 21
324 3160.555000 3159.605054 17
325 3169.624000 3169.605054 0
326 3177.834000 3179.605054 0
327 3187.548000 3187.636350 26
328 3198.656000 3198.866290 26
329 3208.441000 3207.995083 20
330 3217.491000 3217.766306 23
331 3228.026000 3270.306964 12
332 3238.294000 3280.306964 0
333 3248.222000 3248.011234 14
334 3258.222000 3257.740381 32
335 3267.432000 3266.959325 23
336 3277.002000 3276.381527 37
337 3287.002000 3286.830520 11
338 3297.002000 3296.830520 0
339 3307.002000 3308.694069 24
340 3316.855000 3316.417247 9
341 3326.855000 3328.652480 23
342 3335.816000 3336.014762 15
343 3346.780000 3346.004082 17
344 3357.496000 3357.955621 19
345 3367.780000 3367.753228 36
346 3377.690000 3377.487722 9
347 3387.331000 3387.604498 20
348 3397.331000 3397.483285 26
349 3403.895000 3404.338307 22
350 3413.895000 3414.338307 0
351 3423.625000 3423.915935 18
352 3434.501000 3434.811149 11
353 3444.227000 3444.633058 22
354 3454.999000 3454.112384 16
355 3464.135000 3464.732430 36
356 3474.135000 3474.732430 0
357 3484.135000 3484.195954 19
358 3493.815000 3494.103628 26
359 3503.474000 3503.201462 27
360 3513.133000 3512.694970 28
361 3522.614000 3522.225721 27
362 3532.614000 3530.174990 14
363 3540.698000 3540.807564 21
364 3549.319000 3549.143790 14
365 3560.035000 3559.395930 8
366 3570.427000 3570.533386 19
367 3579.853000 3579.682323 26
368 3588.868000 3584.701292 11
369 3597.758000 3598.306205 20
370 3608.598000 3611.027509 11
371 3619.205000 3618.804224 14
372 3630.495000 3629.849558 24
373 3639.841000 3639.498614 26
374 3650.150000 3646.923520 9
375 3658.773000 3660.857828 10
376 3669.988000 3665.490224 8
377 3675.443000 3676.088602 11
378 3686.082000 3686.707428 34
379 3696.082000 3696.707428 0
380 3707.480000 3709.580256 26
381 3717.480000 3720.759671 34
382 3727.480000 3721.365167 18
383 3737.086000 3799.237774 11
384 3746.943000 3754.458152 12
385 3756.241000 3757.256713 30
386 3766.400000 3766.013130 23
387 3776.400000 3759.927387 17
388 3786.400000 3787.027577 24
389 3795.665000 3795.130627 22
390 3803.874000 3801.328824 20
391 3813.588000 3813.847793 33
392 3823.819000 3823.788478 19
393 3833.460000 3867.530330 8
394 3842.278000 3842.362838 24
395 3852.672000 3852.232148 24
396 3863.100000 3864.275962 15
397 3873.868000 3874.605844 20
398 3883.688000 3883.147191 18
399 3892.560000 3890.684529 21
400 3903.079000 3902.711499 25
401 3913.113000 3914.669621 11
402 3922.683000 3922.338356 30
403 3932.467000 3932.216688 25
404 3942.324000 3938.760874 10
405 3950.945000 3950.982425 16
406 3960.478000 3962.927518 21
407 3970.818000 3971.091792 13
408 3980.709000 3981.091792 0
409 3987.524000 3988.022527 21
410 3997.721000 3998.215662 32
411 4007.827000 4007.134305 25
412 4017.827000 4024.709095 9
413 4027.055000 4026.488122 27
414 4036.481000 4036.808788 24
415 4046.481000 4046.262241 19
416 4055.175000 4054.980307 22
417 4064.458000 4064.273317 10
418 4073.867000 4074.273317 0
419 4082.614000 4084.273317 0
420 4093.775000 4095.132810 12
421 4102.647000 4102.860340 27
422 4111.877000 4112.121285 29
423 4121.715000 4121.713775 36
424 4130.747000 4153.734622 10
425 4140.193000 4140.263947 28
426 4150.031000 4150.201317 16
427 4159.457000 4160.148057 17
428 4170.041000 4169.842324 29
429 4179.827000 4179.501833 37
430 4189.240000 4188.370256 19
431 4198.753000 4199.339617 26
432 4208.351000 4208.510324 37
433 4217.789000 4218.199169 28
434 4227.286000 4227.218293 24
435 4236.999000 4237.077209 23
436 4244.888000 4245.053743 24
437 4254.888000 4253.460393 22
438 4264.439000 4263.460393 0
439 4274.258000 4274.812738 23
440 4284.043000 4284.384025 26
441 4294.402000 4294.259135 29
442 4303.916000 4303.801575 41
443 4313.916000 4310.979362 21
444 4323.916000 4325.962290 14
445 4333.452000 4333.919458 26
446 4343.452000 4344.003669 26
447 4353.696000 4353.243473 22
448 4363.535000 4363.747850 25
449 4373.659000 4352.475530 8
450 4384.141000 4386.166100 14
451 4393.800000 4393.893879 22
452 4403.011000 4403.496418 20
453 4412.922000 4412.059827 23
454 4421.741000 4420.792287 27
455 4431.202000 4430.792287 0
456 4440.558000 4441.251787 34
457 4450.718000 4451.027199 30
458 4460.914000 4461.362687 19
459 4468.980000 4469.061386 23
460 4477.834000 4476.698794 16
461 4487.834000 4486.122619 16
462 4496.760000 4511.750544 8
463 4505.714000 4522.636867 8
464 4514.669000 4592.586874 11
465 4522.896000 4523.718386 13
466 4532.554000 4531.176529 11
467 4540.771000 4540.759407 22
468 4549.692000 4550.097261 30
469 4558.663000 4566.183921 10
470 4568.567000 4575.091994 21
471 4579.446000 4576.765437 21
472 4586.385000 4586.776568 30
473 4596.676000 4597.220473 20
474 4606.008000 4606.163589 31
475 4615.820000 4575.623278 10
476 4624.232000 4623.539280 10
477 4633.843000 4633.929553 31
478 4643.506000 4643.398589 43
479 4652.917000 4652.400139 22
480 4662.917000 4662.862748 33
481 4672.917000 4672.579883 30
