001 0.000000 -0.145146 93
002 10.000000 9.971783 37
003 20.000000 18.528751 28
004 28.072000 28.148791 23
005 38.058000 38.084266 28
006 48.059000 48.046999 40
007 58.056000 57.954053 22
008 68.056000 67.976714 42
009 78.056000 78.074603 47
010 88.056000 88.073112 52
011 98.056000 98.050057 64
012 108.056000 108.181862 73
013 118.056000 118.080030 56
014 128.056000 128.091439 74
015 138.056000 138.077289 68
016 148.056000 148.082288 69
017 158.056000 158.277915 86
018 168.056000 168.079633 61
019 178.056000 178.232225 61
020 188.056000 188.089660 80
021 198.056000 198.087317 78
022 208.056000 208.056469 73
023 218.056000 218.200672 77
024 228.056000 227.794231 40
025 238.056000 239.225281 39
026 248.056000 248.539392 26
027 258.311000 260.069595 18
028 268.392000 268.478593 15
029 278.457000 278.110327 30
030 288.680000 302.342719 13
031 299.265000 300.057723 35
032 309.265000 309.225413 26
033 319.460000 317.386742 10
034 329.886000 386.631711 8
035 331.489000 391.065357 8
036 341.050000 401.065357 0
037 352.269000 368.258331 20
038 362.269000 368.985356 14
039 372.483000 368.173604 11
040 382.483000 383.145080 33
041 392.844000 393.297068 24
042 403.556000 404.943547 46
043 414.326000 414.943547 0
044 424.449000 424.147837 30
045 434.768000 434.756510 29
046 444.768000 443.644433 8
047 452.651000 453.148843 19
048 462.775000 459.430637 9
049 472.194000 506.649823 8
050 482.194000 482.188768 20
051 491.877000 493.292468 32
052 501.624000 502.158366 35
053 511.427000 510.972976 23
054 520.978000 520.691873 21
055 530.978000 530.968451 18
056 541.619000 540.968451 0
057 550.842000 550.968451 0
058 560.228000 562.494489 15
059 569.286000 569.964681 17
060 578.659000 575.224258 22
061 588.915000 627.479509 11
062 598.555000 599.323701 10
063 608.681000 608.698260 17
064 619.259000 618.774185 39
065 628.721000 628.293028 29
066 638.369000 634.856940 10
067 647.991000 644.856940 0
068 657.851000 659.304880 20
069 666.916000 666.450868 28
070 675.899000 675.716461 26
071 685.573000 685.733458 36
072 695.248000 695.638305 25
073 705.586000 705.903559 26
074 715.395000 715.903559 0
075 725.261000 725.382252 35
076 734.717000 735.076012 16
077 745.217000 745.316549 21
078 755.217000 755.282599 33
079 764.858000 763.876890 17
080 774.506000 773.876890 0
081 785.429000 786.449500 14
082 796.513000 796.713347 38
083 806.746000 806.822799 17
084 816.819000 816.806965 24
085 826.819000 826.110121 39
086 836.249000 836.110121 0
087 846.163000 847.133498 24
088 856.163000 856.074994 10
089 864.873000 864.950661 11
090 873.220000 873.249731 27
091 883.027000 883.895700 17
092 892.860000 891.365820 12
093 902.860000 903.941861 20
094 912.210000 911.135489 29
095 921.433000 922.947555 11
096 931.433000 931.098632 32
097 940.742000 940.564868 18
098 949.547000 949.470165 25
099 958.617000 959.470165 0
100 968.324000 968.090021 19
101 977.329000 978.460291 33
102 987.329000 987.475342 29
103 997.595000 996.019453 19
104 1007.336000 1007.599319 19
105 1017.463000 1042.893935 8
106 1028.014000 1029.753879 15
107 1037.881000 1037.529709 13
108 1046.619000 1046.690342 31
109 1056.878000 1057.168134 24
110 1066.607000 1066.222941 24
111 1076.607000 1076.222941 0
112 1085.691000 1085.771324 14
113 1095.691000 1095.869462 46
114 1104.986000 1107.684246 20
115 1115.086000 1114.775165 30
116 1124.734000 1124.050237 26
117 1133.904000 1134.050237 0
118 1143.738000 1143.423583 37
119 1153.068000 1153.068576 20
120 1162.582000 1162.945756 21
121 1172.470000 1171.938180 19
122 1181.693000 1180.976475 19
123 1191.553000 1190.976475 0
124 1201.148000 1201.211709 26
125 1211.148000 1210.523179 12
126 1220.338000 1220.057732 17
127 1229.986000 1229.792709 16
128 1239.076000 1238.570915 25
129 1249.076000 1277.916155 12
130 1257.800000 1227.073851 8
131 1267.668000 1269.628118 10
132 1278.014000 1278.322447 26
133 1288.014000 1288.546035 15
134 1297.789000 1297.992111 26
135 1307.517000 1344.711321 10
136 1317.517000 1354.711321 0
137 1327.250000 1327.970146 25
138 1336.985000 1337.090778 35
139 1346.985000 1345.822526 25
140 1356.581000 1356.175792 17
141 1365.299000 1396.811287 10
142 1375.105000 1377.451577 19
143 1385.579000 1387.043731 9
144 1395.579000 1395.654072 29
145 1405.579000 1405.868102 31
146 1415.931000 1415.543675 18
147 1425.340000 1422.640492 14
148 1434.351000 1432.640492 0
149 1443.813000 1444.891171 15
150 1453.703000 1454.008335 32
151 1463.450000 1462.876941 11
152 1471.333000 1474.155109 12
153 1481.566000 1484.155109 0
154 1491.044000 1490.092000 33
155 1500.579000 1501.381691 13
156 1510.173000 1508.437793 12
157 1520.607000 1521.266368 16
158 1530.868000 1530.999494 14
159 1540.607000 1540.567898 13
160 1549.968000 1567.223638 13
161 1560.345000 1560.741213 20
162 1570.539000 1569.841516 21
163 1579.858000 1580.142359 26
164 1589.858000 1590.142359 0
165 1599.858000 1631.993599 10
166 1610.086000 1608.708831 10
167 1620.615000 1622.290737 28
168 1631.827000 1632.388558 12
169 1641.168000 1640.857500 26
170 1651.300000 1651.258413 13
171 1663.636000 1661.258413 0
172 1672.749000 1672.301100 30
173 1683.172000 1686.255160 11
174 1693.095000 1694.600630 23
175 1702.956000 1702.586916 31
176 1713.607000 1710.793826 21
177 1724.031000 1723.776823 13
178 1734.031000 1733.229901 16
179 1742.838000 1743.250135 23
180 1752.449000 1751.654536 13
181 1760.542000 1760.692781 13
182 1770.715000 1771.110408 18
183 1780.992000 1766.978647 11
184 1790.832000 1789.883589 21
185 1800.832000 1800.056731 19
186 1810.721000 1810.954786 33
187 1820.617000 1820.486135 26
188 1830.360000 1830.261058 35
189 1840.013000 1839.634251 37
190 1849.209000 1849.634251 0
191 1860.090000 1861.395844 16
192 1869.680000 1869.517399 13
193 1879.478000 1880.142892 24
194 1889.402000 1889.569341 34
195 1899.097000 1898.377413 23
196 1908.417000 1905.421047 17
197 1917.757000 1920.380627 21
198 1926.911000 1927.256274 36
199 1937.293000 1937.432172 22
200 1946.883000 1946.348996 19
201 1954.809000 1954.587481 16
202 1964.620000 1952.233947 15
203 1974.782000 1992.597121 10
204 1985.579000 1985.981106 23
205 1995.308000 1995.366472 26
206 2005.308000 2005.083318 11
207 2015.204000 2060.363187 9
208 2024.919000 2023.979897 29
209 2034.823000 2033.979897 0
210 2044.823000 2045.259801 40
211 2053.733000 2135.514439 12
212 2065.736000 2066.906107 24
213 2075.432000 2075.018016 29
214 2085.432000 2085.543060 27
215 2095.640000 2095.543060 0
216 2105.535000 2074.509784 12
217 2116.249000 2117.366212 13
218 2125.944000 2126.052064 33
219 2135.944000 2136.255092 20
220 2146.477000 2146.010212 19
221 2156.339000 2157.210933 21
222 2166.172000 2166.949823 26
223 2176.248000 2177.346375 11
224 2185.589000 2182.718485 14
225 2195.326000 2195.600427 26
226 2205.520000 2205.020511 26
227 2217.024000 2217.730707 29
228 2227.821000 2227.629621 19
229 2237.286000 2237.054992 37
230 2246.071000 2245.897917 16
231 2256.071000 2254.619053 20
232 2265.092000 2264.167362 19
233 2275.092000 2276.998020 12
234 2284.908000 2284.884020 28
235 2294.908000 2295.694708 33
236 2304.609000 2304.196060 28
237 2314.609000 2312.039693 12
238 2324.304000 2323.969368 19
239 2334.304000 2331.879957 9
240 2344.486000 2344.428076 19
241 2353.057000 2354.428076 0
242 2362.985000 2362.960744 10
243 2372.520000 2372.282699 32
244 2381.683000 2379.672262 13
245 2392.797000 2386.747787 13
246 2402.524000 2402.849529 28
247 2412.524000 2412.533481 40
248 2422.603000 2422.480077 31
249 2432.623000 2432.132275 26
250 2442.623000 2442.179892 26
251 2451.774000 2450.226099 27
252 2461.676000 2460.226099 0
253 2470.754000 2472.158774 14
254 2481.214000 2480.722099 34
255 2491.098000 2558.724619 11
256 2500.447000 2499.942109 17
257 2509.765000 2509.340966 27
258 2518.890000 2520.258512 14
259 2529.280000 2529.672462 15
260 2538.944000 2539.310528 35
261 2548.529000 2549.532481 28
262 2558.036000 2557.010344 18
263 2567.093000 2567.006127 12
264 2575.836000 2577.006127 0
265 2585.931000 2586.541627 28
266 2595.244000 2595.278909 20
267 2605.244000 2605.719015 21
268 2615.042000 2614.539602 27
269 2624.843000 2624.266724 13
270 2635.057000 2634.266724 0
271 2645.270000 2646.307087 28
272 2654.752000 2656.307087 0
273 2664.938000 2665.544466 19
274 2674.439000 2674.293550 15
275 2684.201000 2684.119481 14
276 2693.355000 2696.548515 20
277 2703.021000 2703.076443 18
278 2712.409000 2712.613880 18
279 2722.955000 2723.642170 33
280 2733.351000 2733.336432 34
281 2743.508000 2743.567494 23
282 2753.438000 2753.567494 0
283 2763.906000 2764.521130 12
284 2774.276000 2773.976146 28
285 2783.156000 2783.348784 26
286 2792.350000 2790.304869 16
287 2802.543000 2800.766934 12
288 2812.446000 2810.766934 0
289 2821.794000 2824.150821 15
290 2830.771000 2830.722283 9
291 2841.083000 2844.578381 8
292 2851.257000 2849.512972 11
293 2861.257000 2859.539305 11
294 2871.591000 2909.771887 11
295 2880.480000 2881.125677 15
296 2890.480000 2890.728164 19
297 2900.383000 2900.926512 30
298 2910.232000 2910.154286 16
299 2920.525000 2920.776799 18
300 2930.148000 2930.195617 29
301 2939.843000 2940.555786 24
302 2949.985000 2950.129787 20
303 2959.411000 2959.792538 18
304 2969.411000 2968.312954 22
305 2979.660000 2979.185946 32
306 2989.373000 2977.141362 9
307 2999.373000 3000.102010 10
308 3009.156000 3094.749599 13
309 3018.995000 3020.099387 29
310 3028.707000 3028.196218 22
311 3038.277000 3036.997255 11
312 3046.041000 3045.459275 18
313 3054.913000 3055.459275 0
314 3064.767000 3065.282901 16
315 3074.767000 3074.949953 27
316 3084.516000 3084.176268 19
317 3092.780000 3092.306062 22
318 3102.278000 3101.781766 21
319 3113.010000 3110.811069 25
320 3122.474000 3082.003721 12
321 3132.329000 3131.645745 25
322 3140.879000 3140.603094 33
323 3150.790000 3150.772646 18
324 3160.555000 3159.260161 17
325 3169.624000 3169.260161 0
326 3177.834000 3179.260161 0
327 3187.548000 3187.756212 23
328 3198.656000 3198.875322 24
329 3208.441000 3207.952503 17
330 3217.491000 3217.699242 24
331 3228.026000 3226.954388 12
332 3238.294000 3236.954388 0
333 3248.222000 3248.011234 14
334 3258.222000 3257.796634 33
335 3267.432000 3266.959325 23
336 3277.002000 3276.517392 36
337 3287.002000 3286.848383 12
338 3297.002000 3296.848383 0
339 3307.002000 3308.629652 25
340 3316.855000 3318.629652 0
341 3326.855000 3328.652480 23
342 3335.816000 3336.014762 15
343 3346.780000 3346.004082 17
344 3357.496000 3357.967819 18
345 3367.780000 3367.754006 35
346 3377.690000 3377.559404 10
347 3387.331000 3387.603345 20
348 3397.331000 3397.155400 28
349 3403.895000 3404.628474 23
350 3413.895000 3414.628474 0
351 3423.625000 3423.948578 18
352 3434.501000 3435.040616 14
353 3444.227000 3444.635414 22
354 3454.999000 3454.928643 19
355 3464.135000 3464.751857 36
356 3474.135000 3474.751857 0
357 3484.135000 3484.188282 19
358 3493.815000 3494.302750 21
359 3503.474000 3503.057042 23
360 3513.133000 3512.584230 28
361 3522.614000 3521.986375 26
362 3532.614000 3552.195082 8
363 3540.698000 3540.732828 20
364 3549.319000 3549.716333 13
365 3560.035000 3559.617804 8
366 3570.427000 3570.533386 19
367 3579.853000 3579.682323 26
368 3588.868000 3582.493018 10
369 3597.758000 3598.081611 23
370 3608.598000 3611.004552 11
371 3619.205000 3619.679676 13
372 3630.495000 3630.099850 26
373 3639.841000 3639.906301 26
374 3650.150000 3649.906301 0
375 3658.773000 3661.786140 12
376 3669.988000 3667.288793 8
377 3675.443000 3676.548735 11
378 3686.082000 3686.390238 32
379 3696.082000 3696.390238 0
380 3707.480000 3709.500153 27
381 3717.480000 3710.397886 33
382 3727.480000 3721.244309 17
383 3737.086000 3738.130364 13
384 3746.943000 3754.458152 12
385 3756.241000 3757.362825 31
386 3766.400000 3766.134748 24
387 3776.400000 3759.927387 17
388 3786.400000 3787.372578 23
389 3795.665000 3794.799788 21
390 3803.874000 3802.308002 23
391 3813.588000 3813.887726 35
392 3823.819000 3823.440244 18
393 3833.460000 3833.440244 0
394 3842.278000 3842.553007 22
395 3852.672000 3852.326304 22
396 3863.100000 3864.569004 11
397 3873.868000 3875.631685 20
398 3883.688000 3883.021734 18
399 3892.560000 3890.182912 16
400 3903.079000 3903.006566 26
401 3913.113000 3913.849163 15
402 3922.683000 3922.556774 28
403 3932.467000 3932.247003 25
404 3942.324000 3939.542694 11
405 3950.945000 3949.542694 0
406 3960.478000 3964.907462 16
407 3970.818000 3971.161423 11
408 3980.709000 3980.777614 9
409 3987.524000 3988.052914 24
410 3997.721000 3998.087285 35
411 4007.827000 4006.482991 16
412 4017.827000 4023.140083 11
413 4027.055000 4026.562515 25
414 4036.481000 4036.946444 24
415 4046.481000 4046.137985 18
416 4055.175000 4055.216399 24
417 4064.458000 4064.504092 14
418 4073.867000 4117.841617 8
419 4082.614000 4127.841617 0
420 4093.775000 4095.103648 10
421 4102.647000 4103.013869 29
422 4111.877000 4111.420060 24
423 4121.715000 4121.767379 37
424 4130.747000 4154.437078 9
425 4140.193000 4140.265762 29
426 4150.031000 4150.201317 16
427 4159.457000 4160.137349 17
428 4170.041000 4169.809167 27
429 4179.827000 4179.437336 39
430 4189.240000 4189.476263 23
431 4198.753000 4199.329275 26
432 4208.351000 4208.709763 30
433 4217.789000 4218.052666 27
434 4227.286000 4227.213384 23
435 4236.999000 4236.949222 25
436 4244.888000 4244.958548 21
437 4254.888000 4253.522900 23
438 4264.439000 4263.522900 0
439 4274.258000 4274.708483 28
440 4284.043000 4284.228957 28
441 4294.402000 4293.787339 28
442 4303.916000 4303.834425 39
443 4313.916000 4304.151388 9
444 4323.916000 4325.348245 17
445 4333.452000 4333.940259 25
446 4343.452000 4343.773104 25
447 4353.696000 4352.911556 18
448 4363.535000 4363.753282 22
449 4373.659000 4389.659582 8
450 4384.141000 4399.659582 0
451 4393.800000 4394.516281 19
452 4403.011000 4403.313630 19
453 4412.922000 4412.059827 23
454 4421.741000 4420.131472 26
455 4431.202000 4430.131472 0
456 4440.558000 4441.265481 33
457 4450.718000 4451.355996 28
458 4460.914000 4460.592474 18
459 4468.980000 4469.062076 22
460 4477.834000 4476.201349 14
461 4487.834000 4524.136102 16
462 4496.760000 4534.136102 0
463 4505.714000 4579.902827 9
464 4514.669000 4589.902827 0
465 4522.896000 4599.902827 0
466 4532.554000 4575.627669 11
467 4540.771000 4631.734779 15
468 4549.692000 4641.734779 0
469 4558.663000 4567.119656 10
470 4568.567000 4574.886985 20
471 4579.446000 4576.953617 16
472 4586.385000 4586.858215 28
473 4596.676000 4596.457179 16
474 4606.008000 4606.297770 33
475 4615.820000 4575.294122 12
476 4624.232000 4579.159723 9
477 4633.843000 4633.721134 32
478 4643.506000 4643.420941 41
479 4652.917000 4652.374406 21
480 4662.917000 4662.861580 34
481 4672.917000 4672.797251 28
