001 0.000000 -0.121304 92
002 10.000000 9.978349 36
003 20.000000 18.296959 27
004 28.072000 28.102392 23
005 38.058000 38.082875 27
006 48.059000 48.006995 40
007 58.056000 57.954053 22
008 68.056000 67.976714 42
009 78.056000 78.074127 49
010 88.056000 88.074532 51
011 98.056000 98.030897 70
012 108.056000 108.088524 70
013 118.056000 118.079365 56
014 128.056000 128.091651 70
015 138.056000 138.074925 66
016 148.056000 148.082516 68
017 158.056000 158.147276 83
018 168.056000 168.079767 62
019 178.056000 178.233016 61
020 188.056000 188.089152 79
021 198.056000 198.088230 79
022 208.056000 208.077277 74
023 218.056000 218.198570 79
024 228.056000 227.790199 39
025 238.056000 238.974767 40
026 248.056000 248.425663 27
027 258.311000 260.239868 16
028 268.392000 269.365852 21
029 278.457000 277.754445 29
030 288.680000 286.779360 19
031 299.265000 300.280494 24
032 309.265000 309.135646 26
033 319.460000 319.135646 0
034 329.886000 329.135646 0
035 331.489000 391.065357 8
036 341.050000 309.357888 8
037 352.269000 368.144073 22
038 362.269000 370.936732 16
039 372.483000 380.936732 0
040 382.483000 383.165784 32
041 392.844000 393.178860 31
042 403.556000 404.785813 44
043 414.326000 414.785813 0
044 424.449000 424.181196 30
045 434.768000 434.552926 28
046 444.768000 512.983404 8
047 452.651000 453.795295 17
048 462.775000 460.957544 10
049 472.194000 508.188039 11
050 482.194000 482.333759 17
051 491.877000 493.466980 28
052 501.624000 501.978533 29
053 511.427000 510.402318 23
054 520.978000 520.599948 22
055 530.978000 530.739076 10
056 541.619000 541.924512 10
057 550.842000 563.934154 8
058 560.228000 562.518657 14
059 569.286000 569.930507 17
060 578.659000 576.607818 19
061 588.915000 586.607818 0
062 598.555000 569.374495 9
063 608.681000 608.718856 17
064 619.259000 618.909698 37
065 628.721000 628.542314 25
066 638.369000 634.719836 12
067 647.991000 644.719836 0
068 657.851000 658.900851 18
069 666.916000 666.454935 28
070 675.899000 675.672009 23
071 685.573000 685.868411 35
072 695.248000 695.448733 24
073 705.586000 705.710557 27
074 715.395000 715.710557 0
075 725.261000 725.346071 35
076 734.717000 734.871953 14
077 745.217000 744.886533 25
078 755.217000 754.966235 33
079 764.858000 763.777876 15
080 774.506000 807.163043 8
081 785.429000 786.521145 13
082 796.513000 796.716975 37
083 806.746000 806.838687 16
084 816.819000 816.873570 27
085 826.819000 826.087380 37
086 836.249000 836.087380 0
087 846.163000 847.102949 25
088 856.163000 856.008799 13
089 864.873000 864.933749 13
090 873.220000 873.104935 30
091 883.027000 883.950661 15
092 892.860000 891.510593 11
093 902.860000 903.946188 20
094 912.210000 911.316798 28
095 921.433000 923.288654 12
096 931.433000 931.096071 32
097 940.742000 940.339063 18
098 949.547000 949.454873 28
099 958.617000 959.454873 0
100 968.324000 968.141152 22
101 977.329000 978.416816 33
102 987.329000 987.547040 34
103 997.595000 995.971245 21
104 1007.336000 1007.558245 16
105 1017.463000 1017.558245 0
106 1028.014000 1030.059047 16
107 1037.881000 1037.529709 13
108 1046.619000 1046.661489 32
109 1056.878000 1057.131140 25
110 1066.607000 1066.227282 23
111 1076.607000 1102.916820 8
112 1085.691000 1086.641225 15
113 1095.691000 1095.881005 46
114 1104.986000 1107.164215 23
115 1115.086000 1114.846646 32
116 1124.734000 1123.918282 27
117 1133.904000 1132.322264 15
118 1143.738000 1143.422739 38
119 1153.068000 1152.831220 18
120 1162.582000 1162.945756 21
121 1172.470000 1171.938180 19
122 1181.693000 1180.897870 22
123 1191.553000 1190.897870 0
124 1201.148000 1201.252794 28
125 1211.148000 1210.596421 11
126 1220.338000 1220.043387 15
127 1229.986000 1229.822731 15
128 1239.076000 1238.854418 26
129 1249.076000 1277.776911 12
130 1257.800000 1257.753106 15
131 1267.668000 1268.431602 15
132 1278.014000 1278.083424 26
133 1288.014000 1288.581760 14
134 1297.789000 1297.807769 24
135 1307.517000 1345.821331 8
136 1317.517000 1355.821331 0
137 1327.250000 1327.997279 24
138 1336.985000 1336.913279 42
139 1346.985000 1346.462310 29
140 1356.581000 1356.113007 21
141 1365.299000 1366.113007 0
142 1375.105000 1377.617361 19
143 1385.579000 1385.571994 8
144 1395.579000 1395.647286 30
145 1405.579000 1405.778784 30
146 1415.931000 1416.086300 23
147 1425.340000 1421.774278 11
148 1434.351000 1431.774278 0
149 1443.813000 1446.151312 16
150 1453.703000 1454.074042 33
151 1463.450000 1462.828593 10
152 1471.333000 1473.066055 10
153 1481.566000 1483.066055 0
154 1491.044000 1489.995866 32
155 1500.579000 1501.413535 12
156 1510.173000 1508.753511 11
157 1520.607000 1521.738251 16
158 1530.868000 1531.135237 11
159 1540.607000 1540.597077 11
160 1549.968000 1566.694906 15
161 1560.345000 1560.780053 21
162 1570.539000 1568.956712 17
163 1579.858000 1580.034104 24
164 1589.858000 1590.034104 0
165 1599.858000 1600.034104 0
166 1610.086000 1608.708831 10
167 1620.615000 1622.489714 28
168 1631.827000 1634.169492 16
169 1641.168000 1640.594431 23
170 1651.300000 1634.708924 10
171 1663.636000 1644.708924 0
172 1672.749000 1671.773319 26
173 1683.172000 1686.767525 15
174 1693.095000 1693.754792 21
175 1702.956000 1702.678534 33
176 1713.607000 1710.853985 20
177 1724.031000 1724.407432 18
178 1734.031000 1732.930206 16
179 1742.838000 1743.288652 23
180 1752.449000 1751.471870 14
181 1760.542000 1760.642435 12
182 1770.715000 1771.267782 14
183 1780.992000 1767.327827 10
184 1790.832000 1789.657038 22
185 1800.832000 1800.493064 16
186 1810.721000 1810.957893 33
187 1820.617000 1820.495431 30
188 1830.360000 1830.266503 35
189 1840.013000 1839.454340 35
190 1849.209000 1849.454340 0
191 1860.090000 1861.395844 16
192 1869.680000 1869.517399 13
193 1879.478000 1879.986457 23
194 1889.402000 1889.554556 35
195 1899.097000 1898.400457 24
196 1908.417000 1904.595690 12
197 1917.757000 1918.757148 20
198 1926.911000 1927.257315 36
199 1937.293000 1937.533499 22
200 1946.883000 1946.035524 20
201 1954.809000 1953.703568 17
202 1964.620000 1952.178185 14
203 1974.782000 1937.433178 11
204 1985.579000 1986.051855 20
205 1995.308000 1995.198121 23
206 2005.308000 2004.582927 12
207 2015.204000 2014.887927 8
208 2024.919000 2023.933838 28
209 2034.823000 2033.933838 0
210 2044.823000 2045.289506 40
211 2053.733000 2135.333540 12
212 2065.736000 2066.190204 25
213 2075.432000 2074.876016 27
214 2085.432000 2085.732548 23
215 2095.640000 2095.732548 0
216 2105.535000 2112.114707 9
217 2116.249000 2117.586668 15
218 2125.944000 2125.935077 34
219 2135.944000 2136.393427 21
220 2146.477000 2146.261363 20
221 2156.339000 2157.213687 21
222 2166.172000 2166.726750 32
223 2176.248000 2175.938586 14
224 2185.589000 2183.256681 13
225 2195.326000 2195.456123 24
226 2205.520000 2204.922154 28
227 2217.024000 2217.744816 28
228 2227.821000 2227.764844 21
229 2237.286000 2237.050484 36
230 2246.071000 2245.897043 15
231 2256.071000 2254.619053 20
232 2265.092000 2264.214523 20
233 2275.092000 2275.976439 13
234 2284.908000 2284.781289 29
235 2294.908000 2295.713527 30
236 2304.609000 2304.505762 30
237 2314.609000 2311.841766 9
238 2324.304000 2323.863870 18
239 2334.304000 2333.863870 0
240 2344.486000 2345.179641 16
241 2353.057000 2358.681676 8
242 2362.985000 2362.936204 10
243 2372.520000 2372.390755 30
244 2381.683000 2379.460908 13
245 2392.797000 2390.457422 23
246 2402.524000 2402.583517 27
247 2412.524000 2412.436174 41
248 2422.603000 2422.569506 32
249 2432.623000 2432.173208 28
250 2442.623000 2441.668375 28
251 2451.774000 2450.504794 29
252 2461.676000 2460.504794 0
253 2470.754000 2472.832066 15
254 2481.214000 2480.786271 40
255 2491.098000 2558.173420 10
256 2500.447000 2499.953615 18
257 2509.765000 2509.523279 28
258 2518.890000 2519.985861 13
259 2529.280000 2529.772415 12
260 2538.944000 2539.338917 31
261 2548.529000 2550.145525 19
262 2558.036000 2556.955385 17
263 2567.093000 2567.009779 13
264 2575.836000 2598.455038 9
265 2585.931000 2585.835560 26
266 2595.244000 2595.290072 18
267 2605.244000 2605.716013 25
268 2615.042000 2614.961418 34
269 2624.843000 2624.281305 13
270 2635.057000 2634.281305 0
271 2645.270000 2646.454167 28
272 2654.752000 2656.454167 0
273 2664.938000 2664.288194 23
274 2674.439000 2674.293550 15
275 2684.201000 2684.781978 15
276 2693.355000 2696.561254 21
277 2703.021000 2703.465820 20
278 2712.409000 2712.517408 14
279 2722.955000 2723.608920 35
280 2733.351000 2733.261655 34
281 2743.508000 2743.332607 18
282 2753.438000 2753.332607 0
283 2763.906000 2765.142049 13
284 2774.276000 2774.057561 25
285 2783.156000 2783.160116 28
286 2792.350000 2790.407603 17
287 2802.543000 2802.143366 11
288 2812.446000 2812.143366 0
289 2821.794000 2823.979830 16
290 2830.771000 2829.060475 10
291 2841.083000 2842.690709 9
292 2851.257000 2850.038274 11
293 2861.257000 2859.654797 11
294 2871.591000 2912.349510 9
295 2880.480000 2881.126229 15
296 2890.480000 2890.298546 18
297 2900.383000 2900.858047 27
298 2910.232000 2910.156506 17
299 2920.525000 2920.744624 16
300 2930.148000 2930.297171 33
301 2939.843000 2940.389414 23
302 2949.985000 2949.511397 18
303 2959.411000 2959.797157 17
304 2969.411000 2968.312954 22
305 2979.660000 2979.242291 31
306 2989.373000 2977.348119 8
307 2999.373000 3000.560083 10
308 3009.156000 3094.224072 11
309 3018.995000 3019.848996 29
310 3028.707000 3028.589944 20
311 3038.277000 3037.449905 9
312 3046.041000 3045.454115 15
313 3054.913000 3055.454115 0
314 3064.767000 3070.258064 8
315 3074.767000 3075.245892 23
316 3084.516000 3084.176854 19
317 3092.780000 3092.192201 20
318 3102.278000 3101.764556 20
319 3113.010000 3110.727041 24
320 3122.474000 3120.727041 0
321 3132.329000 3132.003566 20
322 3140.879000 3140.305962 32
323 3150.790000 3150.802815 16
324 3160.555000 3159.365032 19
325 3169.624000 3169.365032 0
326 3177.834000 3179.365032 0
327 3187.548000 3187.636350 26
328 3198.656000 3198.867253 26
329 3208.441000 3208.019416 21
330 3217.491000 3217.755009 24
331 3228.026000 3226.384248 13
332 3238.294000 3236.384248 0
333 3248.222000 3248.666999 15
334 3258.222000 3257.769120 35
335 3267.432000 3267.223157 22
336 3277.002000 3276.471387 33
337 3287.002000 3286.801469 9
338 3297.002000 3296.801469 0
339 3307.002000 3308.770126 23
340 3316.855000 3318.770126 0
341 3326.855000 3328.598092 23
342 3335.816000 3336.035330 11
343 3346.780000 3346.006682 17
344 3357.496000 3357.926055 20
345 3367.780000 3367.760360 34
346 3377.690000 3378.659256 13
347 3387.331000 3387.608708 17
348 3397.331000 3397.527250 25
349 3403.895000 3404.815745 22
350 3413.895000 3412.643010 13
351 3423.625000 3423.904154 20
352 3434.501000 3434.832116 13
353 3444.227000 3444.541259 22
354 3454.999000 3454.843925 18
355 3464.135000 3464.538330 36
356 3474.135000 3474.538330 0
357 3484.135000 3484.200780 20
358 3493.815000 3493.937207 28
359 3503.474000 3503.069936 24
360 3513.133000 3512.818387 26
361 3522.614000 3522.264181 29
362 3532.614000 3530.342499 15
363 3540.698000 3541.518035 13
364 3549.319000 3549.437665 13
365 3560.035000 3559.437665 0
366 3570.427000 3570.533386 19
367 3579.853000 3579.682323 26
368 3588.868000 3583.298434 14
369 3597.758000 3598.310121 14
370 3608.598000 3611.887619 11
371 3619.205000 3619.708140 13
372 3630.495000 3630.269969 28
373 3639.841000 3639.693422 26
374 3650.150000 3649.693422 0
375 3658.773000 3660.438701 10
376 3669.988000 3665.190163 9
377 3675.443000 3676.267932 11
378 3686.082000 3686.652722 34
379 3696.082000 3668.333716 8
380 3707.480000 3709.525464 27
381 3717.480000 3720.759671 34
382 3727.480000 3721.365167 18
383 3737.086000 3738.130364 13
384 3746.943000 3750.271280 15
385 3756.241000 3757.674158 30
386 3766.400000 3766.135124 21
387 3776.400000 3759.655264 19
388 3786.400000 3787.585680 21
389 3795.665000 3794.919907 23
390 3803.874000 3801.684988 20
391 3813.588000 3813.826941 35
392 3823.819000 3823.282663 20
393 3833.460000 3868.134005 9
394 3842.278000 3842.265284 29
395 3852.672000 3852.220462 23
396 3863.100000 3864.420673 12
397 3873.868000 3874.161327 20
398 3883.688000 3883.117852 15
399 3892.560000 3890.943087 28
400 3903.079000 3902.959391 28
401 3913.113000 3914.005203 13
402 3922.683000 3922.296589 30
403 3932.467000 3932.214348 23
404 3942.324000 3938.407725 8
405 3950.945000 3950.976418 15
406 3960.478000 3962.880432 21
407 3970.818000 3970.663581 14
408 3980.709000 3980.663581 0
409 3987.524000 3988.293210 22
410 3997.721000 3998.048704 34
411 4007.827000 4006.482991 16
412 4017.827000 4023.140083 11
413 4027.055000 4026.574435 25
414 4036.481000 4036.985903 22
415 4046.481000 4045.910142 18
416 4055.175000 4055.217771 27
417 4064.458000 4064.512619 15
418 4073.867000 4074.512619 0
419 4082.614000 4033.355759 10
420 4093.775000 4095.103695 10
421 4102.647000 4102.686824 26
422 4111.877000 4111.984353 28
423 4121.715000 4121.623068 32
424 4130.747000 4156.495359 8
425 4140.193000 4140.263801 30
426 4150.031000 4150.201317 16
427 4159.457000 4160.283130 12
428 4170.041000 4169.715256 32
429 4179.827000 4179.443162 40
430 4189.240000 4188.923755 21
431 4198.753000 4199.447787 27
432 4208.351000 4208.347921 34
433 4217.789000 4218.062808 27
434 4227.286000 4227.205122 24
435 4236.999000 4236.946513 21
436 4244.888000 4244.725833 24
437 4254.888000 4253.522900 23
438 4264.439000 4263.522900 0
439 4274.258000 4274.708483 28
440 4284.043000 4284.220696 28
441 4294.402000 4293.975431 30
442 4303.916000 4303.800542 41
443 4313.916000 4311.325725 20
444 4323.916000 4325.352194 16
445 4333.452000 4333.618095 29
446 4343.452000 4343.988616 26
447 4353.696000 4351.946126 17
448 4363.535000 4363.578020 25
449 4373.659000 4393.066821 10
450 4384.141000 4385.915078 16
451 4393.800000 4396.334815 11
452 4403.011000 4403.475881 20
453 4412.922000 4412.089710 25
454 4421.741000 4420.192874 31
455 4431.202000 4470.266292 8
456 4440.558000 4441.357865 33
457 4450.718000 4450.628108 33
458 4460.914000 4461.160715 19
459 4468.980000 4469.316362 21
460 4477.834000 4476.531429 16
461 4487.834000 4524.126608 17
462 4496.760000 4512.181208 8
463 4505.714000 4579.637933 10
464 4514.669000 4589.637933 0
465 4522.896000 4632.247349 10
466 4532.554000 4575.627669 11
467 4540.771000 4634.066063 8
468 4549.692000 4644.066063 0
469 4558.663000 4566.183921 10
470 4568.567000 4575.094580 24
471 4579.446000 4577.332342 18
472 4586.385000 4587.009229 30
473 4596.676000 4596.741547 19
474 4606.008000 4606.116288 34
475 4615.820000 4575.294122 12
476 4624.232000 4623.588886 11
477 4633.843000 4633.966621 33
478 4643.506000 4643.425259 42
479 4652.917000 4652.540053 22
480 4662.917000 4662.861580 34
481 4672.917000 4672.797251 28
