001 0.000000 0.262691 28
002 10.000000 8.412565 15
003 20.000000 18.412565 0
004 30.000000 28.412565 0
005 39.500000 42.078405 8
006 49.500000 47.402330 9
007 59.500000 57.402330 0
008 69.500000 69.446246 13
009 79.500000 79.446246 0
010 89.500000 89.190557 19
011 99.500000 99.183750 18
012 109.500000 109.260409 28
013 119.495000 120.083598 16
014 129.495000 129.493986 18
015 139.495000 139.236515 22
016 149.495000 149.135851 23
017 159.495000 158.858558 29
018 169.495000 168.858558 0
019 179.496000 179.483407 22
020 189.496000 189.603049 27
021 199.496000 199.620976 29
022 209.496000 209.474880 24
023 219.496000 219.698168 15
024 229.496000 242.611692 13
025 239.496000 239.851474 17
026 249.496000 249.851474 0
027 257.833000 258.063238 10
028 268.070000 269.199191 8
029 278.273000 271.503914 8
030 288.681000 281.503914 0
031 299.870000 299.466637 12
032 309.155000 309.466637 0
033 319.459000 319.466637 0
034 327.623000 329.466637 0
035 333.710000 339.466637 0
036 343.710000 349.466637 0
037 353.913000 359.466637 0
038 362.483000 369.466637 0
039 374.999000 379.466637 0
040 385.304000 385.643714 8
041 395.507000 393.811139 11
042 405.814000 404.897445 14
043 416.151000 397.295825 10
044 426.151000 407.295825 0
045 436.526000 436.816329 20
046 446.591000 446.816329 0
047 454.821000 455.523848 14
048 464.821000 465.523848 0
049 473.425000 475.523848 0
050 483.288000 484.572480 10
051 493.185000 494.572480 0
052 502.674000 503.961996 10
053 512.129000 513.961996 0
054 521.822000 523.961996 0
055 532.195000 533.961996 0
056 540.665000 543.961996 0
057 550.665000 553.961996 0
058 560.936000 565.582794 8
059 570.219000 575.582794 0
060 580.219000 585.582794 0
061 590.965000 595.582794 0
062 600.454000 605.582794 0
063 610.340000 611.554155 12
064 620.425000 620.969388 16
065 630.553000 630.969388 0
066 641.140000 640.969388 0
067 650.220000 650.969388 0
068 660.064000 660.397240 19
069 670.064000 670.397240 0
070 679.938000 678.872132 9
071 689.580000 690.165714 14
072 699.835000 700.165714 0
073 709.835000 710.165714 0
074 719.292000 720.165714 0
075 729.031000 728.924908 10
076 738.875000 738.924908 0
077 748.746000 748.924908 0
078 758.152000 757.148500 12
079 767.529000 767.148500 0
080 777.609000 777.148500 0
081 787.844000 790.177841 10
082 798.130000 800.533360 9
083 808.001000 809.232735 10
084 818.288000 817.751601 10
085 828.471000 828.851614 15
086 837.900000 838.851614 0
087 848.134000 848.851614 0
088 857.721000 857.225488 10
089 866.734000 867.225488 0
090 875.852000 875.996962 13
091 885.852000 885.380245 9
092 894.867000 895.380245 0
093 904.998000 905.380245 0
094 914.582000 915.380245 0
095 924.168000 924.165837 11
096 934.168000 934.193739 9
097 943.521000 944.193739 0
098 952.743000 953.189077 8
099 962.718000 963.189077 0
100 972.147000 972.317855 9
101 982.147000 981.516982 14
102 991.915000 992.257784 11
103 1002.124000 1001.028309 11
104 1012.593000 1011.028309 0
105 1022.696000 1021.028309 0
106 1032.179000 1042.164467 8
107 1041.271000 1041.774769 20
108 1051.090000 1049.894011 13
109 1061.324000 1059.894011 0
110 1071.092000 1071.395560 8
111 1081.067000 1081.395560 0
112 1090.341000 1091.463356 10
113 1100.264000 1101.463356 0
114 1110.601000 1109.925177 12
115 1120.188000 1119.925177 0
116 1129.695000 1129.845077 11
117 1139.543000 1139.845077 0
118 1148.939000 1149.068801 17
119 1159.306000 1141.404398 9
120 1168.955000 1151.404398 0
121 1178.580000 1161.404398 0
122 1188.580000 1171.404398 0
123 1198.222000 1181.404398 0
124 1208.379000 1191.404398 0
125 1218.491000 1201.404398 0
126 1228.491000 1227.558305 8
127 1237.938000 1239.052447 11
128 1248.097000 1249.052447 0
129 1257.411000 1259.015804 10
130 1267.338000 1269.015804 0
131 1277.474000 1277.424935 13
132 1287.371000 1287.424935 0
133 1295.957000 1297.424935 0
134 1306.140000 1307.424935 0
135 1316.557000 1316.624069 8
136 1325.905000 1326.624069 0
137 1336.205000 1334.937902 14
138 1346.205000 1345.829592 14
139 1355.472000 1355.829592 0
140 1365.786000 1365.829592 0
141 1375.106000 1375.829592 0
142 1384.732000 1385.829592 0
143 1394.373000 1394.930886 16
144 1403.969000 1404.342179 29
145 1413.772000 1414.342179 0
146 1423.807000 1424.342179 0
147 1432.759000 1434.342179 0
148 1442.185000 1404.548468 11
149 1452.185000 1452.325417 22
150 1461.552000 1393.156557 8
151 1469.403000 1403.156557 0
152 1481.218000 1413.156557 0
153 1491.130000 1491.935235 10
154 1501.296000 1501.935235 0
155 1511.430000 1511.935235 0
156 1521.754000 1521.935235 0
157 1531.842000 1531.935235 0
158 1540.884000 1541.935235 0
159 1551.794000 1549.318749 10
160 1561.076000 1561.485145 13
161 1570.996000 1571.485145 0
162 1580.996000 1581.893034 14
163 1590.875000 1591.893034 0
164 1600.220000 1601.893034 0
165 1609.660000 1611.893034 0
166 1616.952000 1618.704893 9
167 1627.628000 1625.787865 9
168 1638.073000 1638.102696 12
169 1647.976000 1648.102696 0
170 1659.699000 1658.102696 0
171 1669.718000 1669.669659 10
172 1680.298000 1681.518601 8
173 1690.007000 1690.419616 12
174 1700.007000 1700.846977 14
175 1710.047000 1710.846977 0
176 1719.833000 1720.846977 0
177 1729.931000 1730.846977 0
178 1740.105000 1741.049858 12
179 1750.008000 1749.790598 12
180 1759.659000 1759.790598 0
181 1768.983000 1769.790598 0
182 1778.325000 1776.637497 13
183 1786.836000 1786.637497 0
184 1796.991000 1796.637497 0
185 1806.991000 1807.661544 13
186 1817.339000 1817.661544 0
187 1826.856000 1826.954270 27
188 1836.740000 1836.746025 8
189 1847.455000 1846.746025 0
190 1858.635000 1856.746025 0
191 1868.326000 1866.746025 0
192 1878.248000 1876.898866 9
193 1887.920000 1886.319462 11
194 1897.340000 1896.319462 0
195 1905.560000 1906.319462 0
196 1915.773000 1917.698357 11
197 1925.308000 1925.501758 15
198 1935.308000 1935.501758 0
199 1945.308000 1946.997909 9
200 1955.077000 1955.983185 10
201 1964.709000 1965.983185 0
202 1974.265000 1975.983185 0
203 1984.091000 1985.983185 0
204 1994.419000 1993.412451 9
205 2003.917000 2002.869033 8
206 2014.342000 2012.869033 0
207 2024.342000 2023.988342 10
208 2034.748000 2033.988342 0
209 2044.497000 2042.936132 11
210 2052.930000 2052.936132 0
211 2063.510000 2065.123939 12
212 2073.510000 2075.123939 0
213 2083.181000 2083.195534 14
214 2092.775000 2121.884929 8
215 2102.699000 2131.884929 0
216 2113.085000 2141.884929 0
217 2122.582000 2122.708878 9
218 2132.582000 2132.708878 0
219 2142.621000 2143.041489 9
220 2152.621000 2153.041489 0
221 2162.408000 2162.660578 9
222 2171.964000 2171.772872 20
223 2181.132000 2181.772872 0
224 2192.079000 2192.635244 9
225 2201.906000 2202.635244 0
226 2212.564000 2212.635244 0
227 2222.486000 2222.500971 12
228 2231.635000 2232.202820 9
229 2240.552000 2242.202820 0
230 2248.869000 2252.202820 0
231 2259.720000 2261.204130 9
232 2269.584000 2271.204130 0
233 2279.663000 2281.886010 10
234 2289.295000 2291.101920 12
235 2299.140000 2298.407950 14
236 2308.309000 2308.523631 9
237 2318.309000 2318.523631 0
238 2328.433000 2328.523631 0
239 2338.700000 2338.755814 10
240 2348.841000 2348.755814 0
241 2357.638000 2358.755814 0
242 2367.556000 2368.300807 11
243 2377.556000 2373.851890 8
244 2387.492000 2387.862707 25
245 2397.492000 2397.862707 0
246 2407.245000 2407.116069 12
247 2416.888000 2416.529291 17
248 2426.625000 2426.806470 21
249 2436.625000 2437.190427 11
250 2446.625000 2447.190427 0
251 2455.791000 2457.190427 0
252 2465.563000 2467.190427 0
253 2475.219000 2476.701738 14
254 2484.752000 2483.548314 13
255 2494.345000 2495.588081 9
256 2503.590000 2505.588081 0
257 2513.327000 2515.588081 0
258 2522.425000 2534.254996 8
259 2532.425000 2534.899268 10
260 2542.010000 2541.944125 9
261 2551.132000 2551.356413 19
262 2560.594000 2561.356413 0
263 2569.813000 2571.356413 0
264 2579.056000 2581.356413 0
265 2588.033000 2588.365519 9
266 2597.181000 2598.365519 0
267 2607.181000 2608.365519 0
268 2616.802000 2615.343240 15
269 2625.949000 2625.138828 15
270 2635.336000 2638.250437 11
271 2645.336000 2648.250437 0
272 2654.752000 2709.434265 9
273 2664.938000 2664.480208 10
274 2673.879000 2673.972638 9
275 2684.329000 2683.972638 0
276 2693.608000 2693.972638 0
277 2703.396000 2703.296162 8
278 2712.325000 2713.296162 0
279 2723.233000 2723.296162 0
280 2733.586000 2731.864876 8
281 2743.313000 2743.142731 9
282 2753.123000 2753.142731 0
283 2760.110000 2761.023158 8
284 2770.319000 2771.023158 0
285 2780.069000 2780.248624 8
286 2790.069000 2790.977849 9
287 2800.298000 2800.977849 0
288 2810.104000 2810.977849 0
289 2819.480000 2820.977849 0
290 2829.025000 2830.977849 0
291 2839.102000 2840.977849 0
292 2849.021000 2850.977849 0
293 2858.916000 2860.977849 0
294 2869.329000 2870.977849 0
295 2877.668000 2880.977849 0
296 2887.442000 2898.155925 9
297 2897.795000 2897.924141 19
298 2907.293000 2907.361870 8
299 2917.175000 2917.463249 18
300 2926.998000 2927.463249 0
301 2935.746000 2937.463249 0
302 2945.436000 2947.463249 0
303 2955.356000 2955.814059 15
304 2964.522000 2965.814059 0
305 2974.983000 2975.814059 0
306 2985.603000 2985.988710 14
307 2995.729000 2995.988710 0
308 3006.629000 3005.988710 0
309 3014.953000 3014.648229 10
310 3024.823000 3024.620252 12
311 3034.477000 3034.620252 0
312 3043.168000 3044.509032 11
313 3051.342000 3054.509032 0
314 3061.468000 3064.509032 0
315 3071.381000 3071.564342 8
316 3080.242000 3081.564342 0
317 3090.518000 3089.700380 10
318 3099.379000 3099.860556 20
319 3109.614000 3109.860556 0
320 3119.010000 3119.860556 0
321 3128.279000 3128.865052 11
322 3137.870000 3136.857865 12
323 3146.021000 3146.354753 12
324 3155.866000 3155.992084 26
325 3165.193000 3165.992084 0
326 3174.701000 3175.992084 0
327 3184.357000 3128.132916 8
328 3194.357000 3138.132916 0
329 3204.267000 3204.437384 9
330 3213.801000 3214.437384 0
331 3224.560000 3223.898645 12
332 3234.264000 3233.898645 0
333 3244.615000 3244.593566 8
334 3253.814000 3254.683656 9
335 3263.814000 3261.245921 12
336 3273.940000 3273.967876 11
337 3283.138000 3283.967876 0
338 3294.383000 3293.967876 0
339 3302.959000 3304.718346 11
340 3312.556000 3314.718346 0
341 3323.005000 3324.718346 0
342 3334.161000 3333.778734 14
343 3344.480000 3343.778734 0
344 3354.582000 3353.778734 0
345 3364.582000 3364.771879 13
346 3374.424000 3375.153970 9
347 3384.424000 3386.001742 8
348 3394.511000 3394.784660 10
349 3404.275000 3403.242641 8
350 3414.420000 3413.242641 0
351 3423.839000 3423.242641 0
352 3434.227000 3433.242641 0
353 3443.973000 3445.167775 9
354 3454.135000 3454.539379 11
355 3463.796000 3463.650391 17
356 3473.317000 3472.510007 10
357 3483.002000 3486.426999 8
358 3491.710000 3491.394674 17
359 3501.231000 3501.621265 12
360 3511.079000 3511.393178 14
361 3520.698000 3521.302712 13
362 3530.154000 3531.302712 0
363 3539.741000 3539.442438 17
364 3549.838000 3549.442438 0
365 3559.823000 3559.442438 0
366 3571.457000 3569.442438 0
367 3581.369000 3625.665709 8
368 3590.500000 3579.178993 8
369 3600.241000 3589.178993 0
370 3610.648000 3599.178993 0
371 3620.496000 3623.088017 8
372 3631.869000 3631.133912 12
373 3640.968000 3641.548503 14
374 3651.042000 3661.754093 8
375 3660.726000 3671.754093 0
376 3667.063000 3681.754093 0
377 3675.057000 3691.754093 0
378 3686.171000 3701.754093 0
379 3694.652000 3711.754093 0
380 3705.060000 3721.754093 0
381 3715.001000 3731.754093 0
382 3725.044000 3741.754093 0
383 3733.674000 3751.754093 0
384 3743.809000 3744.270742 16
385 3753.461000 3755.650395 10
386 3763.193000 3763.279384 13
387 3772.288000 3773.279384 0
388 3781.697000 3782.518276 17
389 3791.239000 3790.785418 13
390 3799.153000 3797.984524 10
391 3809.153000 3807.984524 0
392 3818.946000 3817.984524 0
393 3828.946000 3827.984524 0
394 3839.290000 3838.906182 13
395 3849.127000 3848.906182 0
396 3859.366000 3861.843228 8
397 3869.880000 3870.886317 8
398 3879.793000 3879.607361 9
399 3889.165000 3887.970571 10
400 3898.538000 3897.970571 0
401 3908.473000 3908.328506 10
402 3918.296000 3918.162120 13
403 3928.034000 3928.162120 0
404 3937.025000 3932.046600 13
405 3945.670000 3942.046600 0
406 3954.797000 3952.046600 0
407 3963.756000 3962.046600 0
408 3975.048000 3975.470842 15
409 3981.645000 3987.342371 8
410 3992.690000 3993.538214 14
411 4002.457000 4003.280471 10
412 4011.982000 4011.627998 14
413 4021.430000 4021.627998 0
414 4030.624000 4031.627998 0
415 4040.513000 4041.627998 0
416 4049.727000 4050.913710 13
417 4058.371000 4058.600972 9
418 4068.258000 4068.600972 0
419 4076.974000 4078.600972 0
420 4085.661000 4088.600972 0
421 4096.585000 4097.379005 10
422 4105.894000 4106.965730 14
423 4115.448000 4114.294461 10
424 4123.311000 4106.432900 9
425 4132.804000 4116.432900 0
426 4142.148000 4141.043739 11
427 4151.574000 4151.043739 0
428 4160.897000 4161.043739 0
429 4170.041000 4171.043739 0
430 4180.202000 4181.043739 0
431 4189.466000 4187.881419 8
432 4198.878000 4197.881419 0
433 4208.352000 4207.881419 0
434 4218.124000 4217.881419 0
435 4228.124000 4227.730233 11
436 4237.399000 4238.042066 10
437 4245.914000 4248.042066 0
438 4255.326000 4258.042066 0
439 4264.948000 4265.021003 11
440 4274.331000 4274.386957 15
441 4284.331000 4285.918908 9
442 4294.866000 4293.138517 19
443 4304.488000 4304.356894 14
444 4314.081000 4344.007692 8
445 4323.524000 4354.007692 0
446 4333.314000 4364.007692 0
447 4342.679000 4374.007692 0
448 4351.252000 4384.007692 0
449 4361.175000 4465.248350 10
450 4371.247000 4475.248350 0
451 4380.061000 4485.248350 0
452 4388.724000 4495.248350 0
453 4397.957000 4505.248350 0
454 4408.286000 4515.248350 0
455 4418.401000 4525.248350 0
456 4427.665000 4585.716212 9
457 4437.586000 4595.716212 0
458 4447.586000 4605.716212 0
459 4457.586000 4615.716212 0
460 4466.965000 4605.383934 11
461 4476.557000 4615.383934 0
462 4485.941000 4625.383934 0
463 4495.941000 4635.383934 0
464 4504.556000 4645.383934 0
465 4514.556000 4655.383934 0
466 4524.310000 4665.383934 0
467 4532.555000 4675.383934 0
468 4542.555000 4685.383934 0
469 4551.201000 4695.383934 0
470 4561.332000 4705.383934 0
471 4572.125000 4715.383934 0
472 4581.268000 4725.383934 0
473 4590.771000 4735.383934 0
474 4600.003000 4745.383934 0
475 4610.003000 4607.442599 12
476 4619.399000 4617.442599 0
477 4627.343000 4627.442599 0
478 4636.335000 4635.499825 18
479 4646.109000 4646.190314 15
480 4655.421000 4655.361794 9
481 4665.421000 4665.361794 0
