001 0.000000 0.640666 29
002 10.000000 9.017250 13
003 20.000000 19.017250 0
004 30.000000 73.347658 8
005 39.500000 83.347658 0
006 49.500000 93.347658 0
007 59.500000 103.347658 0
008 69.500000 69.445002 13
009 79.500000 79.445002 0
010 89.500000 89.223121 21
011 99.500000 99.629262 15
012 109.500000 109.065265 30
013 119.495000 119.710273 17
014 129.495000 129.170602 18
015 139.495000 139.165071 23
016 149.495000 149.016345 22
017 159.495000 159.209472 28
018 169.495000 169.209472 0
019 179.496000 179.693594 23
020 189.496000 189.742929 29
021 199.496000 199.582361 30
022 209.496000 209.420325 28
023 219.496000 219.877307 14
024 229.496000 230.707734 11
025 239.496000 239.995740 17
026 249.496000 249.995740 0
027 257.833000 259.995740 0
028 268.070000 268.969297 10
029 278.273000 271.927155 11
030 288.681000 281.927155 0
031 299.870000 299.864348 10
032 309.155000 309.864348 0
033 319.459000 319.864348 0
034 327.623000 329.864348 0
035 333.710000 339.864348 0
036 343.710000 349.864348 0
037 353.913000 359.864348 0
038 362.483000 369.864348 0
039 374.999000 379.864348 0
040 385.304000 384.864302 9
041 395.507000 393.924248 12
042 405.814000 406.053628 16
043 416.151000 416.053628 0
044 426.151000 426.053628 0
045 436.526000 436.508270 18
046 446.591000 521.009477 9
047 454.821000 455.474732 15
048 464.821000 465.474732 0
049 473.425000 475.474732 0
050 483.288000 484.658116 10
051 493.185000 494.658116 0
052 502.674000 503.509498 12
053 512.129000 513.509498 0
054 521.822000 523.509498 0
055 532.195000 533.509498 0
056 540.665000 543.509498 0
057 550.665000 553.509498 0
058 560.936000 563.509498 0
059 570.219000 573.509498 0
060 580.219000 583.509498 0
061 590.965000 593.509498 0
062 600.454000 603.509498 0
063 610.340000 612.286834 10
064 620.425000 620.958207 17
065 630.553000 630.958207 0
066 641.140000 640.958207 0
067 650.220000 650.958207 0
068 660.064000 660.421192 12
069 670.064000 670.421192 0
070 679.938000 679.963642 9
071 689.580000 690.180705 13
072 699.835000 700.180705 0
073 709.835000 710.180705 0
074 719.292000 720.180705 0
075 729.031000 728.956739 9
076 738.875000 738.956739 0
077 748.746000 748.956739 0
078 758.152000 757.495911 13
079 767.529000 767.495911 0
080 777.609000 777.495911 0
081 787.844000 790.369377 9
082 798.130000 797.081785 13
083 808.001000 809.203956 10
084 818.288000 819.203956 0
085 828.471000 829.120862 10
086 837.900000 839.120862 0
087 848.134000 849.013675 8
088 857.721000 857.227314 10
089 866.734000 905.149106 8
090 875.852000 875.995074 11
091 885.852000 885.995074 0
092 894.867000 895.995074 0
093 904.998000 905.009695 9
094 914.582000 915.009695 0
095 924.168000 924.447721 8
096 934.168000 933.999219 10
097 943.521000 943.999219 0
098 952.743000 953.999219 0
099 962.718000 963.999219 0
100 972.147000 972.333354 8
101 982.147000 981.709799 16
102 991.915000 992.230545 12
103 1002.124000 1000.763758 10
104 1012.593000 1010.763758 0
105 1022.696000 1021.881653 11
106 1032.179000 1031.881653 0
107 1041.271000 1041.761649 21
108 1051.090000 1051.380906 16
109 1061.324000 1061.380906 0
110 1071.092000 1071.380906 0
111 1081.067000 1081.380906 0
112 1090.341000 1091.462604 10
113 1100.264000 1101.462604 0
114 1110.601000 1109.396569 10
115 1120.188000 1119.396569 0
116 1129.695000 1129.920612 12
117 1139.543000 1139.920612 0
118 1148.939000 1149.086627 11
119 1159.306000 1159.086627 0
120 1168.955000 1169.086627 0
121 1178.580000 1179.086627 0
122 1188.580000 1189.086627 0
123 1198.222000 1199.086627 0
124 1208.379000 1210.156966 8
125 1218.491000 1215.721010 9
126 1228.491000 1227.558305 8
127 1237.938000 1239.170656 10
128 1248.097000 1249.170656 0
129 1257.411000 1258.546770 12
130 1267.338000 1268.546770 0
131 1277.474000 1276.888407 17
132 1287.371000 1282.921957 8
133 1295.957000 1292.921957 0
134 1306.140000 1302.921957 0
135 1316.557000 1316.624069 8
136 1325.905000 1326.624069 0
137 1336.205000 1334.002201 11
138 1346.205000 1345.646998 14
139 1355.472000 1355.698000 9
140 1365.786000 1365.698000 0
141 1375.106000 1375.698000 0
142 1384.732000 1385.698000 0
143 1394.373000 1394.961041 15
144 1403.969000 1404.541215 28
145 1413.772000 1414.541215 0
146 1423.807000 1424.541215 0
147 1432.759000 1434.541215 0
148 1442.185000 1404.548468 11
149 1452.185000 1452.329617 23
150 1461.552000 1462.329617 0
151 1469.403000 1472.329617 0
152 1481.218000 1480.701440 9
153 1491.130000 1491.793066 9
154 1501.296000 1501.793066 0
155 1511.430000 1511.793066 0
156 1521.754000 1521.793066 0
157 1531.842000 1531.793066 0
158 1540.884000 1541.793066 0
159 1551.794000 1549.318749 10
160 1561.076000 1561.197677 15
161 1570.996000 1571.197677 0
162 1580.996000 1582.426575 15
163 1590.875000 1592.426575 0
164 1600.220000 1602.426575 0
165 1609.660000 1612.426575 0
166 1616.952000 1620.349866 11
167 1627.628000 1625.787865 9
168 1638.073000 1638.310237 11
169 1647.976000 1648.310237 0
170 1659.699000 1658.310237 0
171 1669.718000 1668.906868 9
172 1680.298000 1680.495839 10
173 1690.007000 1690.476635 11
174 1700.007000 1701.320503 15
175 1710.047000 1711.320503 0
176 1719.833000 1719.600508 8
177 1729.931000 1729.600508 0
178 1740.105000 1740.763100 10
179 1750.008000 1749.801128 14
180 1759.659000 1761.490142 9
181 1768.983000 1771.490142 0
182 1778.325000 1777.775668 12
183 1786.836000 1787.775668 0
184 1796.991000 1797.775668 0
185 1806.991000 1807.333317 9
186 1817.339000 1817.333317 0
187 1826.856000 1827.001755 27
188 1836.740000 1835.983641 8
189 1847.455000 1845.983641 0
190 1858.635000 1855.983641 0
191 1868.326000 1865.983641 0
192 1878.248000 1875.729252 8
193 1887.920000 1886.319462 11
194 1897.340000 1896.319462 0
195 1905.560000 1906.319462 0
196 1915.773000 1917.505348 12
197 1925.308000 1925.501758 15
198 1935.308000 1935.501758 0
199 1945.308000 1947.204522 8
200 1955.077000 1955.983185 10
201 1964.709000 1965.983185 0
202 1974.265000 1975.983185 0
203 1984.091000 1985.983185 0
204 1994.419000 1993.905716 11
205 2003.917000 2002.934502 10
206 2014.342000 2012.934502 0
207 2024.342000 2024.977268 11
208 2034.748000 2034.977268 0
209 2044.497000 2043.036310 10
210 2052.930000 2053.036310 0
211 2063.510000 2063.483640 15
212 2073.510000 2074.857148 9
213 2083.181000 2083.404713 13
214 2092.775000 2093.404713 0
215 2102.699000 2073.785166 8
216 2113.085000 2083.785166 0
217 2122.582000 2093.785166 0
218 2132.582000 2103.785166 0
219 2142.621000 2143.041489 9
220 2152.621000 2156.815201 8
221 2162.408000 2162.319597 11
222 2171.964000 2171.796659 22
223 2181.132000 2181.796659 0
224 2192.079000 2192.639861 9
225 2201.906000 2201.188177 9
226 2212.564000 2211.188177 0
227 2222.486000 2221.188177 0
228 2231.635000 2231.780905 8
229 2240.552000 2241.780905 0
230 2248.869000 2251.780905 0
231 2259.720000 2261.432559 8
232 2269.584000 2271.432559 0
233 2279.663000 2281.787902 9
234 2289.295000 2293.245231 8
235 2299.140000 2298.517308 12
236 2308.309000 2308.928968 9
237 2318.309000 2318.928968 0
238 2328.433000 2328.928968 0
239 2338.700000 2338.971073 9
240 2348.841000 2348.971073 0
241 2357.638000 2358.971073 0
242 2367.556000 2368.971073 0
243 2377.556000 2378.971073 0
244 2387.492000 2388.384189 21
245 2397.492000 2398.384189 0
246 2407.245000 2407.539287 20
247 2416.888000 2416.353649 14
248 2426.625000 2426.772042 19
249 2436.625000 2437.286334 11
250 2446.625000 2447.286334 0
251 2455.791000 2457.286334 0
252 2465.563000 2467.286334 0
253 2475.219000 2476.806452 13
254 2484.752000 2483.026706 14
255 2494.345000 2495.588081 9
256 2503.590000 2505.588081 0
257 2513.327000 2515.588081 0
258 2522.425000 2533.916218 9
259 2532.425000 2543.916218 0
260 2542.010000 2541.902819 11
261 2551.132000 2551.155102 18
262 2560.594000 2561.155102 0
263 2569.813000 2571.155102 0
264 2579.056000 2581.155102 0
265 2588.033000 2588.750882 10
266 2597.181000 2598.750882 0
267 2607.181000 2608.750882 0
268 2616.802000 2615.606333 15
269 2625.949000 2624.995143 13
270 2635.336000 2634.995143 0
271 2645.336000 2644.995143 0
272 2654.752000 2654.995143 0
273 2664.938000 2664.405933 8
274 2673.879000 2674.185120 10
275 2684.329000 2684.185120 0
276 2693.608000 2694.185120 0
277 2703.396000 2703.371328 10
278 2712.325000 2713.371328 0
279 2723.233000 2723.160262 9
280 2733.586000 2732.768688 8
281 2743.313000 2742.768688 0
282 2753.123000 2752.768688 0
283 2760.110000 2762.768688 0
284 2770.319000 2772.768688 0
285 2780.069000 2780.571132 11
286 2790.069000 2790.571132 0
287 2800.298000 2800.571132 0
288 2810.104000 2810.571132 0
289 2819.480000 2818.755442 10
290 2829.025000 2828.755442 0
291 2839.102000 2838.755442 0
292 2849.021000 2848.755442 0
293 2858.916000 2858.755442 0
294 2869.329000 2868.755442 0
295 2877.668000 2878.755442 0
296 2887.442000 2899.504354 8
297 2897.795000 2897.573295 15
298 2907.293000 2907.573295 0
299 2917.175000 2917.347874 18
300 2926.998000 2927.347874 0
301 2935.746000 2937.347874 0
302 2945.436000 2947.347874 0
303 2955.356000 2956.398797 14
304 2964.522000 2966.398797 0
305 2974.983000 2976.398797 0
306 2985.603000 2986.008322 14
307 2995.729000 3046.398169 9
308 3006.629000 3056.398169 0
309 3014.953000 3015.033188 10
310 3024.823000 3024.418702 8
311 3034.477000 3034.418702 0
312 3043.168000 3044.338334 12
313 3051.342000 3054.338334 0
314 3061.468000 3064.338334 0
315 3071.381000 3072.112174 10
316 3080.242000 3082.112174 0
317 3090.518000 3089.480791 8
318 3099.379000 3099.926494 17
319 3109.614000 3109.926494 0
320 3119.010000 3119.926494 0
321 3128.279000 3128.370931 16
322 3137.870000 3136.895291 11
323 3146.021000 3145.497312 8
324 3155.866000 3155.883213 24
325 3165.193000 3165.883213 0
326 3174.701000 3175.883213 0
327 3184.357000 3185.883213 0
328 3194.357000 3268.202097 10
329 3204.267000 3204.655903 10
330 3213.801000 3214.655903 0
331 3224.560000 3223.548571 11
332 3234.264000 3233.548571 0
333 3244.615000 3244.980236 8
334 3253.814000 3254.980236 0
335 3263.814000 3264.275285 13
336 3273.940000 3273.990267 10
337 3283.138000 3283.990267 0
338 3294.383000 3293.990267 0
339 3302.959000 3306.524473 10
340 3312.556000 3316.524473 0
341 3323.005000 3326.524473 0
342 3334.161000 3334.131529 13
343 3344.480000 3344.131529 0
344 3354.582000 3354.131529 0
345 3364.582000 3365.051796 14
346 3374.424000 3374.534143 9
347 3384.424000 3384.534143 0
348 3394.511000 3395.706191 12
349 3404.275000 3403.562758 9
350 3414.420000 3431.175712 8
351 3423.839000 3441.175712 0
352 3434.227000 3451.175712 0
353 3443.973000 3444.712535 12
354 3454.135000 3454.666874 14
355 3463.796000 3463.521582 16
356 3473.317000 3473.220612 10
357 3483.002000 3485.706659 10
358 3491.710000 3491.439519 14
359 3501.231000 3501.514989 16
360 3511.079000 3511.422187 13
361 3520.698000 3521.422187 0
362 3530.154000 3531.422187 0
363 3539.741000 3539.936898 15
364 3549.838000 3549.936898 0
365 3559.823000 3559.936898 0
366 3571.457000 3569.936898 0
367 3581.369000 3576.327895 8
368 3590.500000 3579.178993 8
369 3600.241000 3589.178993 0
370 3610.648000 3599.178993 0
371 3620.496000 3609.178993 0
372 3631.869000 3631.162031 12
373 3640.968000 3641.574494 13
374 3651.042000 3651.574494 0
375 3660.726000 3661.574494 0
376 3667.063000 3671.574494 0
377 3675.057000 3760.073343 8
378 3686.171000 3770.073343 0
379 3694.652000 3780.073343 0
380 3705.060000 3790.073343 0
381 3715.001000 3800.073343 0
382 3725.044000 3810.073343 0
383 3733.674000 3820.073343 0
384 3743.809000 3830.073343 0
385 3753.461000 3840.073343 0
386 3763.193000 3850.073343 0
387 3772.288000 3860.073343 0
388 3781.697000 3870.073343 0
389 3791.239000 3880.073343 0
390 3799.153000 3890.073343 0
391 3809.153000 3900.073343 0
392 3818.946000 3910.073343 0
393 3828.946000 3920.073343 0
394 3839.290000 3930.073343 0
395 3849.127000 3940.073343 0
396 3859.366000 3950.073343 0
397 3869.880000 3960.073343 0
398 3879.793000 3970.073343 0
399 3889.165000 3980.073343 0
400 3898.538000 3990.073343 0
401 3908.473000 4000.073343 0
402 3918.296000 4010.073343 0
403 3928.034000 4020.073343 0
404 3937.025000 4106.997209 9
405 3945.670000 4116.997209 0
406 3954.797000 4126.997209 0
407 3963.756000 4136.997209 0
408 3975.048000 4146.997209 0
409 3981.645000 4156.997209 0
410 3992.690000 4166.997209 0
411 4002.457000 4176.997209 0
412 4011.982000 4186.997209 0
413 4021.430000 4196.997209 0
414 4030.624000 4206.997209 0
415 4040.513000 4216.997209 0
416 4049.727000 4226.997209 0
417 4058.371000 4236.997209 0
418 4068.258000 4246.997209 0
419 4076.974000 4256.997209 0
420 4085.661000 4266.997209 0
421 4096.585000 4276.997209 0
422 4105.894000 4286.997209 0
423 4115.448000 4296.997209 0
424 4123.311000 4306.997209 0
425 4132.804000 4316.997209 0
426 4142.148000 4326.997209 0
427 4151.574000 4336.997209 0
428 4160.897000 4346.997209 0
429 4170.041000 4356.997209 0
430 4180.202000 4366.997209 0
431 4189.466000 4376.997209 0
432 4198.878000 4386.286810 8
433 4208.352000 4396.286810 0
434 4218.124000 4406.286810 0
435 4228.124000 4416.286810 0
436 4237.399000 4426.286810 0
437 4245.914000 4393.504926 9
438 4255.326000 4403.504926 0
439 4264.948000 4413.504926 0
440 4274.331000 4423.504926 0
441 4284.331000 4433.504926 0
442 4294.866000 4443.504926 0
443 4304.488000 4453.504926 0
444 4314.081000 4463.504926 0
445 4323.524000 4473.504926 0
446 4333.314000 4483.504926 0
447 4342.679000 4493.504926 0
448 4351.252000 4507.121754 8
449 4361.175000 4517.121754 0
450 4371.247000 4527.121754 0
451 4380.061000 4537.121754 0
452 4388.724000 4547.121754 0
453 4397.957000 4557.121754 0
454 4408.286000 4567.121754 0
455 4418.401000 4577.121754 0
456 4427.665000 4584.900850 9
457 4437.586000 4594.900850 0
458 4447.586000 4604.900850 0
459 4457.586000 4614.900850 0
460 4466.965000 4605.321568 11
461 4476.557000 4615.321568 0
462 4485.941000 4625.321568 0
463 4495.941000 4633.101989 8
464 4504.556000 4643.101989 0
465 4514.556000 4653.101989 0
466 4524.310000 4663.101989 0
467 4532.555000 4673.101989 0
468 4542.555000 4683.101989 0
469 4551.201000 4693.101989 0
470 4561.332000 4703.101989 0
471 4572.125000 4713.101989 0
472 4581.268000 4723.101989 0
473 4590.771000 4733.101989 0
474 4600.003000 4743.101989 0
475 4610.003000 4607.042756 13
476 4619.399000 4617.042756 0
477 4627.343000 4627.042756 0
478 4636.335000 4635.801999 14
479 4646.109000 4646.321555 17
480 4655.421000 4655.724485 8
481 4665.421000 4665.724485 0
