001 0.000000 1.254875 13
002 10.000000 11.254875 0
003 20.000000 21.254875 0
004 30.000000 31.254875 0
005 39.500000 41.254875 0
006 49.500000 48.922976 8
007 59.500000 58.922976 0
008 69.500000 68.922976 0
009 79.500000 77.562588 8
010 89.500000 89.638847 13
011 99.500000 98.580926 18
012 109.500000 108.374697 15
013 119.495000 118.374697 0
014 129.495000 128.374697 0
015 139.495000 139.533156 13
016 149.495000 149.194615 18
017 159.495000 158.038106 11
018 169.495000 168.038106 0
019 179.496000 179.562328 13
020 189.496000 189.381299 18
021 199.496000 199.569881 17
022 209.496000 209.397839 17
023 219.496000 217.121967 12
024 229.496000 227.121967 0
025 239.496000 240.826967 13
026 249.496000 250.826967 0
027 257.833000 260.826967 0
028 268.070000 269.282646 12
029 278.273000 277.580678 9
030 288.681000 287.580678 0
031 299.870000 299.722582 10
032 309.155000 309.722582 0
033 319.459000 319.722582 0
034 327.623000 329.722582 0
035 333.710000 339.722582 0
036 343.710000 349.722582 0
037 353.913000 359.722582 0
038 362.483000 369.722582 0
039 374.999000 379.722582 0
040 385.304000 404.378624 12
041 395.507000 395.611189 8
042 405.814000 406.119442 19
043 416.151000 416.119442 0
044 426.151000 426.119442 0
045 436.526000 437.008790 12
046 446.591000 447.008790 0
047 454.821000 454.351009 8
048 464.821000 464.351009 0
049 473.425000 474.351009 0
050 483.288000 484.351009 0
051 493.185000 492.883881 10
052 502.674000 502.479510 11
053 512.129000 512.479510 0
054 521.822000 522.479510 0
055 532.195000 532.479510 0
056 540.665000 542.479510 0
057 550.665000 552.479510 0
058 560.936000 562.479510 0
059 570.219000 569.755306 14
060 580.219000 579.755306 0
061 590.965000 622.496709 9
062 600.454000 632.496709 0
063 610.340000 642.496709 0
064 620.425000 620.778136 18
065 630.553000 630.778136 0
066 641.140000 640.778136 0
067 650.220000 650.778136 0
068 660.064000 660.778136 0
069 670.064000 670.778136 0
070 679.938000 680.778136 0
071 689.580000 689.734089 14
072 699.835000 699.734089 0
073 709.835000 709.734089 0
074 719.292000 719.734089 0
075 729.031000 729.734089 0
076 738.875000 739.734089 0
077 748.746000 749.054498 8
078 758.152000 758.429362 10
079 767.529000 768.429362 0
080 777.609000 778.429362 0
081 787.844000 794.136232 12
082 798.130000 798.326164 8
083 808.001000 808.877514 11
084 818.288000 817.874182 11
085 828.471000 829.375304 11
086 837.900000 839.375304 0
087 848.134000 863.012665 8
088 857.721000 873.012665 0
089 866.734000 883.012665 0
090 875.852000 875.171442 8
091 885.852000 885.171442 0
092 894.867000 895.171442 0
093 904.998000 905.617727 10
094 914.582000 915.617727 0
095 924.168000 924.289494 8
096 934.168000 933.219017 11
097 943.521000 943.219017 0
098 952.743000 953.219017 0
099 962.718000 962.621526 10
100 972.147000 972.621526 0
101 982.147000 982.621526 0
102 991.915000 1053.834487 10
103 1002.124000 1063.834487 0
104 1012.593000 1073.834487 0
105 1022.696000 1022.582420 9
106 1032.179000 1032.582420 0
107 1041.271000 1041.630985 12
108 1051.090000 1051.311402 9
109 1061.324000 1062.639936 9
110 1071.092000 1071.196939 16
111 1081.067000 1081.196939 0
112 1090.341000 1091.196939 0
113 1100.264000 1100.373447 9
114 1110.601000 1110.373447 0
115 1120.188000 1120.373447 0
116 1129.695000 1130.373447 0
117 1139.543000 1140.373447 0
118 1148.939000 1150.373447 0
119 1159.306000 1160.373447 0
120 1168.955000 1170.373447 0
121 1178.580000 1180.373447 0
122 1188.580000 1190.373447 0
123 1198.222000 1200.373447 0
124 1208.379000 1210.373447 0
125 1218.491000 1220.373447 0
126 1228.491000 1230.373447 0
127 1237.938000 1240.373447 0
128 1248.097000 1250.373447 0
129 1257.411000 1260.373447 0
130 1267.338000 1270.373447 0
131 1277.474000 1278.594914 10
132 1287.371000 1288.594914 0
133 1295.957000 1298.594914 0
134 1306.140000 1308.594914 0
135 1316.557000 1318.594914 0
136 1325.905000 1278.536525 8
137 1336.205000 1335.993849 10
138 1346.205000 1345.428119 15
139 1355.472000 1354.615676 11
140 1365.786000 1364.615676 0
141 1375.106000 1376.330678 10
142 1384.732000 1386.330678 0
143 1394.373000 1396.330678 0
144 1403.969000 1404.542820 9
145 1413.772000 1414.542820 0
146 1423.807000 1424.542820 0
147 1432.759000 1433.877966 9
148 1442.185000 1443.877966 0
149 1452.185000 1452.497811 12
150 1461.552000 1462.497811 0
151 1469.403000 1472.497811 0
152 1481.218000 1482.497811 0
153 1491.130000 1491.875049 9
154 1501.296000 1501.875049 0
155 1511.430000 1511.875049 0
156 1521.754000 1521.875049 0
157 1531.842000 1531.875049 0
158 1540.884000 1541.875049 0
159 1551.794000 1551.875049 0
160 1561.076000 1561.875049 0
161 1570.996000 1572.054334 8
162 1580.996000 1580.738351 16
163 1590.875000 1590.738351 0
164 1600.220000 1600.738351 0
165 1609.660000 1610.738351 0
166 1616.952000 1620.738351 0
167 1627.628000 1630.738351 0
168 1638.073000 1638.745355 8
169 1647.976000 1648.745355 0
170 1659.699000 1658.745355 0
171 1669.718000 1670.476984 9
172 1680.298000 1680.476984 0
173 1690.007000 1689.719205 10
174 1700.007000 1699.719205 0
175 1710.047000 1709.719205 0
176 1719.833000 1719.719205 0
177 1729.931000 1729.719205 0
178 1740.105000 1739.719205 0
179 1750.008000 1749.719205 0
180 1759.659000 1759.719205 0
181 1768.983000 1769.719205 0
182 1778.325000 1779.719205 0
183 1786.836000 1785.925356 10
184 1796.991000 1795.925356 0
185 1806.991000 1807.036371 8
186 1817.339000 1818.920514 8
187 1826.856000 1826.855625 21
188 1836.740000 1836.855625 0
189 1847.455000 1846.855625 0
190 1858.635000 1856.855625 0
191 1868.326000 1868.647754 13
192 1878.248000 1878.647754 0
193 1887.920000 1888.647754 0
194 1897.340000 1896.026167 8
195 1905.560000 1906.026167 0
196 1915.773000 1916.026167 0
197 1925.308000 1925.517014 13
198 1935.308000 1935.517014 0
199 1945.308000 1945.517014 0
200 1955.077000 1955.517014 0
201 1964.709000 1964.519673 8
202 1974.265000 1974.519673 0
203 1984.091000 1984.519673 0
204 1994.419000 1994.519673 0
205 2003.917000 2002.744135 8
206 2014.342000 2012.744135 0
207 2024.342000 2023.855880 10
208 2034.748000 2033.855880 0
209 2044.497000 2043.855880 0
210 2052.930000 2053.855880 0
211 2063.510000 2063.855880 0
212 2073.510000 2072.877431 10
213 2083.181000 2083.235873 9
214 2092.775000 2093.235873 0
215 2102.699000 2103.435836 12
216 2113.085000 2113.435836 0
217 2122.582000 2120.799920 14
218 2132.582000 2130.799920 0
219 2142.621000 2140.799920 0
220 2152.621000 2152.044012 8
221 2162.408000 2162.044012 0
222 2171.964000 2170.286022 19
223 2181.132000 2263.429709 8
224 2192.079000 2193.215171 10
225 2201.906000 2201.321641 11
226 2212.564000 2211.321641 0
227 2222.486000 2222.031887 10
228 2231.635000 2232.791351 10
229 2240.552000 2242.791351 0
230 2248.869000 2252.791351 0
231 2259.720000 2262.791351 0
232 2269.584000 2272.791351 0
233 2279.663000 2279.298922 11
234 2289.295000 2289.298922 0
235 2299.140000 2299.298922 0
236 2308.309000 2308.250959 14
237 2318.309000 2318.250959 0
238 2328.433000 2328.250959 0
239 2338.700000 2338.288626 13
240 2348.841000 2348.288626 0
241 2357.638000 2358.288626 0
242 2367.556000 2368.288626 0
243 2377.556000 2378.288626 0
244 2387.492000 2386.810072 8
245 2397.492000 2396.810072 0
246 2407.245000 2406.810072 0
247 2416.888000 2416.037780 8
248 2426.625000 2425.890860 12
249 2436.625000 2437.973091 10
250 2446.625000 2447.973091 0
251 2455.791000 2457.973091 0
252 2465.563000 2467.973091 0
253 2475.219000 2475.829418 11
254 2484.752000 2483.223364 10
255 2494.345000 2493.223364 0
256 2503.590000 2503.223364 0
257 2513.327000 2513.223364 0
258 2522.425000 2523.223364 0
259 2532.425000 2531.369326 10
260 2542.010000 2541.369326 0
261 2551.132000 2551.445792 9
262 2560.594000 2561.445792 0
263 2569.813000 2571.445792 0
264 2579.056000 2581.445792 0
265 2588.033000 2587.998170 8
266 2597.181000 2597.998170 0
267 2607.181000 2607.998170 0
268 2616.802000 2617.998170 0
269 2625.949000 2625.608051 14
270 2635.336000 2635.608051 0
271 2645.336000 2645.608051 0
272 2654.752000 2655.608051 0
273 2664.938000 2663.557335 14
274 2673.879000 2665.285756 8
275 2684.329000 2675.285756 0
276 2693.608000 2695.398684 8
277 2703.396000 2703.253929 9
278 2712.325000 2713.253929 0
279 2723.233000 2723.253929 0
280 2733.586000 2733.253929 0
281 2743.313000 2743.253929 0
282 2753.123000 2753.253929 0
283 2760.110000 2763.877811 8
284 2770.319000 2773.877811 0
285 2780.069000 2779.354903 18
286 2790.069000 2791.975459 8
287 2800.298000 2869.172720 8
288 2810.104000 2879.172720 0
289 2819.480000 2889.172720 0
290 2829.025000 2899.172720 0
291 2839.102000 2909.172720 0
292 2849.021000 2919.172720 0
293 2858.916000 2929.172720 0
294 2869.329000 2939.172720 0
295 2877.668000 2949.172720 0
296 2887.442000 2959.172720 0
297 2897.795000 2969.172720 0
298 2907.293000 2979.172720 0
299 2917.175000 2989.172720 0
300 2926.998000 2999.172720 0
301 2935.746000 3009.172720 0
302 2945.436000 3064.439800 8
303 2955.356000 3074.439800 0
304 2964.522000 3096.761616 9
305 2974.983000 3106.761616 0
306 2985.603000 3116.761616 0
307 2995.729000 3126.761616 0
308 3006.629000 3136.761616 0
309 3014.953000 3146.761616 0
310 3024.823000 3223.060231 8
311 3034.477000 3233.060231 0
312 3043.168000 3243.060231 0
313 3051.342000 3253.060231 0
314 3061.468000 3263.060231 0
315 3071.381000 3273.060231 0
316 3080.242000 3283.060231 0
317 3090.518000 3293.060231 0
318 3099.379000 3303.060231 0
319 3109.614000 3313.060231 0
320 3119.010000 3323.060231 0
321 3128.279000 3333.060231 0
322 3137.870000 3343.060231 0
323 3146.021000 3353.060231 0
324 3155.866000 3363.060231 0
325 3165.193000 3373.060231 0
326 3174.701000 3383.060231 0
327 3184.357000 3393.060231 0
328 3194.357000 3403.060231 0
329 3204.267000 3413.060231 0
330 3213.801000 3423.060231 0
331 3224.560000 3489.021885 9
332 3234.264000 3499.021885 0
333 3244.615000 3509.021885 0
334 3253.814000 3519.021885 0
335 3263.814000 3529.021885 0
336 3273.940000 3539.021885 0
337 3283.138000 3549.021885 0
338 3294.383000 3559.021885 0
339 3302.959000 3569.021885 0
340 3312.556000 3579.021885 0
341 3323.005000 3589.021885 0
342 3334.161000 3599.021885 0
343 3344.480000 3609.021885 0
344 3354.582000 3619.021885 0
345 3364.582000 3629.021885 0
346 3374.424000 3639.021885 0
347 3384.424000 3649.021885 0
348 3394.511000 3627.833738 8
349 3404.275000 3637.833738 0
350 3414.420000 3647.833738 0
351 3423.839000 3657.833738 0
352 3434.227000 3667.833738 0
353 3443.973000 3677.833738 0
354 3454.135000 3687.833738 0
355 3463.796000 3697.833738 0
356 3473.317000 3707.833738 0
357 3483.002000 3717.833738 0
358 3491.710000 3727.833738 0
359 3501.231000 3737.833738 0
360 3511.079000 3747.833738 0
361 3520.698000 3757.833738 0
362 3530.154000 3767.833738 0
363 3539.741000 3777.833738 0
364 3549.838000 3787.833738 0
365 3559.823000 3797.833738 0
366 3571.457000 3807.833738 0
367 3581.369000 3817.833738 0
368 3590.500000 3827.833738 0
369 3600.241000 3837.833738 0
370 3610.648000 3847.833738 0
371 3620.496000 3857.833738 0
372 3631.869000 3842.812161 9
373 3640.968000 3857.304615 10
374 3651.042000 3867.304615 0
375 3660.726000 3877.304615 0
376 3667.063000 3887.304615 0
377 3675.057000 3897.304615 0
378 3686.171000 3907.304615 0
379 3694.652000 3917.304615 0
380 3705.060000 3927.304615 0
381 3715.001000 3937.304615 0
382 3725.044000 3911.972065 8
383 3733.674000 3921.972065 0
384 3743.809000 3931.972065 0
385 3753.461000 3941.972065 0
386 3763.193000 3951.972065 0
387 3772.288000 3961.972065 0
388 3781.697000 3971.972065 0
389 3791.239000 3981.972065 0
390 3799.153000 3991.972065 0
391 3809.153000 4001.972065 0
392 3818.946000 4011.972065 0
393 3828.946000 4021.972065 0
394 3839.290000 4101.300598 8
395 3849.127000 4111.300598 0
396 3859.366000 4121.300598 0
397 3869.880000 4131.300598 0
398 3879.793000 4141.300598 0
399 3889.165000 4151.300598 0
400 3898.538000 4161.300598 0
401 3908.473000 4171.300598 0
402 3918.296000 4181.300598 0
403 3928.034000 4191.300598 0
404 3937.025000 4201.300598 0
405 3945.670000 4211.300598 0
406 3954.797000 4221.300598 0
407 3963.756000 4242.214875 10
408 3975.048000 4252.214875 0
409 3981.645000 4262.214875 0
410 3992.690000 4272.214875 0
411 4002.457000 4282.214875 0
412 4011.982000 4292.214875 0
413 4021.430000 4351.380497 8
414 4030.624000 4361.380497 0
415 4040.513000 4371.380497 0
416 4049.727000 4381.380497 0
417 4058.371000 4391.380497 0
418 4068.258000 4401.380497 0
419 4076.974000 4411.380497 0
420 4085.661000 4421.380497 0
421 4096.585000 4431.380497 0
422 4105.894000 4441.380497 0
423 4115.448000 4451.380497 0
424 4123.311000 4546.642556 9
425 4132.804000 4556.642556 0
426 4142.148000 4566.642556 0
427 4151.574000 4576.642556 0
428 4160.897000 4586.642556 0
429 4170.041000 4596.642556 0
430 4180.202000 4606.642556 0
431 4189.466000 4616.642556 0
432 4198.878000 4603.676861 8
433 4208.352000 4613.676861 0
434 4218.124000 4623.676861 0
435 4228.124000 4633.676861 0
436 4237.399000 4643.676861 0
437 4245.914000 4653.676861 0
438 4255.326000 4663.676861 0
439 4264.948000 4673.676861 0
440 4274.331000 4683.676861 0
441 4284.331000 4693.676861 0
442 4294.866000 4640.595359 8
443 4304.488000 4650.595359 0
444 4314.081000 4660.595359 0
445 4323.524000 4670.595359 0
446 4333.314000 4680.595359 0
447 4342.679000 4690.595359 0
448 4351.252000 4700.595359 0
449 4361.175000 4710.595359 0
450 4371.247000 4720.595359 0
451 4380.061000 4631.927604 9
452 4388.724000 4641.927604 0
453 4397.957000 4651.927604 0
454 4408.286000 4661.927604 0
455 4418.401000 4671.927604 0
456 4427.665000 4681.927604 0
457 4437.586000 4691.927604 0
458 4447.586000 4701.927604 0
459 4457.586000 4711.927604 0
460 4466.965000 4721.927604 0
461 4476.557000 4731.927604 0
462 4485.941000 4638.365887 8
463 4495.941000 4648.365887 0
464 4504.556000 4658.365887 0
465 4514.556000 4668.365887 0
466 4524.310000 4678.365887 0
467 4532.555000 4688.365887 0
468 4542.555000 4698.365887 0
469 4551.201000 4708.365887 0
470 4561.332000 4561.221523 8
471 4572.125000 4571.221523 0
472 4581.268000 4581.221523 0
473 4590.771000 4591.221523 0
474 4600.003000 4601.221523 0
475 4610.003000 4610.265524 8
476 4619.399000 4620.265524 0
477 4627.343000 4630.265524 0
478 4636.335000 4636.164478 14
479 4646.109000 4645.250434 11
480 4655.421000 4655.594349 8
481 4665.421000 4665.594349 0
