001 0.000000 0.924225 17
002 10.000000 10.924225 0
003 20.000000 20.924225 0
004 30.000000 30.924225 0
005 39.500000 40.924225 0
006 49.500000 49.103674 8
007 59.500000 59.103674 0
008 69.500000 69.103674 0
009 79.500000 79.103674 0
010 89.500000 89.487664 13
011 99.500000 100.032788 17
012 109.500000 108.419849 18
013 119.495000 118.419849 0
014 129.495000 128.419849 0
015 139.495000 139.530779 12
016 149.495000 149.202863 16
017 159.495000 158.725891 9
018 169.495000 168.725891 0
019 179.496000 178.985905 13
020 189.496000 189.381194 18
021 199.496000 199.553324 19
022 209.496000 209.397839 17
023 219.496000 217.121967 12
024 229.496000 227.121967 0
025 239.496000 241.094186 14
026 249.496000 251.094186 0
027 257.833000 261.094186 0
028 268.070000 269.119017 12
029 278.273000 276.948461 11
030 288.681000 286.948461 0
031 299.870000 299.675849 12
032 309.155000 309.675849 0
033 319.459000 319.675849 0
034 327.623000 329.675849 0
035 333.710000 339.675849 0
036 343.710000 349.675849 0
037 353.913000 359.675849 0
038 362.483000 369.675849 0
039 374.999000 379.675849 0
040 385.304000 404.359484 12
041 395.507000 398.214096 9
042 405.814000 406.219482 19
043 416.151000 416.219482 0
044 426.151000 426.219482 0
045 436.526000 436.497433 12
046 446.591000 446.497433 0
047 454.821000 456.497433 0
048 464.821000 466.497433 0
049 473.425000 476.497433 0
050 483.288000 486.497433 0
051 493.185000 493.133562 9
052 502.674000 502.478224 12
053 512.129000 512.478224 0
054 521.822000 522.478224 0
055 532.195000 532.478224 0
056 540.665000 542.478224 0
057 550.665000 552.478224 0
058 560.936000 562.478224 0
059 570.219000 569.760272 10
060 580.219000 579.760272 0
061 590.965000 622.535393 10
062 600.454000 632.535393 0
063 610.340000 642.535393 0
064 620.425000 620.762911 19
065 630.553000 631.997706 8
066 641.140000 641.997706 0
067 650.220000 651.997706 0
068 660.064000 661.997706 0
069 670.064000 671.997706 0
070 679.938000 679.753253 8
071 689.580000 689.731927 14
072 699.835000 700.259506 10
073 709.835000 710.259506 0
074 719.292000 720.259506 0
075 729.031000 730.259506 0
076 738.875000 740.259506 0
077 748.746000 749.035347 9
078 758.152000 806.037592 10
079 767.529000 816.037592 0
080 777.609000 826.037592 0
081 787.844000 794.136232 12
082 798.130000 797.817386 8
083 808.001000 807.467434 11
084 818.288000 818.114149 11
085 828.471000 828.691122 11
086 837.900000 838.691122 0
087 848.134000 848.691122 0
088 857.721000 858.691122 0
089 866.734000 868.691122 0
090 875.852000 875.171442 8
091 885.852000 885.171442 0
092 894.867000 895.171442 0
093 904.998000 905.538596 11
094 914.582000 915.538596 0
095 924.168000 925.538596 0
096 934.168000 933.282834 12
097 943.521000 943.282834 0
098 952.743000 953.282834 0
099 962.718000 963.557887 11
100 972.147000 973.557887 0
101 982.147000 983.557887 0
102 991.915000 991.211187 9
103 1002.124000 1001.211187 0
104 1012.593000 1011.211187 0
105 1022.696000 1022.773947 8
106 1032.179000 1032.773947 0
107 1041.271000 1042.100084 12
108 1051.090000 1050.188147 11
109 1061.324000 1062.639936 9
110 1071.092000 1071.185718 17
111 1081.067000 1081.185718 0
112 1090.341000 1091.185718 0
113 1100.264000 1100.070701 12
114 1110.601000 1110.070701 0
115 1120.188000 1120.070701 0
116 1129.695000 1130.070701 0
117 1139.543000 1140.070701 0
118 1148.939000 1149.008081 8
119 1159.306000 1159.008081 0
120 1168.955000 1169.008081 0
121 1178.580000 1175.692869 10
122 1188.580000 1185.692869 0
123 1198.222000 1195.692869 0
124 1208.379000 1205.692869 0
125 1218.491000 1215.692869 0
126 1228.491000 1225.692869 0
127 1237.938000 1235.692869 0
128 1248.097000 1245.692869 0
129 1257.411000 1257.811729 8
130 1267.338000 1267.811729 0
131 1277.474000 1277.845856 10
132 1287.371000 1287.845856 0
133 1295.957000 1297.845856 0
134 1306.140000 1307.845856 0
135 1316.557000 1317.845856 0
136 1325.905000 1327.845856 0
137 1336.205000 1337.845856 0
138 1346.205000 1345.428119 15
139 1355.472000 1354.758236 14
140 1365.786000 1364.758236 0
141 1375.106000 1376.144972 9
142 1384.732000 1386.144972 0
143 1394.373000 1396.144972 0
144 1403.969000 1403.888810 10
145 1413.772000 1414.771342 8
146 1423.807000 1424.771342 0
147 1432.759000 1432.337170 9
148 1442.185000 1442.337170 0
149 1452.185000 1452.391140 13
150 1461.552000 1462.391140 0
151 1469.403000 1472.391140 0
152 1481.218000 1482.391140 0
153 1491.130000 1491.524820 11
154 1501.296000 1501.524820 0
155 1511.430000 1511.524820 0
156 1521.754000 1521.524820 0
157 1531.842000 1531.524820 0
158 1540.884000 1541.524820 0
159 1551.794000 1551.524820 0
160 1561.076000 1559.947703 12
161 1570.996000 1569.947703 0
162 1580.996000 1581.233450 14
163 1590.875000 1591.233450 0
164 1600.220000 1601.233450 0
165 1609.660000 1611.233450 0
166 1616.952000 1621.233450 0
167 1627.628000 1631.233450 0
168 1638.073000 1638.745355 8
169 1647.976000 1648.745355 0
170 1659.699000 1658.745355 0
171 1669.718000 1668.745355 0
172 1680.298000 1680.395824 9
173 1690.007000 1689.713753 11
174 1700.007000 1699.713753 0
175 1710.047000 1709.713753 0
176 1719.833000 1719.713753 0
177 1729.931000 1729.713753 0
178 1740.105000 1739.713753 0
179 1750.008000 1749.713753 0
180 1759.659000 1759.713753 0
181 1768.983000 1771.306606 9
182 1778.325000 1781.306606 0
183 1786.836000 1786.676792 9
184 1796.991000 1796.676792 0
185 1806.991000 1806.987538 8
186 1817.339000 1818.729503 9
187 1826.856000 1826.554725 19
188 1836.740000 1836.554725 0
189 1847.455000 1846.554725 0
190 1858.635000 1856.554725 0
191 1868.326000 1869.021989 13
192 1878.248000 1879.021989 0
193 1887.920000 1889.021989 0
194 1897.340000 1896.156745 9
195 1905.560000 1906.156745 0
196 1915.773000 1916.156745 0
197 1925.308000 1925.594350 14
198 1935.308000 2024.290152 8
199 1945.308000 2034.290152 0
200 1955.077000 2044.290152 0
201 1964.709000 2054.290152 0
202 1974.265000 2064.290152 0
203 1984.091000 2074.290152 0
204 1994.419000 2084.290152 0
205 2003.917000 2094.290152 0
206 2014.342000 2104.290152 0
207 2024.342000 2114.290152 0
208 2034.748000 2124.290152 0
209 2044.497000 2134.290152 0
210 2052.930000 2144.290152 0
211 2063.510000 2154.290152 0
212 2073.510000 2164.290152 0
213 2083.181000 2174.290152 0
214 2092.775000 2184.290152 0
215 2102.699000 2194.290152 0
216 2113.085000 2204.290152 0
217 2122.582000 2164.225965 9
218 2132.582000 2174.225965 0
219 2142.621000 2184.225965 0
220 2152.621000 2194.225965 0
221 2162.408000 2204.225965 0
222 2171.964000 2171.129209 19
223 2181.132000 2181.129209 0
224 2192.079000 2193.145150 9
225 2201.906000 2201.354406 12
226 2212.564000 2211.354406 0
227 2222.486000 2164.632738 10
228 2231.635000 2231.332705 8
229 2240.552000 2241.332705 0
230 2248.869000 2251.332705 0
231 2259.720000 2261.332705 0
232 2269.584000 2271.332705 0
233 2279.663000 2281.332705 0
234 2289.295000 2291.332705 0
235 2299.140000 2301.332705 0
236 2308.309000 2308.251095 13
237 2318.309000 2318.251095 0
238 2328.433000 2293.383128 8
239 2338.700000 2338.425246 13
240 2348.841000 2348.425246 0
241 2357.638000 2358.425246 0
242 2367.556000 2368.425246 0
243 2377.556000 2378.425246 0
244 2387.492000 2388.425246 0
245 2397.492000 2398.425246 0
246 2407.245000 2408.384889 8
247 2416.888000 2416.454754 8
248 2426.625000 2425.807443 11
249 2436.625000 2438.194083 8
250 2446.625000 2448.194083 0
251 2455.791000 2458.194083 0
252 2465.563000 2468.194083 0
253 2475.219000 2475.004566 11
254 2484.752000 2483.223364 10
255 2494.345000 2493.223364 0
256 2503.590000 2503.223364 0
257 2513.327000 2513.223364 0
258 2522.425000 2523.223364 0
259 2532.425000 2531.736985 10
260 2542.010000 2541.736985 0
261 2551.132000 2551.445792 9
262 2560.594000 2561.445792 0
263 2569.813000 2571.445792 0
264 2579.056000 2581.445792 0
265 2588.033000 2587.512615 9
266 2597.181000 2597.512615 0
267 2607.181000 2607.512615 0
268 2616.802000 2617.512615 0
269 2625.949000 2625.589233 13
270 2635.336000 2635.589233 0
271 2645.336000 2645.589233 0
272 2654.752000 2655.589233 0
273 2664.938000 2663.444582 13
274 2673.879000 2673.444582 0
275 2684.329000 2683.444582 0
276 2693.608000 2695.699287 10
277 2703.396000 2702.747191 11
278 2712.325000 2712.747191 0
279 2723.233000 2722.747191 0
280 2733.586000 2732.747191 0
281 2743.313000 2742.747191 0
282 2753.123000 2752.747191 0
283 2760.110000 2762.956456 8
284 2770.319000 2772.956456 0
285 2780.069000 2779.655882 19
286 2790.069000 2789.655882 0
287 2800.298000 2869.258503 9
288 2810.104000 2879.258503 0
289 2819.480000 2889.258503 0
290 2829.025000 2931.115226 8
291 2839.102000 2941.115226 0
292 2849.021000 2951.115226 0
293 2858.916000 2961.115226 0
294 2869.329000 3005.033766 9
295 2877.668000 3015.033766 0
296 2887.442000 3025.033766 0
297 2897.795000 3035.033766 0
298 2907.293000 3045.033766 0
299 2917.175000 3055.033766 0
300 2926.998000 3065.033766 0
301 2935.746000 3075.033766 0
302 2945.436000 3085.033766 0
303 2955.356000 3095.033766 0
304 2964.522000 3105.033766 0
305 2974.983000 3115.033766 0
306 2985.603000 3125.033766 0
307 2995.729000 3135.033766 0
308 3006.629000 3145.033766 0
309 3014.953000 3155.033766 0
310 3024.823000 3165.033766 0
311 3034.477000 3156.211393 8
312 3043.168000 3166.211393 0
313 3051.342000 3176.211393 0
314 3061.468000 3186.211393 0
315 3071.381000 3196.211393 0
316 3080.242000 3206.211393 0
317 3090.518000 3216.211393 0
318 3099.379000 3226.211393 0
319 3109.614000 3236.211393 0
320 3119.010000 3246.211393 0
321 3128.279000 3309.585988 8
322 3137.870000 3319.585988 0
323 3146.021000 3329.585988 0
324 3155.866000 3339.585988 0
325 3165.193000 3349.585988 0
326 3174.701000 3359.585988 0
327 3184.357000 3369.585988 0
328 3194.357000 3379.585988 0
329 3204.267000 3389.585988 0
330 3213.801000 3399.585988 0
331 3224.560000 3409.585988 0
332 3234.264000 3419.585988 0
333 3244.615000 3429.585988 0
334 3253.814000 3439.585988 0
335 3263.814000 3449.585988 0
336 3273.940000 3459.585988 0
337 3283.138000 3469.585988 0
338 3294.383000 3479.585988 0
339 3302.959000 3489.585988 0
340 3312.556000 3499.585988 0
341 3323.005000 3509.585988 0
342 3334.161000 3519.585988 0
343 3344.480000 3529.585988 0
344 3354.582000 3539.585988 0
345 3364.582000 3575.170570 9
346 3374.424000 3585.170570 0
347 3384.424000 3595.170570 0
348 3394.511000 3626.650320 9
349 3404.275000 3636.650320 0
350 3414.420000 3646.650320 0
351 3423.839000 3656.650320 0
352 3434.227000 3666.650320 0
353 3443.973000 3676.650320 0
354 3454.135000 3686.650320 0
355 3463.796000 3685.411070 8
356 3473.317000 3695.411070 0
357 3483.002000 3705.411070 0
358 3491.710000 3715.411070 0
359 3501.231000 3725.411070 0
360 3511.079000 3735.411070 0
361 3520.698000 3745.411070 0
362 3530.154000 3755.411070 0
363 3539.741000 3765.411070 0
364 3549.838000 3775.411070 0
365 3559.823000 3785.411070 0
366 3571.457000 3783.925396 9
367 3581.369000 3793.925396 0
368 3590.500000 3803.925396 0
369 3600.241000 3813.925396 0
370 3610.648000 3823.925396 0
371 3620.496000 3833.925396 0
372 3631.869000 3843.962390 8
373 3640.968000 3857.410259 10
374 3651.042000 3867.410259 0
375 3660.726000 3877.410259 0
376 3667.063000 3887.410259 0
377 3675.057000 3897.410259 0
378 3686.171000 3907.410259 0
379 3694.652000 3917.410259 0
380 3705.060000 3927.410259 0
381 3715.001000 3937.410259 0
382 3725.044000 3911.972065 8
383 3733.674000 3921.972065 0
384 3743.809000 3931.972065 0
385 3753.461000 3941.972065 0
386 3763.193000 3951.972065 0
387 3772.288000 3961.972065 0
388 3781.697000 3971.972065 0
389 3791.239000 3981.972065 0
390 3799.153000 3991.972065 0
391 3809.153000 4001.972065 0
392 3818.946000 4011.972065 0
393 3828.946000 4021.972065 0
394 3839.290000 4102.342023 8
395 3849.127000 4112.342023 0
396 3859.366000 4122.342023 0
397 3869.880000 4132.342023 0
398 3879.793000 4142.342023 0
399 3889.165000 4152.342023 0
400 3898.538000 4162.342023 0
401 3908.473000 4172.342023 0
402 3918.296000 4182.342023 0
403 3928.034000 4192.342023 0
404 3937.025000 4202.342023 0
405 3945.670000 4212.342023 0
406 3954.797000 4222.342023 0
407 3963.756000 4241.668160 10
408 3975.048000 4251.668160 0
409 3981.645000 4261.668160 0
410 3992.690000 4271.668160 0
411 4002.457000 4281.668160 0
412 4011.982000 4291.668160 0
413 4021.430000 4301.668160 0
414 4030.624000 4311.668160 0
415 4040.513000 4321.668160 0
416 4049.727000 4331.668160 0
417 4058.371000 4341.668160 0
418 4068.258000 4351.668160 0
419 4076.974000 4361.668160 0
420 4085.661000 4371.668160 0
421 4096.585000 4381.668160 0
422 4105.894000 4391.668160 0
423 4115.448000 4401.668160 0
424 4123.311000 4401.257008 8
425 4132.804000 4411.257008 0
426 4142.148000 4421.257008 0
427 4151.574000 4431.257008 0
428 4160.897000 4441.257008 0
429 4170.041000 4451.257008 0
430 4180.202000 4461.257008 0
431 4189.466000 4543.646897 8
432 4198.878000 4553.646897 0
433 4208.352000 4563.646897 0
434 4218.124000 4573.646897 0
435 4228.124000 4583.646897 0
436 4237.399000 4593.646897 0
437 4245.914000 4603.646897 0
438 4255.326000 4613.646897 0
439 4264.948000 4623.646897 0
440 4274.331000 4633.646897 0
441 4284.331000 4643.646897 0
442 4294.866000 4640.954944 11
443 4304.488000 4650.954944 0
444 4314.081000 4660.954944 0
445 4323.524000 4670.954944 0
446 4333.314000 4680.954944 0
447 4342.679000 4690.954944 0
448 4351.252000 4700.954944 0
449 4361.175000 4710.954944 0
450 4371.247000 4720.954944 0
451 4380.061000 4631.754235 8
452 4388.724000 4641.754235 0
453 4397.957000 4651.754235 0
454 4408.286000 4661.754235 0
455 4418.401000 4671.754235 0
456 4427.665000 4681.754235 0
457 4437.586000 4691.754235 0
458 4447.586000 4701.754235 0
459 4457.586000 4711.754235 0
460 4466.965000 4721.754235 0
461 4476.557000 4731.754235 0
462 4485.941000 4741.754235 0
463 4495.941000 4631.810653 8
464 4504.556000 4641.810653 0
465 4514.556000 4651.810653 0
466 4524.310000 4661.810653 0
467 4532.555000 4671.810653 0
468 4542.555000 4681.810653 0
469 4551.201000 4691.810653 0
470 4561.332000 4701.810653 0
471 4572.125000 4711.810653 0
472 4581.268000 4721.810653 0
473 4590.771000 4731.810653 0
474 4600.003000 4741.810653 0
475 4610.003000 4751.810653 0
476 4619.399000 4761.810653 0
477 4627.343000 4771.810653 0
478 4636.335000 4636.167173 14
479 4646.109000 4645.252647 11
480 4655.421000 4654.789182 8
481 4665.421000 4664.789182 0
