001 0.000000 1.268959 14
002 10.000000 11.268959 0
003 20.000000 21.268959 0
004 30.000000 31.268959 0
005 39.500000 41.268959 0
006 49.500000 51.268959 0
007 59.500000 61.268959 0
008 69.500000 71.268959 0
009 79.500000 81.268959 0
010 89.500000 89.662012 12
011 99.500000 99.267562 19
012 109.500000 108.502199 17
013 119.495000 118.502199 0
014 129.495000 128.502199 0
015 139.495000 140.390039 13
016 149.495000 149.007138 17
017 159.495000 157.855796 11
018 169.495000 167.855796 0
019 179.496000 178.755507 14
020 189.496000 189.380574 19
021 199.496000 199.567901 17
022 209.496000 209.399099 16
023 219.496000 217.121967 12
024 229.496000 227.121967 0
025 239.496000 240.781741 13
026 249.496000 250.781741 0
027 257.833000 260.781741 0
028 268.070000 268.141514 11
029 278.273000 299.639047 12
030 288.681000 309.639047 0
031 299.870000 299.756987 13
032 309.155000 309.756987 0
033 319.459000 319.756987 0
034 327.623000 329.756987 0
035 333.710000 339.756987 0
036 343.710000 349.756987 0
037 353.913000 359.756987 0
038 362.483000 369.756987 0
039 374.999000 379.756987 0
040 385.304000 403.797787 11
041 395.507000 398.154497 10
042 405.814000 406.130846 18
043 416.151000 416.130846 0
044 426.151000 426.130846 0
045 436.526000 437.024173 15
046 446.591000 447.024173 0
047 454.821000 454.358655 8
048 464.821000 464.358655 0
049 473.425000 474.358655 0
050 483.288000 484.358655 0
051 493.185000 493.804297 9
052 502.674000 502.478224 12
053 512.129000 512.478224 0
054 521.822000 522.478224 0
055 532.195000 532.478224 0
056 540.665000 542.478224 0
057 550.665000 552.478224 0
058 560.936000 562.478224 0
059 570.219000 570.425590 12
060 580.219000 580.425590 0
061 590.965000 590.425590 0
062 600.454000 600.425590 0
063 610.340000 610.425590 0
064 620.425000 620.778136 18
065 630.553000 630.778136 0
066 641.140000 640.778136 0
067 650.220000 650.778136 0
068 660.064000 660.778136 0
069 670.064000 670.778136 0
070 679.938000 680.778136 0
071 689.580000 689.944024 16
072 699.835000 700.259506 10
073 709.835000 710.259506 0
074 719.292000 720.259506 0
075 729.031000 730.259506 0
076 738.875000 740.259506 0
077 748.746000 749.054498 8
078 758.152000 805.981968 9
079 767.529000 815.981968 0
080 777.609000 825.981968 0
081 787.844000 795.871443 9
082 798.130000 800.099396 8
083 808.001000 806.659358 15
084 818.288000 817.979662 11
085 828.471000 827.979662 0
086 837.900000 837.979662 0
087 848.134000 847.979662 0
088 857.721000 857.979662 0
089 866.734000 867.979662 0
090 875.852000 876.054508 9
091 885.852000 886.054508 0
092 894.867000 896.054508 0
093 904.998000 904.506885 10
094 914.582000 914.506885 0
095 924.168000 924.812183 9
096 934.168000 933.344024 13
097 943.521000 943.344024 0
098 952.743000 953.344024 0
099 962.718000 962.642820 9
100 972.147000 972.642820 0
101 982.147000 982.642820 0
102 991.915000 991.205953 9
103 1002.124000 1001.205953 0
104 1012.593000 1011.205953 0
105 1022.696000 1021.205953 0
106 1032.179000 1031.205953 0
107 1041.271000 1041.225689 13
108 1051.090000 1050.585916 8
109 1061.324000 1062.639936 9
110 1071.092000 1071.199587 14
111 1081.067000 1081.199587 0
112 1090.341000 1091.199587 0
113 1100.264000 1100.373447 9
114 1110.601000 1110.373447 0
115 1120.188000 1120.373447 0
116 1129.695000 1130.373447 0
117 1139.543000 1139.528013 12
118 1148.939000 1148.894793 12
119 1159.306000 1158.894793 0
120 1168.955000 1168.894793 0
121 1178.580000 1178.894793 0
122 1188.580000 1188.894793 0
123 1198.222000 1198.894793 0
124 1208.379000 1208.894793 0
125 1218.491000 1218.894793 0
126 1228.491000 1228.894793 0
127 1237.938000 1239.395275 10
128 1248.097000 1249.395275 0
129 1257.411000 1257.811729 8
130 1267.338000 1267.811729 0
131 1277.474000 1277.818189 10
132 1287.371000 1287.818189 0
133 1295.957000 1297.818189 0
134 1306.140000 1307.818189 0
135 1316.557000 1317.818189 0
136 1325.905000 1327.300482 12
137 1336.205000 1335.976017 9
138 1346.205000 1345.962817 14
139 1355.472000 1354.190149 14
140 1365.786000 1364.190149 0
141 1375.106000 1377.067975 13
142 1384.732000 1387.067975 0
143 1394.373000 1397.067975 0
144 1403.969000 1403.887418 9
145 1413.772000 1413.171195 10
146 1423.807000 1423.171195 0
147 1432.759000 1433.171195 0
148 1442.185000 1443.171195 0
149 1452.185000 1452.495826 12
150 1461.552000 1462.495826 0
151 1469.403000 1472.495826 0
152 1481.218000 1482.495826 0
153 1491.130000 1491.999896 10
154 1501.296000 1501.999896 0
155 1511.430000 1511.999896 0
156 1521.754000 1521.999896 0
157 1531.842000 1531.999896 0
158 1540.884000 1541.999896 0
159 1551.794000 1551.999896 0
160 1561.076000 1561.999896 0
161 1570.996000 1571.999896 0
162 1580.996000 1581.237439 12
163 1590.875000 1591.237439 0
164 1600.220000 1601.237439 0
165 1609.660000 1611.237439 0
166 1616.952000 1621.237439 0
167 1627.628000 1631.237439 0
168 1638.073000 1641.237439 0
169 1647.976000 1651.237439 0
170 1659.699000 1661.237439 0
171 1669.718000 1670.781398 10
172 1680.298000 1680.781398 0
173 1690.007000 1689.719205 10
174 1700.007000 1699.719205 0
175 1710.047000 1709.719205 0
176 1719.833000 1719.719205 0
177 1729.931000 1729.719205 0
178 1740.105000 1739.719205 0
179 1750.008000 1749.719205 0
180 1759.659000 1759.719205 0
181 1768.983000 1770.639868 9
182 1778.325000 1780.639868 0
183 1786.836000 1785.835340 9
184 1796.991000 1795.835340 0
185 1806.991000 1806.987538 8
186 1817.339000 1818.729503 9
187 1826.856000 1826.588677 21
188 1836.740000 1836.588677 0
189 1847.455000 1846.588677 0
190 1858.635000 1856.588677 0
191 1868.326000 1868.648038 13
192 1878.248000 1878.648038 0
193 1887.920000 1888.648038 0
194 1897.340000 1896.156745 9
195 1905.560000 1906.156745 0
196 1915.773000 1916.156745 0
197 1925.308000 1925.585647 12
198 1935.308000 1935.585647 0
199 1945.308000 1945.585647 0
200 1955.077000 1955.585647 0
201 1964.709000 1964.211094 9
202 1974.265000 1974.211094 0
203 1984.091000 1984.211094 0
204 1994.419000 1994.211094 0
205 2003.917000 2002.873328 8
206 2014.342000 2012.873328 0
207 2024.342000 2024.072838 11
208 2034.748000 2034.072838 0
209 2044.497000 2044.072838 0
210 2052.930000 2054.072838 0
211 2063.510000 2064.072838 0
212 2073.510000 2072.975443 8
213 2083.181000 2083.609726 8
214 2092.775000 2093.609726 0
215 2102.699000 2072.363732 8
216 2113.085000 2082.363732 0
217 2122.582000 2120.667383 13
218 2132.582000 2130.667383 0
219 2142.621000 2140.667383 0
220 2152.621000 2150.667383 0
221 2162.408000 2163.479161 8
222 2171.964000 2170.881811 19
223 2181.132000 2262.985703 8
224 2192.079000 2272.985703 0
225 2201.906000 2282.985703 0
226 2212.564000 2292.985703 0
227 2222.486000 2302.985703 0
228 2231.635000 2312.985703 0
229 2240.552000 2322.985703 0
230 2248.869000 2332.985703 0
231 2259.720000 2342.985703 0
232 2269.584000 2352.985703 0
233 2279.663000 2362.985703 0
234 2289.295000 2372.985703 0
235 2299.140000 2382.985703 0
236 2308.309000 2392.985703 0
237 2318.309000 2402.985703 0
238 2328.433000 2412.985703 0
239 2338.700000 2422.985703 0
240 2348.841000 2432.985703 0
241 2357.638000 2442.985703 0
242 2367.556000 2452.985703 0
243 2377.556000 2462.985703 0
244 2387.492000 2472.985703 0
245 2397.492000 2482.985703 0
246 2407.245000 2492.985703 0
247 2416.888000 2502.985703 0
248 2426.625000 2512.985703 0
249 2436.625000 2522.985703 0
250 2446.625000 2532.985703 0
251 2455.791000 2556.487218 8
252 2465.563000 2566.487218 0
253 2475.219000 2576.487218 0
254 2484.752000 2586.487218 0
255 2494.345000 2596.487218 0
256 2503.590000 2606.487218 0
257 2513.327000 2616.487218 0
258 2522.425000 2626.487218 0
259 2532.425000 2636.487218 0
260 2542.010000 2646.487218 0
261 2551.132000 2656.487218 0
262 2560.594000 2666.487218 0
263 2569.813000 2676.487218 0
264 2579.056000 2686.487218 0
265 2588.033000 2696.487218 0
266 2597.181000 2706.487218 0
267 2607.181000 2716.487218 0
268 2616.802000 2726.487218 0
269 2625.949000 2736.487218 0
270 2635.336000 2746.487218 0
271 2645.336000 2756.487218 0
272 2654.752000 2766.487218 0
273 2664.938000 2776.487218 0
274 2673.879000 2786.487218 0
275 2684.329000 2796.487218 0
276 2693.608000 2806.487218 0
277 2703.396000 2816.487218 0
278 2712.325000 2826.487218 0
279 2723.233000 2836.487218 0
280 2733.586000 2846.487218 0
281 2743.313000 2856.487218 0
282 2753.123000 2866.487218 0
283 2760.110000 2876.487218 0
284 2770.319000 2886.487218 0
285 2780.069000 2896.487218 0
286 2790.069000 2906.487218 0
287 2800.298000 2916.487218 0
288 2810.104000 2926.487218 0
289 2819.480000 2936.487218 0
290 2829.025000 2930.804816 10
291 2839.102000 2940.804816 0
292 2849.021000 2950.804816 0
293 2858.916000 2960.804816 0
294 2869.329000 3005.962568 8
295 2877.668000 3015.962568 0
296 2887.442000 3025.962568 0
297 2897.795000 3035.962568 0
298 2907.293000 3045.962568 0
299 2917.175000 3055.962568 0
300 2926.998000 3065.962568 0
301 2935.746000 3075.962568 0
302 2945.436000 3085.962568 0
303 2955.356000 3095.962568 0
304 2964.522000 3105.962568 0
305 2974.983000 3115.962568 0
306 2985.603000 3125.962568 0
307 2995.729000 3135.962568 0
308 3006.629000 3145.962568 0
309 3014.953000 3155.962568 0
310 3024.823000 3165.962568 0
311 3034.477000 3175.962568 0
312 3043.168000 3185.962568 0
313 3051.342000 3195.962568 0
314 3061.468000 3205.962568 0
315 3071.381000 3221.121205 8
316 3080.242000 3231.121205 0
317 3090.518000 3241.121205 0
318 3099.379000 3251.121205 0
319 3109.614000 3261.121205 0
320 3119.010000 3271.121205 0
321 3128.279000 3309.383739 9
322 3137.870000 3319.383739 0
323 3146.021000 3329.383739 0
324 3155.866000 3339.383739 0
325 3165.193000 3349.383739 0
326 3174.701000 3359.383739 0
327 3184.357000 3369.383739 0
328 3194.357000 3379.383739 0
329 3204.267000 3389.383739 0
330 3213.801000 3399.383739 0
331 3224.560000 3409.383739 0
332 3234.264000 3419.383739 0
333 3244.615000 3429.383739 0
334 3253.814000 3439.383739 0
335 3263.814000 3449.383739 0
336 3273.940000 3459.383739 0
337 3283.138000 3469.383739 0
338 3294.383000 3479.383739 0
339 3302.959000 3489.383739 0
340 3312.556000 3499.383739 0
341 3323.005000 3509.383739 0
342 3334.161000 3519.383739 0
343 3344.480000 3529.383739 0
344 3354.582000 3539.383739 0
345 3364.582000 3575.104617 9
346 3374.424000 3585.104617 0
347 3384.424000 3595.104617 0
348 3394.511000 3625.826465 8
349 3404.275000 3635.826465 0
350 3414.420000 3645.826465 0
351 3423.839000 3655.826465 0
352 3434.227000 3665.826465 0
353 3443.973000 3675.826465 0
354 3454.135000 3685.826465 0
355 3463.796000 3695.826465 0
356 3473.317000 3705.826465 0
357 3483.002000 3715.826465 0
358 3491.710000 3725.826465 0
359 3501.231000 3735.826465 0
360 3511.079000 3745.826465 0
361 3520.698000 3755.826465 0
362 3530.154000 3765.826465 0
363 3539.741000 3775.826465 0
364 3549.838000 3785.826465 0
365 3559.823000 3795.826465 0
366 3571.457000 3784.002172 8
367 3581.369000 3794.002172 0
368 3590.500000 3804.002172 0
369 3600.241000 3814.002172 0
370 3610.648000 3824.002172 0
371 3620.496000 3834.002172 0
372 3631.869000 3844.002172 0
373 3640.968000 3858.097250 9
374 3651.042000 3868.097250 0
375 3660.726000 3878.097250 0
376 3667.063000 3888.097250 0
377 3675.057000 3898.097250 0
378 3686.171000 3908.097250 0
379 3694.652000 3918.097250 0
380 3705.060000 3928.097250 0
381 3715.001000 3938.097250 0
382 3725.044000 3948.097250 0
383 3733.674000 3958.097250 0
384 3743.809000 3968.097250 0
385 3753.461000 3978.097250 0
386 3763.193000 3988.097250 0
387 3772.288000 3998.097250 0
388 3781.697000 4008.097250 0
389 3791.239000 4018.097250 0
390 3799.153000 4028.097250 0
391 3809.153000 4038.097250 0
392 3818.946000 4048.097250 0
393 3828.946000 4058.097250 0
394 3839.290000 4068.097250 0
395 3849.127000 4078.097250 0
396 3859.366000 4088.097250 0
397 3869.880000 4098.097250 0
398 3879.793000 4108.097250 0
399 3889.165000 4118.097250 0
400 3898.538000 4116.985512 8
401 3908.473000 4126.985512 0
402 3918.296000 4136.985512 0
403 3928.034000 4119.770221 8
404 3937.025000 4129.770221 0
405 3945.670000 4139.770221 0
406 3954.797000 4149.770221 0
407 3963.756000 4159.770221 0
408 3975.048000 4169.770221 0
409 3981.645000 4179.770221 0
410 3992.690000 4189.770221 0
411 4002.457000 4199.770221 0
412 4011.982000 4209.770221 0
413 4021.430000 4219.770221 0
414 4030.624000 4229.770221 0
415 4040.513000 4239.770221 0
416 4049.727000 4249.770221 0
417 4058.371000 4259.770221 0
418 4068.258000 4269.770221 0
419 4076.974000 4279.770221 0
420 4085.661000 4289.770221 0
421 4096.585000 4341.265515 9
422 4105.894000 4351.265515 0
423 4115.448000 4361.265515 0
424 4123.311000 4371.265515 0
425 4132.804000 4381.265515 0
426 4142.148000 4391.265515 0
427 4151.574000 4401.265515 0
428 4160.897000 4411.265515 0
429 4170.041000 4421.265515 0
430 4180.202000 4431.265515 0
431 4189.466000 4441.265515 0
432 4198.878000 4451.265515 0
433 4208.352000 4461.265515 0
434 4218.124000 4471.265515 0
435 4228.124000 4481.265515 0
436 4237.399000 4491.265515 0
437 4245.914000 4501.265515 0
438 4255.326000 4511.265515 0
439 4264.948000 4521.265515 0
440 4274.331000 4531.265515 0
441 4284.331000 4541.265515 0
442 4294.866000 4541.389819 9
443 4304.488000 4551.389819 0
444 4314.081000 4561.389819 0
445 4323.524000 4571.389819 0
446 4333.314000 4581.389819 0
447 4342.679000 4591.389819 0
448 4351.252000 4601.389819 0
449 4361.175000 4611.389819 0
450 4371.247000 4621.389819 0
451 4380.061000 4631.389819 0
452 4388.724000 4641.389819 0
453 4397.957000 4651.389819 0
454 4408.286000 4661.389819 0
455 4418.401000 4671.389819 0
456 4427.665000 4681.389819 0
457 4437.586000 4656.258589 8
458 4447.586000 4666.258589 0
459 4457.586000 4676.258589 0
460 4466.965000 4686.258589 0
461 4476.557000 4696.258589 0
462 4485.941000 4706.258589 0
463 4495.941000 4716.258589 0
464 4504.556000 4726.258589 0
465 4514.556000 4736.258589 0
466 4524.310000 4746.258589 0
467 4532.555000 4756.258589 0
468 4542.555000 4766.258589 0
469 4551.201000 4776.258589 0
470 4561.332000 4561.239877 10
471 4572.125000 4571.239877 0
472 4581.268000 4581.239877 0
473 4590.771000 4591.239877 0
474 4600.003000 4601.239877 0
475 4610.003000 4640.846536 10
476 4619.399000 4650.846536 0
477 4627.343000 4660.846536 0
478 4636.335000 4636.603863 14
479 4646.109000 4645.907434 10
480 4655.421000 4655.527144 9
481 4665.421000 4665.527144 0
