001 0.000000 0.422252 24
002 10.000000 9.877072 10
003 20.000000 19.877072 0
004 30.000000 72.812446 9
005 39.500000 82.812446 0
006 49.500000 92.812446 0
007 59.500000 102.812446 0
008 69.500000 69.256962 16
009 79.500000 79.256962 0
010 89.500000 89.206446 20
011 99.500000 99.216178 18
012 109.500000 109.429627 27
013 119.495000 119.711276 17
014 129.495000 128.989274 20
015 139.495000 139.144057 22
016 149.495000 149.056376 24
017 159.495000 159.401864 33
018 169.495000 169.401864 0
019 179.496000 179.723484 20
020 189.496000 189.724409 32
021 199.496000 199.558405 31
022 209.496000 209.503354 27
023 219.496000 219.369600 15
024 229.496000 230.389741 12
025 239.496000 240.292956 17
026 249.496000 250.292956 0
027 257.833000 257.249300 11
028 268.070000 269.070133 9
029 278.273000 270.801946 10
030 288.681000 286.627702 9
031 299.870000 299.370474 10
032 309.155000 309.370474 0
033 319.459000 319.370474 0
034 327.623000 329.370474 0
035 333.710000 339.370474 0
036 343.710000 349.370474 0
037 353.913000 359.370474 0
038 362.483000 369.370474 0
039 374.999000 379.370474 0
040 385.304000 385.181105 9
041 395.507000 389.194063 15
042 405.814000 405.999197 19
043 416.151000 415.999197 0
044 426.151000 425.999197 0
045 436.526000 436.535169 20
046 446.591000 446.535169 0
047 454.821000 455.474732 15
048 464.821000 465.474732 0
049 473.425000 475.474732 0
050 483.288000 484.729839 9
051 493.185000 494.729839 0
052 502.674000 501.750639 11
053 512.129000 511.750639 0
054 521.822000 521.750639 0
055 532.195000 531.750639 0
056 540.665000 541.750639 0
057 550.665000 551.750639 0
058 560.936000 561.750639 0
059 570.219000 571.750639 0
060 580.219000 579.306805 9
061 590.965000 589.306805 0
062 600.454000 600.166084 8
063 610.340000 611.772861 10
064 620.425000 620.926186 18
065 630.553000 631.343913 8
066 641.140000 641.343913 0
067 650.220000 651.343913 0
068 660.064000 660.067078 14
069 670.064000 670.067078 0
070 679.938000 678.749992 8
071 689.580000 690.141796 15
072 699.835000 700.141796 0
073 709.835000 710.141796 0
074 719.292000 720.141796 0
075 729.031000 730.141796 0
076 738.875000 740.141796 0
077 748.746000 750.141796 0
078 758.152000 757.257659 14
079 767.529000 767.203655 8
080 777.609000 777.203655 0
081 787.844000 790.369377 9
082 798.130000 797.649037 13
083 808.001000 808.716442 10
084 818.288000 818.716442 0
085 828.471000 829.106578 16
086 837.900000 839.106578 0
087 848.134000 848.196700 8
088 857.721000 857.239764 9
089 866.734000 867.239764 0
090 875.852000 875.996962 13
091 885.852000 885.996962 0
092 894.867000 895.996962 0
093 904.998000 905.996962 0
094 914.582000 914.538706 9
095 924.168000 924.165089 10
096 934.168000 934.476989 10
097 943.521000 944.476989 0
098 952.743000 954.476989 0
099 962.718000 964.476989 0
100 972.147000 972.317855 9
101 982.147000 981.998453 14
102 991.915000 992.321845 12
103 1002.124000 1000.859265 12
104 1012.593000 1010.859265 0
105 1022.696000 1022.563749 8
106 1032.179000 1032.563749 0
107 1041.271000 1041.870339 20
108 1051.090000 1051.364213 17
109 1061.324000 1061.364213 0
110 1071.092000 1071.381559 9
111 1081.067000 1081.381559 0
112 1090.341000 1091.665664 8
113 1100.264000 1101.665664 0
114 1110.601000 1109.629300 12
115 1120.188000 1119.629300 0
116 1129.695000 1129.629300 0
117 1139.543000 1139.629300 0
118 1148.939000 1149.471318 14
119 1159.306000 1159.471318 0
120 1168.955000 1169.471318 0
121 1178.580000 1177.769058 9
122 1188.580000 1187.769058 0
123 1198.222000 1197.769058 0
124 1208.379000 1210.019600 8
125 1218.491000 1220.019600 0
126 1228.491000 1227.558305 8
127 1237.938000 1237.558305 0
128 1248.097000 1247.558305 0
129 1257.411000 1259.304216 12
130 1267.338000 1269.304216 0
131 1277.474000 1276.811178 15
132 1287.371000 1286.811178 0
133 1295.957000 1296.811178 0
134 1306.140000 1306.811178 0
135 1316.557000 1316.624069 8
136 1325.905000 1326.624069 0
137 1336.205000 1335.528531 14
138 1346.205000 1346.029289 14
139 1355.472000 1355.684492 9
140 1365.786000 1365.684492 0
141 1375.106000 1375.684492 0
142 1384.732000 1385.684492 0
143 1394.373000 1394.438759 15
144 1403.969000 1404.535765 27
145 1413.772000 1448.771511 8
146 1423.807000 1458.771511 0
147 1432.759000 1468.771511 0
148 1442.185000 1478.771511 0
149 1452.185000 1452.096174 25
150 1461.552000 1462.096174 0
151 1469.403000 1472.096174 0
152 1481.218000 1482.096174 0
153 1491.130000 1491.935235 10
154 1501.296000 1501.935235 0
155 1511.430000 1511.935235 0
156 1521.754000 1521.935235 0
157 1531.842000 1531.935235 0
158 1540.884000 1541.935235 0
159 1551.794000 1550.632396 13
160 1561.076000 1561.399531 15
161 1570.996000 1570.602444 8
162 1580.996000 1582.247881 15
163 1590.875000 1592.247881 0
164 1600.220000 1602.247881 0
165 1609.660000 1612.247881 0
166 1616.952000 1620.481122 10
167 1627.628000 1625.210720 8
168 1638.073000 1638.096960 11
169 1647.976000 1648.096960 0
170 1659.699000 1658.096960 0
171 1669.718000 1669.638634 9
172 1680.298000 1679.638634 0
173 1690.007000 1690.741443 13
174 1700.007000 1701.109435 18
175 1710.047000 1711.109435 0
176 1719.833000 1721.109435 0
177 1729.931000 1731.109435 0
178 1740.105000 1740.847502 13
179 1750.008000 1749.834517 15
180 1759.659000 1761.490142 9
181 1768.983000 1771.490142 0
182 1778.325000 1777.450801 14
183 1786.836000 1787.450801 0
184 1796.991000 1797.450801 0
185 1806.991000 1807.815005 11
186 1817.339000 1817.815005 0
187 1826.856000 1827.010443 27
188 1836.740000 1836.772455 8
189 1847.455000 1846.772455 0
190 1858.635000 1856.772455 0
191 1868.326000 1866.772455 0
192 1878.248000 1878.714383 9
193 1887.920000 1886.274169 10
194 1897.340000 1896.274169 0
195 1905.560000 1906.274169 0
196 1915.773000 1917.698357 11
197 1925.308000 1925.598910 19
198 1935.308000 1935.598910 0
199 1945.308000 1946.708986 10
200 1955.077000 2020.204661 10
201 1964.709000 2030.204661 0
202 1974.265000 2040.204661 0
203 1984.091000 2050.204661 0
204 1994.419000 2060.204661 0
205 2003.917000 2070.204661 0
206 2014.342000 2080.204661 0
207 2024.342000 2090.204661 0
208 2034.748000 2100.204661 0
209 2044.497000 2110.204661 0
210 2052.930000 2120.204661 0
211 2063.510000 2130.204661 0
212 2073.510000 2163.619674 12
213 2083.181000 2173.619674 0
214 2092.775000 2183.619674 0
215 2102.699000 2193.619674 0
216 2113.085000 2203.619674 0
217 2122.582000 2213.619674 0
218 2132.582000 2223.619674 0
219 2142.621000 2233.619674 0
220 2152.621000 2243.619674 0
221 2162.408000 2253.619674 0
222 2171.964000 2293.254790 8
223 2181.132000 2303.254790 0
224 2192.079000 2313.254790 0
225 2201.906000 2323.254790 0
226 2212.564000 2333.254790 0
227 2222.486000 2343.254790 0
228 2231.635000 2353.254790 0
229 2240.552000 2363.254790 0
230 2248.869000 2373.254790 0
231 2259.720000 2383.254790 0
232 2269.584000 2393.254790 0
233 2279.663000 2403.254790 0
234 2289.295000 2413.254790 0
235 2299.140000 2423.254790 0
236 2308.309000 2433.254790 0
237 2318.309000 2443.254790 0
238 2328.433000 2453.254790 0
239 2338.700000 2463.254790 0
240 2348.841000 2473.254790 0
241 2357.638000 2483.254790 0
242 2367.556000 2493.254790 0
243 2377.556000 2503.254790 0
244 2387.492000 2513.254790 0
245 2397.492000 2523.254790 0
246 2407.245000 2533.254790 0
247 2416.888000 2543.254790 0
248 2426.625000 2553.254790 0
249 2436.625000 2563.254790 0
250 2446.625000 2573.254790 0
251 2455.791000 2583.254790 0
252 2465.563000 2593.254790 0
253 2475.219000 2659.320774 9
254 2484.752000 2669.320774 0
255 2494.345000 2679.320774 0
256 2503.590000 2689.320774 0
257 2513.327000 2699.320774 0
258 2522.425000 2709.320774 0
259 2532.425000 2719.320774 0
260 2542.010000 2729.320774 0
261 2551.132000 2739.320774 0
262 2560.594000 2749.320774 0
263 2569.813000 2759.320774 0
264 2579.056000 2769.320774 0
265 2588.033000 2779.320774 0
266 2597.181000 2789.320774 0
267 2607.181000 2799.320774 0
268 2616.802000 2809.320774 0
269 2625.949000 2819.320774 0
270 2635.336000 2829.320774 0
271 2645.336000 2839.320774 0
272 2654.752000 2849.320774 0
273 2664.938000 2859.320774 0
274 2673.879000 2858.778382 8
275 2684.329000 2868.778382 0
276 2693.608000 2878.778382 0
277 2703.396000 2888.778382 0
278 2712.325000 2898.778382 0
279 2723.233000 2908.778382 0
280 2733.586000 2918.778382 0
281 2743.313000 2928.778382 0
282 2753.123000 2938.778382 0
283 2760.110000 2948.778382 0
284 2770.319000 2958.778382 0
285 2780.069000 2968.778382 0
286 2790.069000 2978.778382 0
287 2800.298000 2988.778382 0
288 2810.104000 2998.778382 0
289 2819.480000 3008.778382 0
290 2829.025000 3018.778382 0
291 2839.102000 3028.778382 0
292 2849.021000 3038.778382 0
293 2858.916000 3048.778382 0
294 2869.329000 3058.778382 0
295 2877.668000 3068.778382 0
296 2887.442000 3078.778382 0
297 2897.795000 3088.778382 0
298 2907.293000 3098.778382 0
299 2917.175000 3108.778382 0
300 2926.998000 3118.778382 0
301 2935.746000 3128.778382 0
302 2945.436000 3138.778382 0
303 2955.356000 3148.778382 0
304 2964.522000 3158.778382 0
305 2974.983000 3168.778382 0
306 2985.603000 3178.778382 0
307 2995.729000 3188.778382 0
308 3006.629000 3198.778382 0
309 3014.953000 3208.778382 0
310 3024.823000 3218.778382 0
311 3034.477000 3228.778382 0
312 3043.168000 3238.778382 0
313 3051.342000 3248.778382 0
314 3061.468000 3258.778382 0
315 3071.381000 3268.778382 0
316 3080.242000 3278.778382 0
317 3090.518000 3288.778382 0
318 3099.379000 3298.778382 0
319 3109.614000 3308.778382 0
320 3119.010000 3318.778382 0
321 3128.279000 3328.778382 0
322 3137.870000 3308.263081 12
323 3146.021000 3318.263081 0
324 3155.866000 3328.263081 0
325 3165.193000 3338.263081 0
326 3174.701000 3348.263081 0
327 3184.357000 3358.263081 0
328 3194.357000 3368.263081 0
329 3204.267000 3378.263081 0
330 3213.801000 3388.263081 0
331 3224.560000 3368.510567 8
332 3234.264000 3378.510567 0
333 3244.615000 3388.510567 0
334 3253.814000 3366.974502 8
335 3263.814000 3376.974502 0
336 3273.940000 3386.974502 0
337 3283.138000 3396.974502 0
338 3294.383000 3406.974502 0
339 3302.959000 3416.974502 0
340 3312.556000 3426.974502 0
341 3323.005000 3436.974502 0
342 3334.161000 3446.974502 0
343 3344.480000 3456.974502 0
344 3354.582000 3466.974502 0
345 3364.582000 3476.974502 0
346 3374.424000 3486.974502 0
347 3384.424000 3496.974502 0
348 3394.511000 3506.974502 0
349 3404.275000 3516.974502 0
350 3414.420000 3526.974502 0
351 3423.839000 3536.974502 0
352 3434.227000 3546.974502 0
353 3443.973000 3556.974502 0
354 3454.135000 3566.974502 0
355 3463.796000 3576.974502 0
356 3473.317000 3586.974502 0
357 3483.002000 3596.974502 0
358 3491.710000 3606.974502 0
359 3501.231000 3616.974502 0
360 3511.079000 3626.974502 0
361 3520.698000 3636.974502 0
362 3530.154000 3646.974502 0
363 3539.741000 3656.974502 0
364 3549.838000 3686.681492 8
365 3559.823000 3696.681492 0
366 3571.457000 3706.681492 0
367 3581.369000 3745.743344 8
368 3590.500000 3755.743344 0
369 3600.241000 3765.743344 0
370 3610.648000 3775.743344 0
371 3620.496000 3785.743344 0
372 3631.869000 3795.743344 0
373 3640.968000 3805.743344 0
374 3651.042000 3815.743344 0
375 3660.726000 3825.743344 0
376 3667.063000 3835.743344 0
377 3675.057000 3845.743344 0
378 3686.171000 3855.743344 0
379 3694.652000 3865.743344 0
380 3705.060000 3875.743344 0
381 3715.001000 3885.743344 0
382 3725.044000 3895.743344 0
383 3733.674000 3905.743344 0
384 3743.809000 3915.743344 0
385 3753.461000 3935.265340 8
386 3763.193000 3945.265340 0
387 3772.288000 3955.265340 0
388 3781.697000 3965.265340 0
389 3791.239000 4070.588480 12
390 3799.153000 4080.588480 0
391 3809.153000 4090.588480 0
392 3818.946000 4100.588480 0
393 3828.946000 4110.588480 0
394 3839.290000 4120.588480 0
395 3849.127000 4130.588480 0
396 3859.366000 4140.588480 0
397 3869.880000 4150.588480 0
398 3879.793000 4160.588480 0
399 3889.165000 4170.588480 0
400 3898.538000 4180.588480 0
401 3908.473000 4190.588480 0
402 3918.296000 4200.588480 0
403 3928.034000 4210.588480 0
404 3937.025000 4220.588480 0
405 3945.670000 4230.588480 0
406 3954.797000 4240.588480 0
407 3963.756000 4250.588480 0
408 3975.048000 4309.868342 8
409 3981.645000 4319.868342 0
410 3992.690000 4329.868342 0
411 4002.457000 4339.868342 0
412 4011.982000 4349.868342 0
413 4021.430000 4359.868342 0
414 4030.624000 4369.868342 0
415 4040.513000 4379.868342 0
416 4049.727000 4389.868342 0
417 4058.371000 4399.868342 0
418 4068.258000 4409.868342 0
419 4076.974000 4419.868342 0
420 4085.661000 4429.868342 0
421 4096.585000 4439.868342 0
422 4105.894000 4449.868342 0
423 4115.448000 4459.868342 0
424 4123.311000 4457.444110 8
425 4132.804000 4467.444110 0
426 4142.148000 4477.444110 0
427 4151.574000 4487.444110 0
428 4160.897000 4497.444110 0
429 4170.041000 4507.444110 0
430 4180.202000 4517.444110 0
431 4189.466000 4527.444110 0
432 4198.878000 4537.444110 0
433 4208.352000 4547.444110 0
434 4218.124000 4557.444110 0
435 4228.124000 4567.444110 0
436 4237.399000 4577.444110 0
437 4245.914000 4635.939442 10
438 4255.326000 4645.939442 0
439 4264.948000 4655.939442 0
440 4274.331000 4635.051966 9
441 4284.331000 4645.051966 0
442 4294.866000 4655.051966 0
443 4304.488000 4665.051966 0
444 4314.081000 4675.051966 0
445 4323.524000 4685.051966 0
446 4333.314000 4695.051966 0
447 4342.679000 4705.051966 0
448 4351.252000 4715.051966 0
449 4361.175000 4725.051966 0
450 4371.247000 4735.051966 0
451 4380.061000 4745.051966 0
452 4388.724000 4755.051966 0
453 4397.957000 4765.051966 0
454 4408.286000 4775.051966 0
455 4418.401000 4785.051966 0
456 4427.665000 4795.051966 0
457 4437.586000 4805.051966 0
458 4447.586000 4815.051966 0
459 4457.586000 4825.051966 0
460 4466.965000 4605.252437 9
461 4476.557000 4615.252437 0
462 4485.941000 4625.252437 0
463 4495.941000 4632.402013 8
464 4504.556000 4642.402013 0
465 4514.556000 4652.402013 0
466 4524.310000 4662.402013 0
467 4532.555000 4672.402013 0
468 4542.555000 4682.402013 0
469 4551.201000 4692.402013 0
470 4561.332000 4563.489938 8
471 4572.125000 4573.489938 0
472 4581.268000 4583.489938 0
473 4590.771000 4590.477815 8
474 4600.003000 4600.477815 0
475 4610.003000 4608.292552 14
476 4619.399000 4618.292552 0
477 4627.343000 4628.292552 0
478 4636.335000 4635.479030 17
479 4646.109000 4646.328271 15
480 4655.421000 4654.766299 9
481 4665.421000 4664.766299 0
