001 0.000000 1.039286 21
002 10.000000 11.039286 0
003 20.000000 21.039286 0
004 28.072000 31.039286 0
005 38.058000 59.998506 8
006 48.059000 48.652304 15
007 58.056000 58.239793 10
008 68.056000 68.056199 13
009 78.056000 77.934100 9
010 88.056000 87.990325 16
011 98.056000 97.669456 18
012 108.056000 103.478347 13
013 118.056000 118.354087 11
014 128.056000 127.955325 19
015 138.056000 138.632334 21
016 148.056000 148.034026 32
017 158.056000 157.657421 14
018 168.056000 167.657421 0
019 178.056000 179.263232 17
020 188.056000 187.967270 28
021 198.056000 198.357659 21
022 208.056000 208.157492 25
023 218.056000 214.219831 8
024 228.056000 224.219831 0
025 238.056000 238.926263 15
026 248.056000 248.926263 0
027 258.311000 299.652763 11
028 268.392000 269.700374 11
029 278.457000 275.312819 14
030 288.680000 285.312819 0
031 299.265000 300.023299 18
032 309.265000 310.023299 0
033 319.460000 320.023299 0
034 329.886000 330.023299 0
035 331.489000 340.023299 0
036 341.050000 350.023299 0
037 352.269000 360.023299 0
038 362.269000 370.023299 0
039 372.483000 380.023299 0
040 382.483000 441.870284 10
041 392.844000 393.779102 12
042 403.556000 403.779102 0
043 414.326000 400.405808 9
044 424.449000 424.092868 8
045 434.768000 434.710600 9
046 444.768000 444.710600 0
047 452.651000 454.710600 0
048 462.775000 464.710600 0
049 472.194000 474.710600 0
050 482.194000 481.521638 9
051 491.877000 494.274719 12
052 501.624000 501.229527 8
053 511.427000 510.884511 10
054 520.978000 520.884511 0
055 530.978000 530.884511 0
056 541.619000 540.884511 0
057 550.842000 550.884511 0
058 560.228000 560.884511 0
059 569.286000 569.325278 16
060 578.659000 575.782732 11
061 588.915000 587.672968 18
062 598.555000 597.672968 0
063 608.681000 607.672968 0
064 619.259000 618.426995 11
065 628.721000 627.682819 9
066 638.369000 637.682819 0
067 647.991000 647.682819 0
068 657.851000 657.682819 0
069 666.916000 666.151649 9
070 675.899000 675.639828 8
071 685.573000 685.639828 0
072 695.248000 695.639828 0
073 705.586000 705.639828 0
074 715.395000 715.639828 0
075 725.261000 725.639828 0
076 734.717000 735.639828 0
077 745.217000 745.639828 0
078 755.217000 756.145132 11
079 764.858000 766.145132 0
080 774.506000 776.145132 0
081 785.429000 786.145132 0
082 796.513000 796.174967 17
083 806.746000 806.471385 10
084 816.819000 816.471385 0
085 826.819000 826.471385 0
086 836.249000 836.471385 0
087 846.163000 846.471385 0
088 856.163000 855.689302 8
089 864.873000 864.497803 9
090 873.220000 874.497803 0
091 883.027000 884.497803 0
092 892.860000 894.497803 0
093 902.860000 904.497803 0
094 912.210000 986.455624 11
095 921.433000 996.455624 0
096 931.433000 1006.455624 0
097 940.742000 1016.455624 0
098 949.547000 1026.455624 0
099 958.617000 1036.455624 0
100 968.324000 1046.455624 0
101 977.329000 1109.627519 11
102 987.329000 1119.627519 0
103 997.595000 1129.627519 0
104 1007.336000 1139.627519 0
105 1017.463000 1149.627519 0
106 1028.014000 1159.627519 0
107 1037.881000 1169.627519 0
108 1046.619000 1179.627519 0
109 1056.878000 1189.627519 0
110 1066.607000 1199.627519 0
111 1076.607000 1209.627519 0
112 1085.691000 1219.627519 0
113 1095.691000 1229.627519 0
114 1104.986000 1239.627519 0
115 1115.086000 1249.627519 0
116 1124.734000 1259.627519 0
117 1133.904000 1269.627519 0
118 1143.738000 1341.912063 9
119 1153.068000 1351.912063 0
120 1162.582000 1361.912063 0
121 1172.470000 1371.912063 0
122 1181.693000 1381.912063 0
123 1191.553000 1391.912063 0
124 1201.148000 1401.912063 0
125 1211.148000 1411.912063 0
126 1220.338000 1453.333723 8
127 1229.986000 1463.333723 0
128 1239.076000 1448.491696 8
129 1249.076000 1458.491696 0
130 1257.800000 1468.491696 0
131 1267.668000 1478.491696 0
132 1278.014000 1488.491696 0
133 1288.014000 1498.491696 0
134 1297.789000 1508.491696 0
135 1307.517000 1518.491696 0
136 1317.517000 1528.491696 0
137 1327.250000 1538.491696 0
138 1336.985000 1548.491696 0
139 1346.985000 1558.491696 0
140 1356.581000 1568.491696 0
141 1365.299000 1578.491696 0
142 1375.105000 1588.491696 0
143 1385.579000 1598.491696 0
144 1395.579000 1608.491696 0
145 1405.579000 1618.491696 0
146 1415.931000 1628.491696 0
147 1425.340000 1638.491696 0
148 1434.351000 1648.491696 0
149 1443.813000 1658.491696 0
150 1453.703000 1668.491696 0
151 1463.450000 1678.491696 0
152 1471.333000 1688.491696 0
153 1481.566000 1698.491696 0
154 1491.044000 1708.491696 0
155 1500.579000 1718.491696 0
156 1510.173000 1728.491696 0
157 1520.607000 1738.491696 0
158 1530.868000 1748.491696 0
159 1540.607000 1758.491696 0
160 1549.968000 1809.841609 8
161 1560.345000 1819.841609 0
162 1570.539000 1829.841609 0
163 1579.858000 1839.841609 0
164 1589.858000 1849.841609 0
165 1599.858000 1859.841609 0
166 1610.086000 1869.841609 0
167 1620.615000 1879.841609 0
168 1631.827000 1889.841609 0
169 1641.168000 1899.841609 0
170 1651.300000 1909.841609 0
171 1663.636000 1872.851412 9
172 1672.749000 1882.851412 0
173 1683.172000 1892.851412 0
174 1693.095000 1902.851412 0
175 1702.956000 1912.851412 0
176 1713.607000 1922.851412 0
177 1724.031000 1932.851412 0
178 1734.031000 1942.851412 0
179 1742.838000 1952.851412 0
180 1752.449000 1962.851412 0
181 1760.542000 1972.851412 0
182 1770.715000 1982.851412 0
183 1780.992000 1992.851412 0
184 1790.832000 2002.851412 0
185 1800.832000 2012.851412 0
186 1810.721000 2022.851412 0
187 1820.617000 2032.851412 0
188 1830.360000 2042.851412 0
189 1840.013000 2052.851412 0
190 1849.209000 2062.851412 0
191 1860.090000 2072.851412 0
192 1869.680000 2082.851412 0
193 1879.478000 2075.021456 8
194 1889.402000 2119.546861 9
195 1899.097000 2129.546861 0
196 1908.417000 2139.546861 0
197 1917.757000 2149.546861 0
198 1926.911000 2159.546861 0
199 1937.293000 2169.546861 0
200 1946.883000 2179.546861 0
201 1954.809000 2189.546861 0
202 1964.620000 2199.546861 0
203 1974.782000 2209.546861 0
204 1985.579000 2219.546861 0
205 1995.308000 2229.546861 0
206 2005.308000 2239.546861 0
207 2015.204000 2249.546861 0
208 2024.919000 2259.546861 0
209 2034.823000 2269.546861 0
210 2044.823000 2258.163479 9
211 2053.733000 2268.163479 0
212 2065.736000 2259.772100 9
213 2075.432000 2269.772100 0
214 2085.432000 2279.772100 0
215 2095.640000 2289.772100 0
216 2105.535000 2299.772100 0
217 2116.249000 2309.772100 0
218 2125.944000 2319.772100 0
219 2135.944000 2329.772100 0
220 2146.477000 2339.772100 0
221 2156.339000 2349.772100 0
222 2166.172000 2359.772100 0
223 2176.248000 2369.772100 0
224 2185.589000 2379.772100 0
225 2195.326000 2389.772100 0
226 2205.520000 2399.772100 0
227 2217.024000 2409.772100 0
228 2227.821000 2419.772100 0
229 2237.286000 2429.772100 0
230 2246.071000 2439.772100 0
231 2256.071000 2449.772100 0
232 2265.092000 2474.003857 9
233 2275.092000 2484.003857 0
234 2284.908000 2494.003857 0
235 2294.908000 2504.003857 0
236 2304.609000 2514.003857 0
237 2314.609000 2524.003857 0
238 2324.304000 2534.003857 0
239 2334.304000 2544.003857 0
240 2344.486000 2554.003857 0
241 2353.057000 2564.003857 0
242 2362.985000 2574.003857 0
243 2372.520000 2584.003857 0
244 2381.683000 2594.003857 0
245 2392.797000 2604.003857 0
246 2402.524000 2614.003857 0
247 2412.524000 2624.003857 0
248 2422.603000 2634.003857 0
249 2432.623000 2644.003857 0
250 2442.623000 2654.003857 0
251 2451.774000 2664.003857 0
252 2461.676000 2674.003857 0
253 2470.754000 2684.003857 0
254 2481.214000 2694.003857 0
255 2491.098000 2704.003857 0
256 2500.447000 2714.003857 0
257 2509.765000 2746.035789 8
258 2518.890000 2756.035789 0
259 2529.280000 2766.035789 0
260 2538.944000 2776.035789 0
261 2548.529000 2786.035789 0
262 2558.036000 2796.035789 0
263 2567.093000 2806.035789 0
264 2575.836000 2816.035789 0
265 2585.931000 2826.035789 0
266 2595.244000 2836.035789 0
267 2605.244000 2846.035789 0
268 2615.042000 2856.035789 0
269 2624.843000 2866.035789 0
270 2635.057000 2876.035789 0
271 2645.270000 2886.035789 0
272 2654.752000 2896.035789 0
273 2664.938000 2906.035789 0
274 2674.439000 2916.035789 0
275 2684.201000 2926.035789 0
276 2693.355000 2936.035789 0
277 2703.021000 2946.035789 0
278 2712.409000 2956.035789 0
279 2722.955000 2966.035789 0
280 2733.351000 2976.035789 0
281 2743.508000 2986.035789 0
282 2753.438000 2996.035789 0
283 2763.906000 3006.035789 0
284 2774.276000 3014.411885 9
285 2783.156000 3024.411885 0
286 2792.350000 3034.411885 0
287 2802.543000 3044.411885 0
288 2812.446000 3054.411885 0
289 2821.794000 3064.411885 0
290 2830.771000 3074.411885 0
291 2841.083000 3084.411885 0
292 2851.257000 3094.411885 0
293 2861.257000 3104.411885 0
294 2871.591000 3114.411885 0
295 2880.480000 3124.411885 0
296 2890.480000 3134.411885 0
297 2900.383000 3144.411885 0
298 2910.232000 3154.411885 0
299 2920.525000 3135.602310 10
300 2930.148000 3145.602310 0
301 2939.843000 3155.602310 0
302 2949.985000 3165.602310 0
303 2959.411000 3134.342751 15
304 2969.411000 3144.342751 0
305 2979.660000 3154.342751 0
306 2989.373000 3164.342751 0
307 2999.373000 3174.342751 0
308 3009.156000 3184.342751 0
309 3018.995000 3194.342751 0
310 3028.707000 3204.342751 0
311 3038.277000 3214.342751 0
312 3046.041000 3224.342751 0
313 3054.913000 3234.342751 0
314 3064.767000 3244.342751 0
315 3074.767000 3254.342751 0
316 3084.516000 3264.342751 0
317 3092.780000 3274.342751 0
318 3102.278000 3284.342751 0
319 3113.010000 3294.342751 0
320 3122.474000 3304.342751 0
321 3132.329000 3308.539478 15
322 3140.879000 3318.539478 0
323 3150.790000 3328.539478 0
324 3160.555000 3338.539478 0
325 3169.624000 3348.539478 0
326 3177.834000 3358.539478 0
327 3187.548000 3368.539478 0
328 3198.656000 3378.539478 0
329 3208.441000 3388.539478 0
330 3217.491000 3363.846369 9
331 3228.026000 3373.846369 0
332 3238.294000 3383.846369 0
333 3248.222000 3393.373980 9
334 3258.222000 3403.373980 0
335 3267.432000 3413.373980 0
336 3277.002000 3423.373980 0
337 3287.002000 3433.373980 0
338 3297.002000 3443.373980 0
339 3307.002000 3453.373980 0
340 3316.855000 3463.373980 0
341 3326.855000 3473.373980 0
342 3335.816000 3483.373980 0
343 3346.780000 3493.373980 0
344 3357.496000 3503.373980 0
345 3367.780000 3513.373980 0
346 3377.690000 3523.373980 0
347 3387.331000 3533.373980 0
348 3397.331000 3543.373980 0
349 3403.895000 3553.373980 0
350 3413.895000 3563.373980 0
351 3423.625000 3553.819414 8
352 3434.501000 3563.819414 0
353 3444.227000 3573.819414 0
354 3454.999000 3583.819414 0
355 3464.135000 3626.152343 9
356 3474.135000 3636.152343 0
357 3484.135000 3646.152343 0
358 3493.815000 3656.152343 0
359 3503.474000 3666.152343 0
360 3513.133000 3676.152343 0
361 3522.614000 3686.152343 0
362 3532.614000 3696.152343 0
363 3540.698000 3706.152343 0
364 3549.319000 3716.152343 0
365 3560.035000 3726.152343 0
366 3570.427000 3736.152343 0
367 3579.853000 3746.152343 0
368 3588.868000 3756.152343 0
369 3597.758000 3766.152343 0
370 3608.598000 3776.152343 0
371 3619.205000 3786.152343 0
372 3630.495000 3796.152343 0
373 3639.841000 3806.152343 0
374 3650.150000 3816.152343 0
375 3658.773000 3826.152343 0
376 3669.988000 3836.152343 0
377 3675.443000 3846.152343 0
378 3686.082000 3856.152343 0
379 3696.082000 3866.152343 0
380 3707.480000 3876.152343 0
381 3717.480000 3886.152343 0
382 3727.480000 3896.152343 0
383 3737.086000 3906.152343 0
384 3746.943000 3916.152343 0
385 3756.241000 3926.152343 0
386 3766.400000 3936.152343 0
387 3776.400000 3946.152343 0
388 3786.400000 3973.423083 8
389 3795.665000 3983.423083 0
390 3803.874000 3993.423083 0
391 3813.588000 4003.423083 0
392 3823.819000 4013.423083 0
393 3833.460000 4023.423083 0
394 3842.278000 4101.689339 9
395 3852.672000 4111.689339 0
396 3863.100000 4121.689339 0
397 3873.868000 4131.689339 0
398 3883.688000 4141.689339 0
399 3892.560000 4151.689339 0
400 3903.079000 4161.689339 0
401 3913.113000 4171.689339 0
402 3922.683000 4181.689339 0
403 3932.467000 4191.689339 0
404 3942.324000 4201.689339 0
405 3950.945000 4211.689339 0
406 3960.478000 4221.689339 0
407 3970.818000 4231.689339 0
408 3980.709000 4241.689339 0
409 3987.524000 4251.689339 0
410 3997.721000 4261.689339 0
411 4007.827000 4271.689339 0
412 4017.827000 4281.689339 0
413 4027.055000 4291.689339 0
414 4036.481000 4301.689339 0
415 4046.481000 4311.689339 0
416 4055.175000 4321.689339 0
417 4064.458000 4331.689339 0
418 4073.867000 4341.689339 0
419 4082.614000 4351.689339 0
420 4093.775000 4361.689339 0
421 4102.647000 4397.231059 8
422 4111.877000 4407.231059 0
423 4121.715000 4417.231059 0
424 4130.747000 4427.231059 0
425 4140.193000 4437.231059 0
426 4150.031000 4447.231059 0
427 4159.457000 4457.231059 0
428 4170.041000 4467.231059 0
429 4179.827000 4477.231059 0
430 4189.240000 4487.231059 0
431 4198.753000 4497.231059 0
432 4208.351000 4507.231059 0
433 4217.789000 4544.321345 9
434 4227.286000 4554.321345 0
435 4236.999000 4544.713819 10
436 4244.888000 4554.713819 0
437 4254.888000 4564.713819 0
438 4264.439000 4574.713819 0
439 4274.258000 4584.713819 0
440 4284.043000 4594.713819 0
441 4294.402000 4604.713819 0
442 4303.916000 4614.713819 0
443 4313.916000 4624.713819 0
444 4323.916000 4634.713819 0
445 4333.452000 4644.713819 0
446 4343.452000 4654.713819 0
447 4353.696000 4664.713819 0
448 4363.535000 4674.713819 0
449 4373.659000 4684.713819 0
450 4384.141000 4694.713819 0
451 4393.800000 4704.713819 0
452 4403.011000 4714.713819 0
453 4412.922000 4724.713819 0
454 4421.741000 4734.713819 0
455 4431.202000 4744.713819 0
456 4440.558000 4754.713819 0
457 4450.718000 4764.713819 0
458 4460.914000 4774.713819 0
459 4468.980000 4784.713819 0
460 4477.834000 4794.713819 0
461 4487.834000 4804.713819 0
462 4496.760000 4814.713819 0
463 4505.714000 4824.713819 0
464 4514.669000 4834.713819 0
465 4522.896000 4844.713819 0
466 4532.554000 4854.713819 0
467 4540.771000 4864.713819 0
468 4549.692000 4874.713819 0
469 4558.663000 4884.713819 0
470 4568.567000 4894.713819 0
471 4579.446000 4904.713819 0
472 4586.385000 4914.713819 0
473 4596.676000 4924.713819 0
474 4606.008000 4607.265176 11
475 4615.820000 4617.265176 0
476 4624.232000 4627.265176 0
477 4633.843000 4637.265176 0
478 4643.506000 4642.828415 11
479 4652.917000 4653.725529 10
480 4662.917000 4663.725529 0
481 4672.917000 4671.509333 8
