001 0.000000 0.109987 36
002 10.000000 7.018066 10
003 20.000000 17.018066 0
004 28.072000 27.018066 0
005 38.058000 35.049515 10
006 48.059000 48.101669 10
007 58.056000 58.101669 0
008 68.056000 68.194958 13
009 78.056000 77.165034 16
010 88.056000 88.240171 18
011 98.056000 98.506066 17
012 108.056000 106.560395 16
013 118.056000 118.042390 16
014 128.056000 128.165729 18
015 138.056000 137.610714 13
016 148.056000 148.105740 26
017 158.056000 158.064271 22
018 168.056000 168.075813 12
019 178.056000 178.094005 18
020 188.056000 188.289826 29
021 198.056000 198.262917 30
022 208.056000 208.345568 28
023 218.056000 218.472273 21
024 228.056000 228.472273 0
025 238.056000 238.793553 24
026 248.056000 248.793553 0
027 258.311000 257.541679 11
028 268.392000 267.541679 0
029 278.457000 279.329680 12
030 288.680000 289.270833 18
031 299.265000 299.961299 13
032 309.265000 309.961299 0
033 319.460000 319.961299 0
034 329.886000 329.961299 0
035 331.489000 339.961299 0
036 341.050000 349.961299 0
037 352.269000 359.961299 0
038 362.269000 310.059800 10
039 372.483000 320.059800 0
040 382.483000 383.442799 16
041 392.844000 391.775060 13
042 403.556000 404.300854 20
043 414.326000 414.300854 0
044 424.449000 424.194765 15
045 434.768000 436.042174 8
046 444.768000 446.042174 0
047 452.651000 456.042174 0
048 462.775000 466.042174 0
049 472.194000 476.042174 0
050 482.194000 439.051691 8
051 491.877000 491.201893 9
052 501.624000 501.891076 9
053 511.427000 511.891076 0
054 520.978000 520.218552 9
055 530.978000 530.218552 0
056 541.619000 540.218552 0
057 550.842000 550.218552 0
058 560.228000 564.396506 12
059 569.286000 569.646299 11
060 578.659000 616.706180 12
061 588.915000 626.706180 0
062 598.555000 636.706180 0
063 608.681000 609.240110 15
064 619.259000 618.714410 18
065 628.721000 628.714410 0
066 638.369000 638.714410 0
067 647.991000 648.714410 0
068 657.851000 658.654099 14
069 666.916000 666.761529 13
070 675.899000 676.761529 0
071 685.573000 686.804965 11
072 695.248000 692.227492 8
073 705.586000 706.256204 9
074 715.395000 716.256204 0
075 725.261000 726.330430 9
076 734.717000 736.330430 0
077 745.217000 746.330430 0
078 755.217000 756.330430 0
079 764.858000 764.562292 8
080 774.506000 774.562292 0
081 785.429000 784.562292 0
082 796.513000 798.677314 9
083 806.746000 806.659149 14
084 816.819000 817.162148 13
085 826.819000 827.162148 0
086 836.249000 837.162148 0
087 846.163000 847.162148 0
088 856.163000 857.162148 0
089 864.873000 867.162148 0
090 873.220000 874.016314 15
091 883.027000 883.231436 15
092 892.860000 891.542998 10
093 902.860000 903.507437 10
094 912.210000 913.507437 0
095 921.433000 923.507437 0
096 931.433000 933.507437 0
097 940.742000 943.507437 0
098 949.547000 953.507437 0
099 958.617000 963.507437 0
100 968.324000 973.507437 0
101 977.329000 977.513278 16
102 987.329000 1037.662749 8
103 997.595000 997.553970 16
104 1007.336000 1007.553970 0
105 1017.463000 1017.553970 0
106 1028.014000 1027.553970 0
107 1037.881000 1040.060805 9
108 1046.619000 1045.155410 15
109 1056.878000 1056.841662 12
110 1066.607000 1065.816542 18
111 1076.607000 1075.816542 0
112 1085.691000 1087.590711 14
113 1095.691000 1094.797655 12
114 1104.986000 1104.797655 0
115 1115.086000 1114.602387 13
116 1124.734000 1124.602387 0
117 1133.904000 1134.602387 0
118 1143.738000 1142.978116 16
119 1153.068000 1152.978116 0
120 1162.582000 1162.978116 0
121 1172.470000 1172.978116 0
122 1181.693000 1182.978116 0
123 1191.553000 1192.978116 0
124 1201.148000 1202.978116 0
125 1211.148000 1212.978116 0
126 1220.338000 1220.659307 9
127 1229.986000 1227.379329 9
128 1239.076000 1278.812237 12
129 1249.076000 1288.812237 0
130 1257.800000 1298.812237 0
131 1267.668000 1308.812237 0
132 1278.014000 1278.537024 12
133 1288.014000 1288.537024 0
134 1297.789000 1297.341247 9
135 1307.517000 1307.341247 0
136 1317.517000 1273.133279 11
137 1327.250000 1328.644235 13
138 1336.985000 1336.717890 9
139 1346.985000 1347.499752 12
140 1356.581000 1357.499752 0
141 1365.299000 1367.499752 0
142 1375.105000 1377.499752 0
143 1385.579000 1387.499752 0
144 1395.579000 1397.782575 8
145 1405.579000 1405.203088 14
146 1415.931000 1415.310070 10
147 1425.340000 1425.310070 0
148 1434.351000 1435.310070 0
149 1443.813000 1445.697193 10
150 1453.703000 1453.638981 9
151 1463.450000 1463.638981 0
152 1471.333000 1473.638981 0
153 1481.566000 1483.638981 0
154 1491.044000 1489.887119 16
155 1500.579000 1499.887119 0
156 1510.173000 1509.887119 0
157 1520.607000 1518.867163 9
158 1530.868000 1528.867163 0
159 1540.607000 1538.867163 0
160 1549.968000 1548.867163 0
161 1560.345000 1558.867163 0
162 1570.539000 1568.867163 0
163 1579.858000 1580.105810 8
164 1589.858000 1590.105810 0
165 1599.858000 1600.105810 0
166 1610.086000 1610.105810 0
167 1620.615000 1620.105810 0
168 1631.827000 1638.588924 9
169 1641.168000 1648.588924 0
170 1651.300000 1650.583757 8
171 1663.636000 1660.583757 0
172 1672.749000 1671.879762 16
173 1683.172000 1681.879762 0
174 1693.095000 1694.142280 8
175 1702.956000 1703.449569 17
176 1713.607000 1709.992830 8
177 1724.031000 1719.992830 0
178 1734.031000 1729.992830 0
179 1742.838000 1739.992830 0
180 1752.449000 1750.924193 12
181 1760.542000 1760.924193 0
182 1770.715000 1770.911526 9
183 1780.992000 1780.911526 0
184 1790.832000 1790.702456 12
185 1800.832000 1772.144771 9
186 1810.721000 1811.614482 13
187 1820.617000 1820.558246 16
188 1830.360000 1830.195258 14
189 1840.013000 1840.195258 0
190 1849.209000 1850.195258 0
191 1860.090000 1860.195258 0
192 1869.680000 1870.195258 0
193 1879.478000 1883.920995 8
194 1889.402000 1889.004198 11
195 1899.097000 1899.004198 0
196 1908.417000 1904.575674 8
197 1917.757000 1914.575674 0
198 1926.911000 1927.638815 12
199 1937.293000 1937.638815 0
200 1946.883000 1946.936014 9
201 1954.809000 1955.449777 12
202 1964.620000 1965.449777 0
203 1974.782000 1975.449777 0
204 1985.579000 1986.038532 8
205 1995.308000 1996.386240 8
206 2005.308000 2006.386240 0
207 2015.204000 2016.386240 0
208 2024.919000 2026.386240 0
209 2034.823000 2036.386240 0
210 2044.823000 2045.656351 12
211 2053.733000 2055.656351 0
212 2065.736000 2067.561434 10
213 2075.432000 2075.505023 14
214 2085.432000 2085.017091 9
215 2095.640000 2095.017091 0
216 2105.535000 2105.017091 0
217 2116.249000 2115.017091 0
218 2125.944000 2126.711111 13
219 2135.944000 2136.711111 0
220 2146.477000 2146.711111 0
221 2156.339000 2156.711111 0
222 2166.172000 2167.239414 15
223 2176.248000 2177.239414 0
224 2185.589000 2187.239414 0
225 2195.326000 2193.341730 8
226 2205.520000 2203.341730 0
227 2217.024000 2213.341730 0
228 2227.821000 2227.440695 8
229 2237.286000 2236.728557 17
230 2246.071000 2246.728557 0
231 2256.071000 2256.728557 0
232 2265.092000 2266.728557 0
233 2275.092000 2276.728557 0
234 2284.908000 2285.407567 12
235 2294.908000 2295.518374 13
236 2304.609000 2305.201980 8
237 2314.609000 2315.201980 0
238 2324.304000 2325.201980 0
239 2334.304000 2332.722420 15
240 2344.486000 2342.722420 0
241 2353.057000 2352.722420 0
242 2362.985000 2362.722420 0
243 2372.520000 2372.529320 10
244 2381.683000 2380.129874 9
245 2392.797000 2391.432681 11
246 2402.524000 2402.864045 14
247 2412.524000 2412.210147 21
248 2422.603000 2424.340631 13
249 2432.623000 2434.340631 0
250 2442.623000 2441.836322 8
251 2451.774000 2450.034238 10
252 2461.676000 2460.034238 0
253 2470.754000 2472.894911 9
254 2481.214000 2479.246260 14
255 2491.098000 2489.246260 0
256 2500.447000 2499.246260 0
257 2509.765000 2509.246260 0
258 2518.890000 2533.857828 11
259 2529.280000 2543.857828 0
260 2538.944000 2553.857828 0
261 2548.529000 2563.857828 0
262 2558.036000 2573.857828 0
263 2567.093000 2567.085940 8
264 2575.836000 2577.085940 0
265 2585.931000 2586.098597 9
266 2595.244000 2596.098597 0
267 2605.244000 2606.098597 0
268 2615.042000 2613.401131 8
269 2624.843000 2623.666538 9
270 2635.057000 2633.666538 0
271 2645.270000 2643.666538 0
272 2654.752000 2653.666538 0
273 2664.938000 2663.666538 0
274 2674.439000 2673.666538 0
275 2684.201000 2683.666538 0
276 2693.355000 2693.666538 0
277 2703.021000 2705.651101 8
278 2712.409000 2713.844030 11
279 2722.955000 2723.844030 0
280 2733.351000 2732.834469 16
281 2743.508000 2743.314596 8
282 2753.438000 2753.314596 0
283 2763.906000 2763.314596 0
284 2774.276000 2774.341445 12
285 2783.156000 2783.356166 12
286 2792.350000 2793.356166 0
287 2802.543000 2803.356166 0
288 2812.446000 2813.356166 0
289 2821.794000 2821.349014 8
290 2830.771000 2831.349014 0
291 2841.083000 2841.349014 0
292 2851.257000 2851.349014 0
293 2861.257000 2861.349014 0
294 2871.591000 2871.349014 0
295 2880.480000 2881.349014 0
296 2890.480000 2890.834263 13
297 2900.383000 2901.429029 16
298 2910.232000 2905.754186 9
299 2920.525000 2920.465755 8
300 2930.148000 2930.465755 0
301 2939.843000 2939.275427 13
302 2949.985000 2949.275427 0
303 2959.411000 2959.275427 0
304 2969.411000 2969.275427 0
305 2979.660000 2979.275427 0
306 2989.373000 2989.275427 0
307 2999.373000 2999.275427 0
308 3009.156000 3009.275427 0
309 3018.995000 3019.174144 9
310 3028.707000 3028.445480 13
311 3038.277000 3038.445480 0
312 3046.041000 3043.827203 12
313 3054.913000 3053.827203 0
314 3064.767000 3063.827203 0
315 3074.767000 3074.616276 8
316 3084.516000 3085.212149 9
317 3092.780000 3091.701523 11
318 3102.278000 3103.034157 12
319 3113.010000 3113.034157 0
320 3122.474000 3123.034157 0
321 3132.329000 3133.034157 0
322 3140.879000 3143.034157 0
323 3150.790000 3153.034157 0
324 3160.555000 3163.034157 0
325 3169.624000 3173.034157 0
326 3177.834000 3183.034157 0
327 3187.548000 3193.034157 0
328 3198.656000 3203.034157 0
329 3208.441000 3213.034157 0
330 3217.491000 3223.034157 0
331 3228.026000 3233.034157 0
332 3238.294000 3243.034157 0
333 3248.222000 3253.034157 0
334 3258.222000 3256.923091 14
335 3267.432000 3266.923091 0
336 3277.002000 3276.578645 14
337 3287.002000 3286.578645 0
338 3297.002000 3296.578645 0
339 3307.002000 3309.050161 14
340 3316.855000 3319.050161 0
341 3326.855000 3329.050161 0
342 3335.816000 3339.050161 0
343 3346.780000 3349.050161 0
344 3357.496000 3358.582900 12
345 3367.780000 3368.016786 18
346 3377.690000 3378.016786 0
347 3387.331000 3388.016786 0
348 3397.331000 3397.419107 10
349 3403.895000 3407.419107 0
350 3413.895000 3417.419107 0
351 3423.625000 3424.150851 12
352 3434.501000 3434.150851 0
353 3444.227000 3447.232467 11
354 3454.999000 3455.462502 8
355 3464.135000 3463.896665 15
356 3474.135000 3473.896665 0
357 3484.135000 3483.284242 8
358 3493.815000 3494.351703 11
359 3503.474000 3504.066707 8
360 3513.133000 3514.066707 0
361 3522.614000 3581.030489 8
362 3532.614000 3591.030489 0
363 3540.698000 3601.030489 0
364 3549.319000 3611.030489 0
365 3560.035000 3621.030489 0
366 3570.427000 3631.030489 0
367 3579.853000 3641.030489 0
368 3588.868000 3651.030489 0
369 3597.758000 3661.030489 0
370 3608.598000 3671.030489 0
371 3619.205000 3681.030489 0
372 3630.495000 3691.030489 0
373 3639.841000 3686.486331 8
374 3650.150000 3696.486331 0
375 3658.773000 3706.486331 0
376 3669.988000 3716.486331 0
377 3675.443000 3726.486331 0
378 3686.082000 3736.486331 0
379 3696.082000 3746.486331 0
380 3707.480000 3756.486331 0
381 3717.480000 3766.486331 0
382 3727.480000 3776.486331 0
383 3737.086000 3786.486331 0
384 3746.943000 3796.486331 0
385 3756.241000 3806.486331 0
386 3766.400000 3816.486331 0
387 3776.400000 3826.486331 0
388 3786.400000 3785.911986 16
389 3795.665000 3795.702778 10
390 3803.874000 3803.620480 11
391 3813.588000 3813.695069 9
392 3823.819000 3823.695069 0
393 3833.460000 3833.695069 0
394 3842.278000 3843.219213 9
395 3852.672000 3852.946533 8
396 3863.100000 3862.946533 0
397 3873.868000 3870.521260 9
398 3883.688000 3881.174490 9
399 3892.560000 3891.174490 0
400 3903.079000 3901.174490 0
401 3913.113000 3914.555062 10
402 3922.683000 3923.100402 11
403 3932.467000 3932.782950 8
404 3942.324000 3942.782950 0
405 3950.945000 3952.782950 0
406 3960.478000 3962.782950 0
407 3970.818000 3972.782950 0
408 3980.709000 3979.487551 8
409 3987.524000 3986.995185 10
410 3997.721000 3997.491043 27
411 4007.827000 4007.491043 0
412 4017.827000 4017.491043 0
413 4027.055000 4028.057136 9
414 4036.481000 4038.057136 0
415 4046.481000 4048.057136 0
416 4055.175000 4054.119280 10
417 4064.458000 4063.953575 9
418 4073.867000 4125.361851 8
419 4082.614000 4135.361851 0
420 4093.775000 4145.361851 0
421 4102.647000 4155.361851 0
422 4111.877000 4165.361851 0
423 4121.715000 4175.361851 0
424 4130.747000 4185.361851 0
425 4140.193000 4140.112731 9
426 4150.031000 4150.112731 0
427 4159.457000 4160.918851 12
428 4170.041000 4169.596481 9
429 4179.827000 4179.709548 11
430 4189.240000 4189.709548 0
431 4198.753000 4199.709548 0
432 4208.351000 4209.665148 9
433 4217.789000 4217.927367 11
434 4227.286000 4227.927367 0
435 4236.999000 4235.035423 11
436 4244.888000 4245.035423 0
437 4254.888000 4255.035423 0
438 4264.439000 4265.035423 0
439 4274.258000 4274.281465 9
440 4284.043000 4284.158058 11
441 4294.402000 4294.339151 10
442 4303.916000 4303.332521 15
443 4313.916000 4313.332521 0
444 4323.916000 4323.332521 0
445 4333.452000 4333.332521 0
446 4343.452000 4343.877134 10
447 4353.696000 4353.205291 10
448 4363.535000 4364.664055 8
449 4373.659000 4374.664055 0
450 4384.141000 4384.664055 0
451 4393.800000 4393.718355 8
452 4403.011000 4403.718355 0
453 4412.922000 4413.718355 0
454 4421.741000 4421.780639 15
455 4431.202000 4431.780639 0
456 4440.558000 4441.328628 11
457 4450.718000 4451.328628 0
458 4460.914000 4461.328628 0
459 4468.980000 4510.000702 9
460 4477.834000 4477.344798 8
461 4487.834000 4487.344798 0
462 4496.760000 4497.344798 0
463 4505.714000 4507.344798 0
464 4514.669000 4517.344798 0
465 4522.896000 4527.344798 0
466 4532.554000 4537.344798 0
467 4540.771000 4605.065352 8
468 4549.692000 4615.065352 0
469 4558.663000 4625.065352 0
470 4568.567000 4635.065352 0
471 4579.446000 4645.065352 0
472 4586.385000 4587.880679 10
473 4596.676000 4597.880679 0
474 4606.008000 4601.696663 15
475 4615.820000 4611.696663 0
476 4624.232000 4621.696663 0
477 4633.843000 4633.784132 15
478 4643.506000 4643.163663 19
479 4652.917000 4653.390724 8
480 4662.917000 4663.390724 0
481 4672.917000 4673.390724 0
