001 0.000000 0.958712 19
002 10.000000 10.958712 0
003 20.000000 20.958712 0
004 28.072000 30.958712 0
005 38.058000 40.958712 0
006 48.059000 48.652304 15
007 58.056000 58.239793 10
008 68.056000 68.056199 13
009 78.056000 77.927006 8
010 88.056000 87.950860 17
011 98.056000 98.118681 17
012 108.056000 103.804380 14
013 118.056000 118.389765 10
014 128.056000 127.937762 16
015 138.056000 138.572664 23
016 148.056000 148.018006 31
017 158.056000 157.662381 14
018 168.056000 167.662381 0
019 178.056000 179.283764 19
020 188.056000 188.032654 28
021 198.056000 198.355602 21
022 208.056000 208.224968 24
023 218.056000 214.800451 12
024 228.056000 224.800451 0
025 238.056000 238.926263 15
026 248.056000 248.926263 0
027 258.311000 258.926263 0
028 268.392000 269.700374 11
029 278.457000 275.385396 16
030 288.680000 275.075025 8
031 299.265000 300.870826 16
032 309.265000 310.870826 0
033 319.460000 320.870826 0
034 329.886000 330.870826 0
035 331.489000 340.870826 0
036 341.050000 350.870826 0
037 352.269000 360.870826 0
038 362.269000 370.870826 0
039 372.483000 380.870826 0
040 382.483000 442.530947 8
041 392.844000 393.914356 12
042 403.556000 401.617768 8
043 414.326000 402.473573 9
044 424.449000 412.473573 0
045 434.768000 434.658686 8
046 444.768000 442.444591 8
047 452.651000 452.444591 0
048 462.775000 462.444591 0
049 472.194000 472.444591 0
050 482.194000 481.755674 17
051 491.877000 494.274719 12
052 501.624000 501.234313 8
053 511.427000 510.859114 9
054 520.978000 520.292822 8
055 530.978000 530.292822 0
056 541.619000 540.292822 0
057 550.842000 550.292822 0
058 560.228000 560.292822 0
059 569.286000 569.331593 15
060 578.659000 625.707321 11
061 588.915000 586.199255 14
062 598.555000 596.199255 0
063 608.681000 606.199255 0
064 619.259000 616.587412 11
065 628.721000 627.547204 8
066 638.369000 637.757440 11
067 647.991000 647.757440 0
068 657.851000 657.757440 0
069 666.916000 666.952820 11
070 675.899000 675.639828 8
071 685.573000 685.639828 0
072 695.248000 695.639828 0
073 705.586000 705.639828 0
074 715.395000 715.639828 0
075 725.261000 725.639828 0
076 734.717000 735.639828 0
077 745.217000 745.639828 0
078 755.217000 755.677449 12
079 764.858000 765.677449 0
080 774.506000 775.677449 0
081 785.429000 785.677449 0
082 796.513000 796.162905 17
083 806.746000 806.825900 11
084 816.819000 816.351524 10
085 826.819000 824.541832 11
086 836.249000 834.541832 0
087 846.163000 844.541832 0
088 856.163000 854.541832 0
089 864.873000 864.541832 0
090 873.220000 874.541832 0
091 883.027000 884.541832 0
092 892.860000 891.805865 9
093 902.860000 901.805865 0
094 912.210000 912.663944 10
095 921.433000 922.663944 0
096 931.433000 931.864045 11
097 940.742000 980.005877 8
098 949.547000 990.005877 0
099 958.617000 959.689642 11
100 968.324000 969.689642 0
101 977.329000 976.473508 14
102 987.329000 987.599016 8
103 997.595000 997.599016 0
104 1007.336000 1007.599016 0
105 1017.463000 1017.599016 0
106 1028.014000 1027.599016 0
107 1037.881000 1039.585212 10
108 1046.619000 1046.587171 13
109 1056.878000 1057.272418 15
110 1066.607000 1065.762625 10
111 1076.607000 1075.762625 0
112 1085.691000 1085.762625 0
113 1095.691000 1097.887184 11
114 1104.986000 1109.246423 8
115 1115.086000 1113.910334 14
116 1124.734000 1123.910334 0
117 1133.904000 1133.910334 0
118 1143.738000 1143.299433 14
119 1153.068000 1153.299433 0
120 1162.582000 1164.227698 8
121 1172.470000 1174.227698 0
122 1181.693000 1184.227698 0
123 1191.553000 1236.476100 8
124 1201.148000 1201.147905 16
125 1211.148000 1211.147905 0
126 1220.338000 1221.439429 8
127 1229.986000 1231.439429 0
128 1239.076000 1237.843148 10
129 1249.076000 1247.843148 0
130 1257.800000 1257.843148 0
131 1267.668000 1267.843148 0
132 1278.014000 1278.529209 23
133 1288.014000 1282.614558 10
134 1297.789000 1296.817852 9
135 1307.517000 1306.817852 0
136 1317.517000 1316.817852 0
137 1327.250000 1327.367021 12
138 1336.985000 1336.654055 14
139 1346.985000 1346.654055 0
140 1356.581000 1356.654055 0
141 1365.299000 1366.654055 0
142 1375.105000 1376.654055 0
143 1385.579000 1386.654055 0
144 1395.579000 1396.550756 9
145 1405.579000 1449.687703 9
146 1415.931000 1415.573423 9
147 1425.340000 1425.573423 0
148 1434.351000 1435.573423 0
149 1443.813000 1443.338269 11
150 1453.703000 1453.466784 14
151 1463.450000 1463.466784 0
152 1471.333000 1473.466784 0
153 1481.566000 1483.466784 0
154 1491.044000 1493.466784 0
155 1500.579000 1503.466784 0
156 1510.173000 1513.466784 0
157 1520.607000 1524.321342 9
158 1530.868000 1534.321342 0
159 1540.607000 1544.321342 0
160 1549.968000 1554.321342 0
161 1560.345000 1571.418376 8
162 1570.539000 1573.372750 8
163 1579.858000 1580.038370 17
164 1589.858000 1590.038370 0
165 1599.858000 1600.038370 0
166 1610.086000 1610.038370 0
167 1620.615000 1620.182716 15
168 1631.827000 1630.501790 9
169 1641.168000 1641.675411 14
170 1651.300000 1651.675411 0
171 1663.636000 1661.675411 0
172 1672.749000 1672.607072 15
173 1683.172000 1682.607072 0
174 1693.095000 1693.958587 9
175 1702.956000 1700.082462 12
176 1713.607000 1710.082462 0
177 1724.031000 1720.082462 0
178 1734.031000 1730.082462 0
179 1742.838000 1743.306050 10
180 1752.449000 1753.306050 0
181 1760.542000 1763.306050 0
182 1770.715000 1773.966725 9
183 1780.992000 1783.966725 0
184 1790.832000 1790.834283 8
185 1800.832000 1804.949910 8
186 1810.721000 1810.213172 18
187 1820.617000 1820.365624 12
188 1830.360000 1830.671558 10
189 1840.013000 1839.796359 10
190 1849.209000 1849.796359 0
191 1860.090000 1859.796359 0
192 1869.680000 1868.850069 9
193 1879.478000 1880.567326 9
194 1889.402000 1888.126983 8
195 1899.097000 1898.836824 15
196 1908.417000 1908.836824 0
197 1917.757000 1918.836824 0
198 1926.911000 1926.066769 14
199 1937.293000 1936.066769 0
200 1946.883000 1946.066769 0
201 1954.809000 1956.066769 0
202 1964.620000 1966.066769 0
203 1974.782000 1976.066769 0
204 1985.579000 1986.834420 9
205 1995.308000 1996.834420 0
206 2005.308000 2006.834420 0
207 2015.204000 2016.834420 0
208 2024.919000 2023.838354 9
209 2034.823000 2017.001812 8
210 2044.823000 2045.742209 14
211 2053.733000 2055.742209 0
212 2065.736000 2065.007894 8
213 2075.432000 2123.873821 10
214 2085.432000 2133.873821 0
215 2095.640000 2143.873821 0
216 2105.535000 2153.873821 0
217 2116.249000 2118.404103 9
218 2125.944000 2126.427647 12
219 2135.944000 2136.427647 0
220 2146.477000 2146.646728 10
221 2156.339000 2156.646728 0
222 2166.172000 2166.796244 13
223 2176.248000 2176.796244 0
224 2185.589000 2186.796244 0
225 2195.326000 2196.637083 13
226 2205.520000 2206.637083 0
227 2217.024000 2217.672010 13
228 2227.821000 2227.672010 0
229 2237.286000 2236.571403 9
230 2246.071000 2246.571403 0
231 2256.071000 2256.571403 0
232 2265.092000 2265.311913 10
233 2275.092000 2275.246724 9
234 2284.908000 2285.246724 0
235 2294.908000 2295.163330 14
236 2304.609000 2304.481090 10
237 2314.609000 2314.481090 0
238 2324.304000 2324.481090 0
239 2334.304000 2332.911025 11
240 2344.486000 2345.313805 15
241 2353.057000 2355.313805 0
242 2362.985000 2365.313805 0
243 2372.520000 2371.423695 14
244 2381.683000 2381.423695 0
245 2392.797000 2391.312763 11
246 2402.524000 2404.495485 10
247 2412.524000 2412.591374 15
248 2422.603000 2422.496125 11
249 2432.623000 2432.752105 8
250 2442.623000 2442.706698 9
251 2451.774000 2452.706698 0
252 2461.676000 2462.706698 0
253 2470.754000 2472.706698 0
254 2481.214000 2482.706698 0
255 2491.098000 2492.706698 0
256 2500.447000 2502.706698 0
257 2509.765000 2512.706698 0
258 2518.890000 2522.706698 0
259 2529.280000 2532.706698 0
260 2538.944000 2538.127064 8
261 2548.529000 2548.127064 0
262 2558.036000 2558.127064 0
263 2567.093000 2568.127064 0
264 2575.836000 2577.343578 9
265 2585.931000 2587.343578 0
266 2595.244000 2663.754789 8
267 2605.244000 2673.754789 0
268 2615.042000 2683.754789 0
269 2624.843000 2693.754789 0
270 2635.057000 2703.754789 0
271 2645.270000 2713.754789 0
272 2654.752000 2723.754789 0
273 2664.938000 2733.754789 0
274 2674.439000 2743.754789 0
275 2684.201000 2753.754789 0
276 2693.355000 2763.754789 0
277 2703.021000 2773.754789 0
278 2712.409000 2783.754789 0
279 2722.955000 2793.754789 0
280 2733.351000 2803.754789 0
281 2743.508000 2813.754789 0
282 2753.438000 2823.754789 0
283 2763.906000 2833.754789 0
284 2774.276000 2843.754789 0
285 2783.156000 2853.754789 0
286 2792.350000 2863.754789 0
287 2802.543000 2873.754789 0
288 2812.446000 2883.754789 0
289 2821.794000 2893.754789 0
290 2830.771000 2903.754789 0
291 2841.083000 2913.754789 0
292 2851.257000 2923.754789 0
293 2861.257000 2933.754789 0
294 2871.591000 2964.477615 9
295 2880.480000 2974.477615 0
296 2890.480000 2984.477615 0
297 2900.383000 2994.477615 0
298 2910.232000 3004.477615 0
299 2920.525000 3014.477615 0
300 2930.148000 3024.477615 0
301 2939.843000 3034.477615 0
302 2949.985000 3004.542761 9
303 2959.411000 3014.542761 0
304 2969.411000 3024.542761 0
305 2979.660000 3034.542761 0
306 2989.373000 3044.542761 0
307 2999.373000 3001.781385 12
308 3009.156000 3011.781385 0
309 3018.995000 3019.535190 15
310 3028.707000 3029.200399 10
311 3038.277000 3039.200399 0
312 3046.041000 3049.200399 0
313 3054.913000 3059.200399 0
314 3064.767000 3064.263274 9
315 3074.767000 3074.263274 0
316 3084.516000 3084.165192 12
317 3092.780000 3094.165192 0
318 3102.278000 3101.197460 11
319 3113.010000 3111.197460 0
320 3122.474000 3121.197460 0
321 3132.329000 3132.942646 9
322 3140.879000 3140.301529 13
323 3150.790000 3150.148245 10
324 3160.555000 3158.534332 16
325 3169.624000 3168.534332 0
326 3177.834000 3178.534332 0
327 3187.548000 3127.077390 11
328 3198.656000 3199.286369 10
329 3208.441000 3209.286369 0
330 3217.491000 3216.515434 8
331 3228.026000 3227.252070 14
332 3238.294000 3237.252070 0
333 3248.222000 3249.111987 8
334 3258.222000 3259.111987 0
335 3267.432000 3266.578587 8
336 3277.002000 3276.595570 13
337 3287.002000 3286.595570 0
338 3297.002000 3296.595570 0
339 3307.002000 3307.435876 15
340 3316.855000 3317.435876 0
341 3326.855000 3327.435876 0
342 3335.816000 3337.435876 0
343 3346.780000 3394.108162 12
344 3357.496000 3358.325908 11
345 3367.780000 3366.820251 17
346 3377.690000 3376.820251 0
347 3387.331000 3386.820251 0
348 3397.331000 3396.820251 0
349 3403.895000 3406.820251 0
350 3413.895000 3416.820251 0
351 3423.625000 3426.820251 0
352 3434.501000 3436.820251 0
353 3444.227000 3446.820251 0
354 3454.999000 3451.214631 8
355 3464.135000 3462.668849 9
356 3474.135000 3472.401869 13
357 3484.135000 3482.401869 0
358 3493.815000 3492.164085 17
359 3503.474000 3502.164085 0
360 3513.133000 3512.164085 0
361 3522.614000 3522.164085 0
362 3532.614000 3532.164085 0
363 3540.698000 3542.164085 0
364 3549.319000 3552.164085 0
365 3560.035000 3562.164085 0
366 3570.427000 3572.164085 0
367 3579.853000 3578.626085 10
368 3588.868000 3627.634959 8
369 3597.758000 3637.634959 0
370 3608.598000 3647.634959 0
371 3619.205000 3657.634959 0
372 3630.495000 3630.760124 13
373 3639.841000 3639.411935 11
374 3650.150000 3649.411935 0
375 3658.773000 3659.411935 0
376 3669.988000 3669.411935 0
377 3675.443000 3679.411935 0
378 3686.082000 3685.337235 11
379 3696.082000 3695.337235 0
380 3707.480000 3705.337235 0
381 3717.480000 3715.337235 0
382 3727.480000 3725.337235 0
383 3737.086000 3735.337235 0
384 3746.943000 3790.417940 9
385 3756.241000 3800.417940 0
386 3766.400000 3810.417940 0
387 3776.400000 3820.417940 0
388 3786.400000 3786.874941 16
389 3795.665000 3796.874941 0
390 3803.874000 3806.874941 0
391 3813.588000 3813.805159 16
392 3823.819000 3823.805159 0
393 3833.460000 3833.805159 0
394 3842.278000 3842.849485 14
395 3852.672000 3852.667352 8
396 3863.100000 3862.667352 0
397 3873.868000 3872.667352 0
398 3883.688000 3882.667352 0
399 3892.560000 3892.667352 0
400 3903.079000 3902.667352 0
401 3913.113000 3912.667352 0
402 3922.683000 3922.640472 10
403 3932.467000 3932.459962 9
404 3942.324000 3942.459962 0
405 3950.945000 3952.459962 0
406 3960.478000 3962.459962 0
407 3970.818000 3971.396271 10
408 3980.709000 3981.396271 0
409 3987.524000 3988.033697 9
410 3997.721000 3997.249792 17
411 4007.827000 4005.940275 8
412 4017.827000 4015.940275 0
413 4027.055000 4026.435150 9
414 4036.481000 4036.435150 0
415 4046.481000 4046.435150 0
416 4055.175000 4055.281379 11
417 4064.458000 4065.281379 0
418 4073.867000 4075.281379 0
419 4082.614000 4085.281379 0
420 4093.775000 4095.281379 0
421 4102.647000 4101.459158 19
422 4111.877000 4112.805041 8
423 4121.715000 4122.805041 0
424 4130.747000 4128.669108 9
425 4140.193000 4141.342454 8
426 4150.031000 4151.342454 0
427 4159.457000 4160.966443 9
428 4170.041000 4167.725988 10
429 4179.827000 4179.390434 9
430 4189.240000 4189.390434 0
431 4198.753000 4199.429792 10
432 4208.351000 4208.965426 9
433 4217.789000 4217.197590 12
434 4227.286000 4227.197590 0
435 4236.999000 4236.870347 11
436 4244.888000 4246.870347 0
437 4254.888000 4256.870347 0
438 4264.439000 4266.870347 0
439 4274.258000 4275.305133 12
440 4284.043000 4284.265662 11
441 4294.402000 4293.881026 19
442 4303.916000 4301.556625 19
443 4313.916000 4311.556625 0
444 4323.916000 4321.556625 0
445 4333.452000 4331.556625 0
446 4343.452000 4341.556625 0
447 4353.696000 4351.556625 0
448 4363.535000 4364.168718 12
449 4373.659000 4374.168718 0
450 4384.141000 4384.168718 0
451 4393.800000 4394.168718 0
452 4403.011000 4402.604974 8
453 4412.922000 4414.329835 8
454 4421.741000 4424.329835 0
455 4431.202000 4434.329835 0
456 4440.558000 4441.186074 12
457 4450.718000 4523.715501 8
458 4460.914000 4461.399140 8
459 4468.980000 4523.546515 8
460 4477.834000 4533.546515 0
461 4487.834000 4543.546515 0
462 4496.760000 4553.546515 0
463 4505.714000 4563.546515 0
464 4514.669000 4573.546515 0
465 4522.896000 4583.546515 0
466 4532.554000 4593.546515 0
467 4540.771000 4603.546515 0
468 4549.692000 4582.355786 8
469 4558.663000 4592.355786 0
470 4568.567000 4602.355786 0
471 4579.446000 4612.355786 0
472 4586.385000 4588.526660 10
473 4596.676000 4598.526660 0
474 4606.008000 4606.983006 10
475 4615.820000 4616.983006 0
476 4624.232000 4626.983006 0
477 4633.843000 4633.964867 10
478 4643.506000 4642.430616 11
479 4652.917000 4653.767194 10
480 4662.917000 4663.767194 0
481 4672.917000 4671.509333 8
