001 0.000000 -0.038824 36
002 10.000000 9.961176 0
003 20.000000 19.961176 0
004 28.072000 29.961176 0
005 38.058000 36.120946 12
006 48.059000 48.539770 9
007 58.056000 58.539770 0
008 68.056000 68.194958 13
009 78.056000 77.165034 16
010 88.056000 88.196930 15
011 98.056000 98.051839 14
012 108.056000 106.560036 16
013 118.056000 118.067050 12
014 128.056000 127.147221 17
015 138.056000 138.200751 11
016 148.056000 148.105740 26
017 158.056000 157.564372 21
018 168.056000 168.077052 13
019 178.056000 178.084935 19
020 188.056000 188.608272 28
021 198.056000 198.374463 31
022 208.056000 208.280809 29
023 218.056000 217.970938 18
024 228.056000 240.578790 9
025 238.056000 239.217171 24
026 248.056000 244.857242 8
027 258.311000 257.541679 11
028 268.392000 267.541679 0
029 278.457000 272.299799 8
030 288.680000 289.494622 19
031 299.265000 299.823954 16
032 309.265000 309.823954 0
033 319.460000 319.823954 0
034 329.886000 329.823954 0
035 331.489000 339.823954 0
036 341.050000 349.823954 0
037 352.269000 359.823954 0
038 362.269000 310.073241 8
039 372.483000 320.073241 0
040 382.483000 382.681923 13
041 392.844000 391.606507 11
042 403.556000 404.413124 22
043 414.326000 414.413124 0
044 424.449000 423.876241 13
045 434.768000 433.876241 0
046 444.768000 443.876241 0
047 452.651000 451.734073 8
048 462.775000 461.734073 0
049 472.194000 471.734073 0
050 482.194000 439.015481 8
051 491.877000 491.219792 11
052 501.624000 501.583371 15
053 511.427000 511.583371 0
054 520.978000 520.275224 13
055 530.978000 530.275224 0
056 541.619000 540.275224 0
057 550.842000 550.275224 0
058 560.228000 564.342171 14
059 569.286000 569.694265 10
060 578.659000 622.924515 10
061 588.915000 632.924515 0
062 598.555000 642.924515 0
063 608.681000 610.040434 10
064 619.259000 619.081981 16
065 628.721000 629.081981 0
066 638.369000 639.081981 0
067 647.991000 649.081981 0
068 657.851000 658.732184 13
069 666.916000 666.777095 14
070 675.899000 676.777095 0
071 685.573000 687.104447 9
072 695.248000 697.104447 0
073 705.586000 707.104447 0
074 715.395000 717.104447 0
075 725.261000 726.808812 11
076 734.717000 736.808812 0
077 745.217000 746.808812 0
078 755.217000 756.808812 0
079 764.858000 763.247116 9
080 774.506000 773.247116 0
081 785.429000 783.247116 0
082 796.513000 797.389970 8
083 806.746000 806.676042 13
084 816.819000 817.555244 13
085 826.819000 827.555244 0
086 836.249000 837.555244 0
087 846.163000 847.555244 0
088 856.163000 857.555244 0
089 864.873000 867.555244 0
090 873.220000 873.942707 17
091 883.027000 882.913954 16
092 892.860000 891.417973 9
093 902.860000 902.581503 9
094 912.210000 911.398072 9
095 921.433000 921.398072 0
096 931.433000 930.651028 11
097 940.742000 940.651028 0
098 949.547000 950.651028 0
099 958.617000 960.651028 0
100 968.324000 967.860143 8
101 977.329000 976.342257 19
102 987.329000 1037.610251 9
103 997.595000 997.438917 16
104 1007.336000 1007.438917 0
105 1017.463000 1017.438917 0
106 1028.014000 1027.438917 0
107 1037.881000 1037.438917 0
108 1046.619000 1045.502206 12
109 1056.878000 1056.896427 13
110 1066.607000 1065.789768 17
111 1076.607000 1075.789768 0
112 1085.691000 1087.689419 13
113 1095.691000 1094.694330 10
114 1104.986000 1104.694330 0
115 1115.086000 1114.097196 13
116 1124.734000 1124.097196 0
117 1133.904000 1134.097196 0
118 1143.738000 1143.306524 15
119 1153.068000 1153.306524 0
120 1162.582000 1163.987205 8
121 1172.470000 1173.987205 0
122 1181.693000 1183.987205 0
123 1191.553000 1193.987205 0
124 1201.148000 1203.987205 0
125 1211.148000 1213.987205 0
126 1220.338000 1220.721369 9
127 1229.986000 1227.059896 8
128 1239.076000 1277.376365 10
129 1249.076000 1287.376365 0
130 1257.800000 1297.376365 0
131 1267.668000 1267.531909 9
132 1278.014000 1278.398708 12
133 1288.014000 1288.398708 0
134 1297.789000 1298.398708 0
135 1307.517000 1308.398708 0
136 1317.517000 1273.422468 13
137 1327.250000 1329.684797 11
138 1336.985000 1336.058907 9
139 1346.985000 1347.549522 11
140 1356.581000 1357.549522 0
141 1365.299000 1367.549522 0
142 1375.105000 1377.549522 0
143 1385.579000 1387.549522 0
144 1395.579000 1397.323655 9
145 1405.579000 1405.185821 13
146 1415.931000 1415.409168 9
147 1425.340000 1425.409168 0
148 1434.351000 1435.409168 0
149 1443.813000 1446.281524 11
150 1453.703000 1454.028262 11
151 1463.450000 1464.028262 0
152 1471.333000 1474.028262 0
153 1481.566000 1482.226264 9
154 1491.044000 1490.397288 19
155 1500.579000 1500.397288 0
156 1510.173000 1510.397288 0
157 1520.607000 1519.216931 8
158 1530.868000 1529.216931 0
159 1540.607000 1539.216931 0
160 1549.968000 1549.216931 0
161 1560.345000 1559.216931 0
162 1570.539000 1530.355046 9
163 1579.858000 1579.790765 9
164 1589.858000 1589.790765 0
165 1599.858000 1599.790765 0
166 1610.086000 1609.790765 0
167 1620.615000 1619.790765 0
168 1631.827000 1629.790765 0
169 1641.168000 1639.790765 0
170 1651.300000 1649.790765 0
171 1663.636000 1659.790765 0
172 1672.749000 1672.199548 12
173 1683.172000 1682.199548 0
174 1693.095000 1693.986863 9
175 1702.956000 1703.222138 17
176 1713.607000 1713.222138 0
177 1724.031000 1723.222138 0
178 1734.031000 1733.222138 0
179 1742.838000 1743.222138 0
180 1752.449000 1750.092537 12
181 1760.542000 1760.092537 0
182 1770.715000 1770.653606 10
183 1780.992000 1780.653606 0
184 1790.832000 1790.702456 12
185 1800.832000 1772.475871 11
186 1810.721000 1782.475871 0
187 1820.617000 1820.491979 16
188 1830.360000 1829.903705 13
189 1840.013000 1838.982569 14
190 1849.209000 1848.982569 0
191 1860.090000 1858.982569 0
192 1869.680000 1870.156213 8
193 1879.478000 1880.156213 0
194 1889.402000 1889.003974 12
195 1899.097000 1899.003974 0
196 1908.417000 1909.003974 0
197 1917.757000 1917.154938 8
198 1926.911000 1927.344236 16
199 1937.293000 1958.671795 8
200 1946.883000 1946.824126 11
201 1954.809000 1955.512860 11
202 1964.620000 1965.512860 0
203 1974.782000 1975.512860 0
204 1985.579000 1986.038532 8
205 1995.308000 2076.360360 8
206 2005.308000 2086.360360 0
207 2015.204000 2096.360360 0
208 2024.919000 2103.932901 9
209 2034.823000 2113.932901 0
210 2044.823000 2123.932901 0
211 2053.733000 2133.932901 0
212 2065.736000 2143.932901 0
213 2075.432000 2153.932901 0
214 2085.432000 2163.932901 0
215 2095.640000 2173.932901 0
216 2105.535000 2183.932901 0
217 2116.249000 2193.932901 0
218 2125.944000 2203.932901 0
219 2135.944000 2213.932901 0
220 2146.477000 2223.932901 0
221 2156.339000 2233.932901 0
222 2166.172000 2243.932901 0
223 2176.248000 2253.932901 0
224 2185.589000 2263.932901 0
225 2195.326000 2273.932901 0
226 2205.520000 2283.932901 0
227 2217.024000 2293.932901 0
228 2227.821000 2303.932901 0
229 2237.286000 2313.932901 0
230 2246.071000 2323.932901 0
231 2256.071000 2333.932901 0
232 2265.092000 2343.932901 0
233 2275.092000 2353.932901 0
234 2284.908000 2363.932901 0
235 2294.908000 2373.932901 0
236 2304.609000 2383.932901 0
237 2314.609000 2393.932901 0
238 2324.304000 2403.932901 0
239 2334.304000 2413.932901 0
240 2344.486000 2423.932901 0
241 2353.057000 2433.932901 0
242 2362.985000 2443.932901 0
243 2372.520000 2453.932901 0
244 2381.683000 2463.932901 0
245 2392.797000 2473.932901 0
246 2402.524000 2483.932901 0
247 2412.524000 2549.659463 10
248 2422.603000 2559.659463 0
249 2432.623000 2569.659463 0
250 2442.623000 2579.659463 0
251 2451.774000 2589.659463 0
252 2461.676000 2599.659463 0
253 2470.754000 2609.659463 0
254 2481.214000 2619.659463 0
255 2491.098000 2629.659463 0
256 2500.447000 2639.659463 0
257 2509.765000 2649.659463 0
258 2518.890000 2659.659463 0
259 2529.280000 2669.659463 0
260 2538.944000 2642.485278 8
261 2548.529000 2652.485278 0
262 2558.036000 2662.485278 0
263 2567.093000 2672.485278 0
264 2575.836000 2660.275024 8
265 2585.931000 2670.275024 0
266 2595.244000 2680.275024 0
267 2605.244000 2690.275024 0
268 2615.042000 2700.275024 0
269 2624.843000 2710.275024 0
270 2635.057000 2720.275024 0
271 2645.270000 2730.275024 0
272 2654.752000 2740.275024 0
273 2664.938000 2750.275024 0
274 2674.439000 2760.275024 0
275 2684.201000 2770.275024 0
276 2693.355000 2780.275024 0
277 2703.021000 2790.275024 0
278 2712.409000 2800.275024 0
279 2722.955000 2810.275024 0
280 2733.351000 2820.275024 0
281 2743.508000 2830.275024 0
282 2753.438000 2840.275024 0
283 2763.906000 2850.275024 0
284 2774.276000 2860.275024 0
285 2783.156000 2870.275024 0
286 2792.350000 2880.275024 0
287 2802.543000 2890.275024 0
288 2812.446000 2900.275024 0
289 2821.794000 2910.275024 0
290 2830.771000 2920.275024 0
291 2841.083000 2930.275024 0
292 2851.257000 2940.275024 0
293 2861.257000 2950.275024 0
294 2871.591000 2960.275024 0
295 2880.480000 2970.275024 0
296 2890.480000 2980.275024 0
297 2900.383000 2990.275024 0
298 2910.232000 3000.275024 0
299 2920.525000 3010.275024 0
300 2930.148000 3020.275024 0
301 2939.843000 3077.665805 8
302 2949.985000 3087.665805 0
303 2959.411000 3097.665805 0
304 2969.411000 3107.665805 0
305 2979.660000 3117.665805 0
306 2989.373000 3127.665805 0
307 2999.373000 3137.665805 0
308 3009.156000 3147.665805 0
309 3018.995000 3157.665805 0
310 3028.707000 3167.665805 0
311 3038.277000 3177.665805 0
312 3046.041000 3187.665805 0
313 3054.913000 3197.665805 0
314 3064.767000 3207.665805 0
315 3074.767000 3217.665805 0
316 3084.516000 3227.665805 0
317 3092.780000 3237.665805 0
318 3102.278000 3247.665805 0
319 3113.010000 3258.756097 10
320 3122.474000 3268.756097 0
321 3132.329000 3278.756097 0
322 3140.879000 3288.756097 0
323 3150.790000 3279.143283 8
324 3160.555000 3289.143283 0
325 3169.624000 3299.143283 0
326 3177.834000 3309.143283 0
327 3187.548000 3319.143283 0
328 3198.656000 3312.249781 8
329 3208.441000 3322.249781 0
330 3217.491000 3332.249781 0
331 3228.026000 3342.249781 0
332 3238.294000 3352.249781 0
333 3248.222000 3362.249781 0
334 3258.222000 3372.249781 0
335 3267.432000 3382.249781 0
336 3277.002000 3392.249781 0
337 3287.002000 3402.249781 0
338 3297.002000 3412.249781 0
339 3307.002000 3422.249781 0
340 3316.855000 3432.249781 0
341 3326.855000 3442.249781 0
342 3335.816000 3452.249781 0
343 3346.780000 3449.783182 11
344 3357.496000 3459.783182 0
345 3367.780000 3469.783182 0
346 3377.690000 3479.783182 0
347 3387.331000 3489.783182 0
348 3397.331000 3499.783182 0
349 3403.895000 3509.783182 0
350 3413.895000 3519.783182 0
351 3423.625000 3529.783182 0
352 3434.501000 3539.783182 0
353 3444.227000 3552.330003 9
354 3454.999000 3562.330003 0
355 3464.135000 3572.330003 0
356 3474.135000 3582.330003 0
357 3484.135000 3592.330003 0
358 3493.815000 3602.330003 0
359 3503.474000 3612.330003 0
360 3513.133000 3622.330003 0
361 3522.614000 3632.330003 0
362 3532.614000 3642.330003 0
363 3540.698000 3652.330003 0
364 3549.319000 3662.330003 0
365 3560.035000 3672.330003 0
366 3570.427000 3682.330003 0
367 3579.853000 3692.330003 0
368 3588.868000 3682.935506 8
369 3597.758000 3692.935506 0
370 3608.598000 3702.935506 0
371 3619.205000 3712.935506 0
372 3630.495000 3722.935506 0
373 3639.841000 3732.935506 0
374 3650.150000 3742.935506 0
375 3658.773000 3752.935506 0
376 3669.988000 3762.935506 0
377 3675.443000 3772.935506 0
378 3686.082000 3782.935506 0
379 3696.082000 3792.935506 0
380 3707.480000 3802.935506 0
381 3717.480000 3812.935506 0
382 3727.480000 3822.935506 0
383 3737.086000 3832.935506 0
384 3746.943000 3842.935506 0
385 3756.241000 3852.935506 0
386 3766.400000 3862.935506 0
387 3776.400000 3872.935506 0
388 3786.400000 3843.577792 9
389 3795.665000 3853.577792 0
390 3803.874000 3863.577792 0
391 3813.588000 3916.782017 8
392 3823.819000 3926.782017 0
393 3833.460000 3936.782017 0
394 3842.278000 3946.782017 0
395 3852.672000 3956.782017 0
396 3863.100000 3966.782017 0
397 3873.868000 3976.782017 0
398 3883.688000 3986.782017 0
399 3892.560000 3996.782017 0
400 3903.079000 4006.782017 0
401 3913.113000 4016.782017 0
402 3922.683000 4026.782017 0
403 3932.467000 4036.782017 0
404 3942.324000 4046.782017 0
405 3950.945000 4056.782017 0
406 3960.478000 4066.782017 0
407 3970.818000 4076.782017 0
408 3980.709000 4086.782017 0
409 3987.524000 4104.629193 12
410 3997.721000 4114.629193 0
411 4007.827000 4124.629193 0
412 4017.827000 4134.629193 0
413 4027.055000 4144.629193 0
414 4036.481000 4154.629193 0
415 4046.481000 4164.629193 0
416 4055.175000 4174.629193 0
417 4064.458000 4184.629193 0
418 4073.867000 4194.629193 0
419 4082.614000 4204.629193 0
420 4093.775000 4214.629193 0
421 4102.647000 4224.629193 0
422 4111.877000 4234.629193 0
423 4121.715000 4244.629193 0
424 4130.747000 4254.629193 0
425 4140.193000 4264.629193 0
426 4150.031000 4274.629193 0
427 4159.457000 4284.629193 0
428 4170.041000 4294.629193 0
429 4179.827000 4304.629193 0
430 4189.240000 4314.629193 0
431 4198.753000 4324.629193 0
432 4208.351000 4334.629193 0
433 4217.789000 4344.629193 0
434 4227.286000 4354.629193 0
435 4236.999000 4364.629193 0
436 4244.888000 4374.629193 0
437 4254.888000 4384.629193 0
438 4264.439000 4394.629193 0
439 4274.258000 4404.629193 0
440 4284.043000 4414.629193 0
441 4294.402000 4424.629193 0
442 4303.916000 4434.629193 0
443 4313.916000 4444.629193 0
444 4323.916000 4454.629193 0
445 4333.452000 4464.629193 0
446 4343.452000 4474.629193 0
447 4353.696000 4484.629193 0
448 4363.535000 4506.375009 10
449 4373.659000 4516.375009 0
450 4384.141000 4526.375009 0
451 4393.800000 4536.375009 0
452 4403.011000 4546.375009 0
453 4412.922000 4556.375009 0
454 4421.741000 4566.375009 0
455 4431.202000 4576.375009 0
456 4440.558000 4586.375009 0
457 4450.718000 4596.375009 0
458 4460.914000 4635.189988 8
459 4468.980000 4634.840454 8
460 4477.834000 4644.840454 0
461 4487.834000 4654.840454 0
462 4496.760000 4664.840454 0
463 4505.714000 4674.840454 0
464 4514.669000 4684.840454 0
465 4522.896000 4694.840454 0
466 4532.554000 4577.493183 8
467 4540.771000 4605.455826 9
468 4549.692000 4615.455826 0
469 4558.663000 4625.455826 0
470 4568.567000 4635.455826 0
471 4579.446000 4645.455826 0
472 4586.385000 4655.455826 0
473 4596.676000 4665.455826 0
474 4606.008000 4604.968047 15
475 4615.820000 4614.968047 0
476 4624.232000 4624.968047 0
477 4633.843000 4633.702540 12
478 4643.506000 4643.484416 12
479 4652.917000 4653.484416 0
480 4662.917000 4663.484416 0
481 4672.917000 4673.484416 0
