001 0.000000 0.109556 37
002 10.000000 8.509512 9
003 20.000000 18.509512 0
004 28.072000 28.509512 0
005 38.058000 35.752815 13
006 48.059000 48.982718 10
007 58.056000 58.982718 0
008 68.056000 68.205668 12
009 78.056000 77.217469 17
010 88.056000 88.248817 16
011 98.056000 98.222552 11
012 108.056000 106.824323 18
013 118.056000 118.812812 11
014 128.056000 127.826677 11
015 138.056000 137.896559 13
016 148.056000 148.107127 25
017 158.056000 157.981662 20
018 168.056000 168.500434 11
019 178.056000 178.084170 18
020 188.056000 188.608978 28
021 198.056000 198.042751 33
022 208.056000 208.344706 28
023 218.056000 218.068272 19
024 228.056000 241.367012 11
025 238.056000 239.481970 23
026 248.056000 244.857242 8
027 258.311000 257.541679 11
028 268.392000 267.541679 0
029 278.457000 272.499086 9
030 288.680000 289.582278 18
031 299.265000 299.489917 15
032 309.265000 309.489917 0
033 319.460000 319.489917 0
034 329.886000 329.489917 0
035 331.489000 339.489917 0
036 341.050000 349.489917 0
037 352.269000 359.489917 0
038 362.269000 369.489917 0
039 372.483000 379.489917 0
040 382.483000 383.186590 15
041 392.844000 395.041029 10
042 403.556000 404.142633 20
043 414.326000 414.142633 0
044 424.449000 424.534010 13
045 434.768000 434.534010 0
046 444.768000 444.534010 0
047 452.651000 454.534010 0
048 462.775000 464.534010 0
049 472.194000 474.534010 0
050 482.194000 441.366761 10
051 491.877000 491.293773 11
052 501.624000 501.626511 12
053 511.427000 511.626511 0
054 520.978000 520.141110 8
055 530.978000 530.141110 0
056 541.619000 540.141110 0
057 550.842000 550.141110 0
058 560.228000 563.918148 12
059 569.286000 569.646299 11
060 578.659000 577.558934 9
061 588.915000 585.898937 8
062 598.555000 595.898937 0
063 608.681000 608.777879 12
064 619.259000 618.709808 17
065 628.721000 628.709808 0
066 638.369000 638.709808 0
067 647.991000 648.709808 0
068 657.851000 658.654099 14
069 666.916000 666.761529 13
070 675.899000 676.761529 0
071 685.573000 685.915144 8
072 695.248000 693.868171 9
073 705.586000 703.868171 0
074 715.395000 713.868171 0
075 725.261000 726.808812 11
076 734.717000 736.808812 0
077 745.217000 746.808812 0
078 755.217000 756.808812 0
079 764.858000 762.648191 9
080 774.506000 772.648191 0
081 785.429000 782.648191 0
082 796.513000 798.677314 9
083 806.746000 806.491834 14
084 816.819000 817.147330 13
085 826.819000 827.147330 0
086 836.249000 837.147330 0
087 846.163000 847.147330 0
088 856.163000 857.147330 0
089 864.873000 867.147330 0
090 873.220000 874.078853 14
091 883.027000 882.947674 17
092 892.860000 891.542375 10
093 902.860000 902.784520 9
094 912.210000 912.558798 8
095 921.433000 922.558798 0
096 931.433000 931.180037 10
097 940.742000 941.180037 0
098 949.547000 951.180037 0
099 958.617000 961.180037 0
100 968.324000 971.180037 0
101 977.329000 976.898196 13
102 987.329000 984.796452 9
103 997.595000 997.209371 17
104 1007.336000 1007.209371 0
105 1017.463000 1017.209371 0
106 1028.014000 1027.209371 0
107 1037.881000 1039.945517 8
108 1046.619000 1044.933179 13
109 1056.878000 1057.794654 12
110 1066.607000 1065.816542 18
111 1076.607000 1075.816542 0
112 1085.691000 1087.050051 13
113 1095.691000 1094.833723 12
114 1104.986000 1104.833723 0
115 1115.086000 1114.166522 14
116 1124.734000 1124.166522 0
117 1133.904000 1134.166522 0
118 1143.738000 1143.295302 14
119 1153.068000 1153.295302 0
120 1162.582000 1162.727746 9
121 1172.470000 1172.727746 0
122 1181.693000 1182.727746 0
123 1191.553000 1192.727746 0
124 1201.148000 1202.727746 0
125 1211.148000 1212.727746 0
126 1220.338000 1220.612784 11
127 1229.986000 1227.803855 9
128 1239.076000 1278.521634 11
129 1249.076000 1288.521634 0
130 1257.800000 1361.114335 8
131 1267.668000 1266.697947 10
132 1278.014000 1277.124258 16
133 1288.014000 1287.124258 0
134 1297.789000 1297.124258 0
135 1307.517000 1307.124258 0
136 1317.517000 1272.575217 13
137 1327.250000 1328.644235 13
138 1336.985000 1336.717890 9
139 1346.985000 1347.859495 12
140 1356.581000 1357.859495 0
141 1365.299000 1367.859495 0
142 1375.105000 1377.859495 0
143 1385.579000 1387.859495 0
144 1395.579000 1397.041053 8
145 1405.579000 1405.242997 15
146 1415.931000 1415.449846 11
147 1425.340000 1425.449846 0
148 1434.351000 1435.449846 0
149 1443.813000 1448.076612 11
150 1453.703000 1458.076612 0
151 1463.450000 1468.076612 0
152 1471.333000 1478.076612 0
153 1481.566000 1482.340471 8
154 1491.044000 1489.680060 13
155 1500.579000 1499.680060 0
156 1510.173000 1509.680060 0
157 1520.607000 1518.169801 11
158 1530.868000 1528.169801 0
159 1540.607000 1538.169801 0
160 1549.968000 1548.169801 0
161 1560.345000 1516.873915 8
162 1570.539000 1530.899564 8
163 1579.858000 1579.309728 8
164 1589.858000 1589.309728 0
165 1599.858000 1599.309728 0
166 1610.086000 1609.309728 0
167 1620.615000 1619.309728 0
168 1631.827000 1638.232643 8
169 1641.168000 1648.232643 0
170 1651.300000 1650.281877 10
171 1663.636000 1660.281877 0
172 1672.749000 1672.285151 13
173 1683.172000 1682.285151 0
174 1693.095000 1692.523922 8
175 1702.956000 1702.682643 17
176 1713.607000 1712.682643 0
177 1724.031000 1722.682643 0
178 1734.031000 1732.682643 0
179 1742.838000 1742.682643 0
180 1752.449000 1750.762108 11
181 1760.542000 1760.762108 0
182 1770.715000 1770.653606 10
183 1780.992000 1780.653606 0
184 1790.832000 1790.653606 0
185 1800.832000 1769.089808 10
186 1810.721000 1811.836564 10
187 1820.617000 1820.541541 18
188 1830.360000 1829.846905 16
189 1840.013000 1838.170882 10
190 1849.209000 1848.170882 0
191 1860.090000 1858.170882 0
192 1869.680000 1869.835444 8
193 1879.478000 1883.713227 10
194 1889.402000 1888.845956 13
195 1899.097000 1898.845956 0
196 1908.417000 1908.845956 0
197 1917.757000 1917.365028 11
198 1926.911000 1927.113637 18
199 1937.293000 1957.570649 8
200 1946.883000 1947.253429 9
201 1954.809000 1955.405252 13
202 1964.620000 1965.405252 0
203 1974.782000 1975.405252 0
204 1985.579000 1986.524745 10
205 1995.308000 1993.790077 11
206 2005.308000 2003.790077 0
207 2015.204000 2013.790077 0
208 2024.919000 2025.213044 10
209 2034.823000 2035.213044 0
210 2044.823000 2045.149967 18
211 2053.733000 2055.149967 0
212 2065.736000 2067.750294 9
213 2075.432000 2075.504168 13
214 2085.432000 2084.931687 8
215 2095.640000 2094.931687 0
216 2105.535000 2104.931687 0
217 2116.249000 2114.931687 0
218 2125.944000 2126.266020 12
219 2135.944000 2136.266020 0
220 2146.477000 2146.266020 0
221 2156.339000 2156.266020 0
222 2166.172000 2168.287473 13
223 2176.248000 2178.287473 0
224 2185.589000 2188.287473 0
225 2195.326000 2193.341730 8
226 2205.520000 2204.504466 8
227 2217.024000 2214.504466 0
228 2227.821000 2227.387208 13
229 2237.286000 2236.701043 16
230 2246.071000 2246.701043 0
231 2256.071000 2256.701043 0
232 2265.092000 2266.701043 0
233 2275.092000 2276.701043 0
234 2284.908000 2286.050728 9
235 2294.908000 2295.029510 10
236 2304.609000 2305.315485 10
237 2314.609000 2315.315485 0
238 2324.304000 2325.315485 0
239 2334.304000 2328.895541 9
240 2344.486000 2338.895541 0
241 2353.057000 2348.895541 0
242 2362.985000 2358.895541 0
243 2372.520000 2372.541001 14
244 2381.683000 2382.541001 0
245 2392.797000 2392.541001 0
246 2402.524000 2402.848560 14
247 2412.524000 2412.146320 19
248 2422.603000 2424.031344 13
249 2432.623000 2434.031344 0
250 2442.623000 2441.938348 9
251 2451.774000 2449.350821 10
252 2461.676000 2459.350821 0
253 2470.754000 2472.034521 12
254 2481.214000 2479.955315 12
255 2491.098000 2489.955315 0
256 2500.447000 2499.955315 0
257 2509.765000 2509.955315 0
258 2518.890000 2533.073984 9
259 2529.280000 2543.073984 0
260 2538.944000 2539.117168 8
261 2548.529000 2546.942937 8
262 2558.036000 2556.942937 0
263 2567.093000 2567.126170 10
264 2575.836000 2577.126170 0
265 2585.931000 2587.126170 0
266 2595.244000 2597.126170 0
267 2605.244000 2607.126170 0
268 2615.042000 2612.291350 8
269 2624.843000 2622.291350 0
270 2635.057000 2632.291350 0
271 2645.270000 2642.291350 0
272 2654.752000 2652.291350 0
273 2664.938000 2662.291350 0
274 2674.439000 2673.891907 11
275 2684.201000 2683.891907 0
276 2693.355000 2693.891907 0
277 2703.021000 2705.462205 9
278 2712.409000 2711.617322 9
279 2722.955000 2721.617322 0
280 2733.351000 2732.836970 16
281 2743.508000 2742.836970 0
282 2753.438000 2752.836970 0
283 2763.906000 2762.836970 0
284 2774.276000 2772.836970 0
285 2783.156000 2783.514810 11
286 2792.350000 2793.514810 0
287 2802.543000 2803.514810 0
288 2812.446000 2813.514810 0
289 2821.794000 2823.514810 0
290 2830.771000 2833.514810 0
291 2841.083000 2843.514810 0
292 2851.257000 2853.514810 0
293 2861.257000 2863.514810 0
294 2871.591000 2873.514810 0
295 2880.480000 2883.514810 0
296 2890.480000 2890.200038 9
297 2900.383000 2900.826201 15
298 2910.232000 2910.826201 0
299 2920.525000 2920.465755 8
300 2930.148000 2930.465755 0
301 2939.843000 2939.249525 12
302 2949.985000 2949.249525 0
303 2959.411000 2959.249525 0
304 2969.411000 2969.249525 0
305 2979.660000 2979.249525 0
306 2989.373000 2989.249525 0
307 2999.373000 2999.249525 0
308 3009.156000 3009.249525 0
309 3018.995000 3019.129632 11
310 3028.707000 3028.334495 10
311 3038.277000 3038.334495 0
312 3046.041000 3043.971901 14
313 3054.913000 3053.971901 0
314 3064.767000 3063.971901 0
315 3074.767000 3074.616276 8
316 3084.516000 3084.039269 11
317 3092.780000 3091.837470 11
318 3102.278000 3103.022334 15
319 3113.010000 3113.022334 0
320 3122.474000 3123.022334 0
321 3132.329000 3133.022334 0
322 3140.879000 3143.022334 0
323 3150.790000 3153.022334 0
324 3160.555000 3163.022334 0
325 3169.624000 3173.022334 0
326 3177.834000 3183.022334 0
327 3187.548000 3193.022334 0
328 3198.656000 3203.022334 0
329 3208.441000 3213.022334 0
330 3217.491000 3218.069041 8
331 3228.026000 3273.378660 8
332 3238.294000 3283.378660 0
333 3248.222000 3293.378660 0
334 3258.222000 3256.808902 12
335 3267.432000 3266.808902 0
336 3277.002000 3275.020520 11
337 3287.002000 3285.020520 0
338 3297.002000 3295.020520 0
339 3307.002000 3309.054664 14
340 3316.855000 3319.054664 0
341 3326.855000 3329.054664 0
342 3335.816000 3339.054664 0
343 3346.780000 3349.054664 0
344 3357.496000 3358.133236 11
345 3367.780000 3367.643669 20
346 3377.690000 3377.643669 0
347 3387.331000 3387.643669 0
348 3397.331000 3397.643669 0
349 3403.895000 3407.643669 0
350 3413.895000 3417.643669 0
351 3423.625000 3424.136132 11
352 3434.501000 3441.332601 10
353 3444.227000 3451.332601 0
354 3454.999000 3454.587931 10
355 3464.135000 3463.747369 14
356 3474.135000 3473.747369 0
357 3484.135000 3483.364617 9
358 3493.815000 3494.121034 9
359 3503.474000 3504.066707 8
360 3513.133000 3514.066707 0
361 3522.614000 3524.066707 0
362 3532.614000 3534.066707 0
363 3540.698000 3544.066707 0
364 3549.319000 3554.066707 0
365 3560.035000 3564.066707 0
366 3570.427000 3574.066707 0
367 3579.853000 3579.129211 16
368 3588.868000 3589.129211 0
369 3597.758000 3599.129211 0
370 3608.598000 3609.129211 0
371 3619.205000 3619.129211 0
372 3630.495000 3630.540374 15
373 3639.841000 3638.552850 13
374 3650.150000 3648.552850 0
375 3658.773000 3663.063821 8
376 3669.988000 3673.063821 0
377 3675.443000 3683.063821 0
378 3686.082000 3693.063821 0
379 3696.082000 3703.063821 0
380 3707.480000 3713.063821 0
381 3717.480000 3723.063821 0
382 3727.480000 3733.063821 0
383 3737.086000 3743.063821 0
384 3746.943000 3743.373855 9
385 3756.241000 3759.774637 8
386 3766.400000 3769.774637 0
387 3776.400000 3779.774637 0
388 3786.400000 3786.042901 17
389 3795.665000 3796.042901 0
390 3803.874000 3804.100804 11
391 3813.588000 3813.700889 9
392 3823.819000 3823.848074 8
393 3833.460000 3833.848074 0
394 3842.278000 3843.328637 8
395 3852.672000 3853.328637 0
396 3863.100000 3863.328637 0
397 3873.868000 3874.082606 10
398 3883.688000 3880.618451 11
399 3892.560000 3890.618451 0
400 3903.079000 3900.618451 0
401 3913.113000 3914.555062 10
402 3922.683000 3922.552198 10
403 3932.467000 3932.552198 0
404 3942.324000 3942.552198 0
405 3950.945000 3952.552198 0
406 3960.478000 3962.552198 0
407 3970.818000 3972.552198 0
408 3980.709000 3982.552198 0
409 3987.524000 3987.099397 9
410 3997.721000 3997.842016 23
411 4007.827000 4007.842016 0
412 4017.827000 4017.842016 0
413 4027.055000 4027.476132 8
414 4036.481000 4102.928952 8
415 4046.481000 4112.928952 0
416 4055.175000 4122.928952 0
417 4064.458000 4132.928952 0
418 4073.867000 4124.208458 8
419 4082.614000 4134.208458 0
420 4093.775000 4144.208458 0
421 4102.647000 4224.164062 8
422 4111.877000 4234.164062 0
423 4121.715000 4244.164062 0
424 4130.747000 4254.164062 0
425 4140.193000 4264.164062 0
426 4150.031000 4274.164062 0
427 4159.457000 4284.164062 0
428 4170.041000 4294.164062 0
429 4179.827000 4304.164062 0
430 4189.240000 4314.164062 0
431 4198.753000 4324.164062 0
432 4208.351000 4334.164062 0
433 4217.789000 4344.164062 0
434 4227.286000 4354.164062 0
435 4236.999000 4364.164062 0
436 4244.888000 4374.164062 0
437 4254.888000 4384.164062 0
438 4264.439000 4394.164062 0
439 4274.258000 4404.164062 0
440 4284.043000 4414.164062 0
441 4294.402000 4424.164062 0
442 4303.916000 4434.164062 0
443 4313.916000 4444.164062 0
444 4323.916000 4454.164062 0
445 4333.452000 4464.164062 0
446 4343.452000 4474.164062 0
447 4353.696000 4484.164062 0
448 4363.535000 4506.308531 9
449 4373.659000 4516.308531 0
450 4384.141000 4526.308531 0
451 4393.800000 4536.308531 0
452 4403.011000 4546.308531 0
453 4412.922000 4556.308531 0
454 4421.741000 4566.308531 0
455 4431.202000 4576.308531 0
456 4440.558000 4586.308531 0
457 4450.718000 4596.308531 0
458 4460.914000 4634.747181 8
459 4468.980000 4635.430040 11
460 4477.834000 4645.430040 0
461 4487.834000 4655.430040 0
462 4496.760000 4665.430040 0
463 4505.714000 4581.845742 8
464 4514.669000 4591.845742 0
465 4522.896000 4601.845742 0
466 4532.554000 4577.238423 9
467 4540.771000 4605.063243 9
468 4549.692000 4615.063243 0
469 4558.663000 4625.063243 0
470 4568.567000 4635.063243 0
471 4579.446000 4645.063243 0
472 4586.385000 4588.266123 8
473 4596.676000 4598.266123 0
474 4606.008000 4603.151598 15
475 4615.820000 4613.151598 0
476 4624.232000 4623.151598 0
477 4633.843000 4633.677025 11
478 4643.506000 4643.844195 13
479 4652.917000 4653.844195 0
480 4662.917000 4663.844195 0
481 4672.917000 4673.844195 0
