001 0.000000 0.874795 20
002 10.000000 10.874795 0
003 20.000000 20.874795 0
004 28.072000 30.874795 0
005 38.058000 59.963643 9
006 48.059000 48.983587 16
007 58.056000 58.239793 10
008 68.056000 68.054199 12
009 78.056000 77.918541 8
010 88.056000 87.941954 16
011 98.056000 98.412035 18
012 108.056000 103.478347 13
013 118.056000 118.303671 13
014 128.056000 127.957682 18
015 138.056000 138.203951 21
016 148.056000 148.183957 32
017 158.056000 158.020054 13
018 168.056000 168.020054 0
019 178.056000 179.309240 19
020 188.056000 188.579847 26
021 198.056000 198.371029 20
022 208.056000 208.200949 23
023 218.056000 215.048762 13
024 228.056000 225.048762 0
025 238.056000 238.926263 15
026 248.056000 248.926263 0
027 258.311000 258.926263 0
028 268.392000 269.982597 9
029 278.457000 275.213124 15
030 288.680000 280.748754 8
031 299.265000 300.495204 16
032 309.265000 310.495204 0
033 319.460000 320.495204 0
034 329.886000 330.495204 0
035 331.489000 340.495204 0
036 341.050000 350.495204 0
037 352.269000 360.495204 0
038 362.269000 370.495204 0
039 372.483000 380.495204 0
040 382.483000 442.180327 11
041 392.844000 393.980368 12
042 403.556000 402.952964 11
043 414.326000 402.793729 9
044 424.449000 412.793729 0
045 434.768000 434.648140 11
046 444.768000 444.648140 0
047 452.651000 454.648140 0
048 462.775000 464.648140 0
049 472.194000 474.648140 0
050 482.194000 481.291369 15
051 491.877000 494.568663 12
052 501.624000 501.242759 9
053 511.427000 510.884511 10
054 520.978000 520.884511 0
055 530.978000 530.884511 0
056 541.619000 540.884511 0
057 550.842000 550.884511 0
058 560.228000 560.884511 0
059 569.286000 569.325278 16
060 578.659000 575.780900 11
061 588.915000 587.896599 18
062 598.555000 597.896599 0
063 608.681000 607.896599 0
064 619.259000 617.803795 10
065 628.721000 627.546448 8
066 638.369000 637.546448 0
067 647.991000 647.546448 0
068 657.851000 616.584925 10
069 666.916000 666.262962 14
070 675.899000 676.206363 11
071 685.573000 686.206363 0
072 695.248000 696.206363 0
073 705.586000 706.206363 0
074 715.395000 716.206363 0
075 725.261000 726.206363 0
076 734.717000 736.206363 0
077 745.217000 746.206363 0
078 755.217000 755.726503 11
079 764.858000 765.726503 0
080 774.506000 775.726503 0
081 785.429000 785.726503 0
082 796.513000 796.149652 16
083 806.746000 806.967144 9
084 816.819000 816.967144 0
085 826.819000 824.976202 8
086 836.249000 834.976202 0
087 846.163000 844.976202 0
088 856.163000 854.678575 9
089 864.873000 864.678575 0
090 873.220000 874.678575 0
091 883.027000 884.678575 0
092 892.860000 894.678575 0
093 902.860000 904.678575 0
094 912.210000 985.305387 10
095 921.433000 995.305387 0
096 931.433000 1005.305387 0
097 940.742000 1015.305387 0
098 949.547000 1025.305387 0
099 958.617000 1035.305387 0
100 968.324000 1045.305387 0
101 977.329000 1109.244224 10
102 987.329000 1119.244224 0
103 997.595000 1129.244224 0
104 1007.336000 1139.244224 0
105 1017.463000 1112.367750 8
106 1028.014000 1122.367750 0
107 1037.881000 1132.367750 0
108 1046.619000 1142.367750 0
109 1056.878000 1152.367750 0
110 1066.607000 1162.367750 0
111 1076.607000 1172.367750 0
112 1085.691000 1182.367750 0
113 1095.691000 1167.369301 8
114 1104.986000 1177.369301 0
115 1115.086000 1187.369301 0
116 1124.734000 1197.369301 0
117 1133.904000 1207.369301 0
118 1143.738000 1217.369301 0
119 1153.068000 1227.369301 0
120 1162.582000 1277.959149 8
121 1172.470000 1287.959149 0
122 1181.693000 1337.017230 8
123 1191.553000 1347.017230 0
124 1201.148000 1341.089507 8
125 1211.148000 1351.089507 0
126 1220.338000 1341.036578 9
127 1229.986000 1351.036578 0
128 1239.076000 1336.555102 10
129 1249.076000 1346.555102 0
130 1257.800000 1356.555102 0
131 1267.668000 1366.555102 0
132 1278.014000 1332.889339 8
133 1288.014000 1342.889339 0
134 1297.789000 1352.889339 0
135 1307.517000 1362.889339 0
136 1317.517000 1372.889339 0
137 1327.250000 1404.574462 8
138 1336.985000 1336.778816 14
139 1346.985000 1346.142786 10
140 1356.581000 1356.142786 0
141 1365.299000 1366.142786 0
142 1375.105000 1377.430976 10
143 1385.579000 1387.430976 0
144 1395.579000 1397.430976 0
145 1405.579000 1450.009654 10
146 1415.931000 1415.871671 9
147 1425.340000 1425.871671 0
148 1434.351000 1435.871671 0
149 1443.813000 1443.338269 11
150 1453.703000 1453.471148 14
151 1463.450000 1463.471148 0
152 1471.333000 1473.471148 0
153 1481.566000 1483.471148 0
154 1491.044000 1493.471148 0
155 1500.579000 1503.471148 0
156 1510.173000 1513.471148 0
157 1520.607000 1524.888767 10
158 1530.868000 1534.888767 0
159 1540.607000 1544.888767 0
160 1549.968000 1554.888767 0
161 1560.345000 1571.418376 8
162 1570.539000 1572.075156 9
163 1579.858000 1580.094005 16
164 1589.858000 1590.094005 0
165 1599.858000 1600.094005 0
166 1610.086000 1610.094005 0
167 1620.615000 1620.085377 17
168 1631.827000 1630.501790 9
169 1641.168000 1641.739853 12
170 1651.300000 1651.739853 0
171 1663.636000 1661.739853 0
172 1672.749000 1671.684174 12
173 1683.172000 1681.684174 0
174 1693.095000 1693.435960 8
175 1702.956000 1700.082462 12
176 1713.607000 1710.082462 0
177 1724.031000 1720.082462 0
178 1734.031000 1730.082462 0
179 1742.838000 1743.242736 11
180 1752.449000 1753.242736 0
181 1760.542000 1763.242736 0
182 1770.715000 1774.323068 8
183 1780.992000 1784.323068 0
184 1790.832000 1790.818709 8
185 1800.832000 1800.818709 0
186 1810.721000 1810.044325 19
187 1820.617000 1820.371141 12
188 1830.360000 1829.883902 11
189 1840.013000 1840.548941 14
190 1849.209000 1850.548941 0
191 1860.090000 1860.548941 0
192 1869.680000 1868.040924 10
193 1879.478000 1881.291014 9
194 1889.402000 1888.126983 8
195 1899.097000 1898.405537 16
196 1908.417000 1908.405537 0
197 1917.757000 1917.912011 15
198 1926.911000 1925.965443 14
199 1937.293000 1935.965443 0
200 1946.883000 1945.965443 0
201 1954.809000 1955.448166 8
202 1964.620000 1965.448166 0
203 1974.782000 1975.448166 0
204 1985.579000 1987.422752 10
205 1995.308000 1997.422752 0
206 2005.308000 2007.422752 0
207 2015.204000 2017.422752 0
208 2024.919000 2023.825120 9
209 2034.823000 2033.825120 0
210 2044.823000 2044.975813 20
211 2053.733000 2054.975813 0
212 2065.736000 2065.798195 9
213 2075.432000 2075.235883 10
214 2085.432000 2085.235883 0
215 2095.640000 2095.235883 0
216 2105.535000 2126.198216 8
217 2116.249000 2136.198216 0
218 2125.944000 2126.409079 13
219 2135.944000 2136.409079 0
220 2146.477000 2146.366052 11
221 2156.339000 2156.366052 0
222 2166.172000 2166.168425 13
223 2176.248000 2176.168425 0
224 2185.589000 2186.168425 0
225 2195.326000 2196.062668 17
226 2205.520000 2206.062668 0
227 2217.024000 2217.705751 12
228 2227.821000 2170.926941 8
229 2237.286000 2236.279881 8
230 2246.071000 2260.294126 8
231 2256.071000 2270.294126 0
232 2265.092000 2265.365354 9
233 2275.092000 2275.250424 8
234 2284.908000 2285.250424 0
235 2294.908000 2295.086609 16
236 2304.609000 2304.540239 11
237 2314.609000 2314.540239 0
238 2324.304000 2324.540239 0
239 2334.304000 2334.540239 0
240 2344.486000 2345.313805 15
241 2353.057000 2355.313805 0
242 2362.985000 2362.097720 8
243 2372.520000 2371.435702 14
244 2381.683000 2381.435702 0
245 2392.797000 2390.380606 13
246 2402.524000 2404.293381 11
247 2412.524000 2412.573192 15
248 2422.603000 2422.496125 11
249 2432.623000 2432.729504 10
250 2442.623000 2442.729504 0
251 2451.774000 2452.729504 0
252 2461.676000 2460.786670 8
253 2470.754000 2470.786670 0
254 2481.214000 2481.193951 10
255 2491.098000 2491.193951 0
256 2500.447000 2501.193951 0
257 2509.765000 2511.193951 0
258 2518.890000 2520.265697 8
259 2529.280000 2530.265697 0
260 2538.944000 2538.985555 11
261 2548.529000 2548.985555 0
262 2558.036000 2558.985555 0
263 2567.093000 2568.985555 0
264 2575.836000 2578.985555 0
265 2585.931000 2588.985555 0
266 2595.244000 2598.985555 0
267 2605.244000 2608.985555 0
268 2615.042000 2612.501331 11
269 2624.843000 2622.501331 0
270 2635.057000 2632.501331 0
271 2645.270000 2642.501331 0
272 2654.752000 2652.501331 0
273 2664.938000 2662.501331 0
274 2674.439000 2673.534422 9
275 2684.201000 2684.591028 8
276 2693.355000 2694.591028 0
277 2703.021000 2704.591028 0
278 2712.409000 2714.640141 9
279 2722.955000 2723.154441 9
280 2733.351000 2733.297033 8
281 2743.508000 2743.450888 11
282 2753.438000 2753.450888 0
283 2763.906000 2766.792470 10
284 2774.276000 2776.792470 0
285 2783.156000 2782.460498 13
286 2792.350000 2792.460498 0
287 2802.543000 2802.460498 0
288 2812.446000 2812.460498 0
289 2821.794000 2822.460498 0
290 2830.771000 2832.460498 0
291 2841.083000 2842.460498 0
292 2851.257000 2852.460498 0
293 2861.257000 2862.460498 0
294 2871.591000 2865.763900 9
295 2880.480000 2875.763900 0
296 2890.480000 2890.021827 13
297 2900.383000 2900.021827 0
298 2910.232000 2910.021827 0
299 2920.525000 2920.021827 0
300 2930.148000 2929.960823 12
301 2939.843000 2939.960823 0
302 2949.985000 2949.960823 0
303 2959.411000 2954.446261 8
304 2969.411000 2964.446261 0
305 2979.660000 2978.850154 8
306 2989.373000 2988.850154 0
307 2999.373000 3001.738675 12
308 3009.156000 3011.738675 0
309 3018.995000 3019.641642 14
310 3028.707000 3027.793597 8
311 3038.277000 3037.793597 0
312 3046.041000 3047.793597 0
313 3054.913000 3057.793597 0
314 3064.767000 3064.313977 10
315 3074.767000 3074.313977 0
316 3084.516000 3084.050324 9
317 3092.780000 3094.050324 0
318 3102.278000 3101.378347 13
319 3113.010000 3111.378347 0
320 3122.474000 3121.378347 0
321 3132.329000 3132.189755 10
322 3140.879000 3140.358056 12
323 3150.790000 3150.097901 9
324 3160.555000 3158.680629 14
325 3169.624000 3168.680629 0
326 3177.834000 3178.563096 8
327 3187.548000 3185.267140 12
328 3198.656000 3199.044027 10
329 3208.441000 3209.044027 0
330 3217.491000 3219.044027 0
331 3228.026000 3227.287237 15
332 3238.294000 3237.287237 0
333 3248.222000 3249.111987 8
334 3258.222000 3259.111987 0
335 3267.432000 3267.090816 8
336 3277.002000 3275.991695 11
337 3287.002000 3285.991695 0
338 3297.002000 3265.846907 8
339 3307.002000 3307.435876 15
340 3316.855000 3317.435876 0
341 3326.855000 3327.435876 0
342 3335.816000 3337.435876 0
343 3346.780000 3394.378808 14
344 3357.496000 3358.797228 11
345 3367.780000 3367.060519 18
346 3377.690000 3377.060519 0
347 3387.331000 3389.319119 8
348 3397.331000 3399.319119 0
349 3403.895000 3409.319119 0
350 3413.895000 3419.319119 0
351 3423.625000 3429.319119 0
352 3434.501000 3439.319119 0
353 3444.227000 3444.849954 9
354 3454.999000 3451.214631 8
355 3464.135000 3461.701154 10
356 3474.135000 3471.701154 0
357 3484.135000 3485.158704 10
358 3493.815000 3492.772712 17
359 3503.474000 3503.622154 10
360 3513.133000 3513.622154 0
361 3522.614000 3523.622154 0
362 3532.614000 3533.622154 0
363 3540.698000 3543.622154 0
364 3549.319000 3553.622154 0
365 3560.035000 3563.622154 0
366 3570.427000 3573.622154 0
367 3579.853000 3578.922394 9
368 3588.868000 3588.922394 0
369 3597.758000 3598.922394 0
370 3608.598000 3608.922394 0
371 3619.205000 3618.922394 0
372 3630.495000 3631.021985 11
373 3639.841000 3641.021985 0
374 3650.150000 3651.021985 0
375 3658.773000 3661.021985 0
376 3669.988000 3671.021985 0
377 3675.443000 3681.021985 0
378 3686.082000 3686.224266 12
379 3696.082000 3696.224266 0
380 3707.480000 3706.224266 0
381 3717.480000 3716.224266 0
382 3727.480000 3726.224266 0
383 3737.086000 3736.224266 0
384 3746.943000 3789.917720 8
385 3756.241000 3799.917720 0
386 3766.400000 3809.917720 0
387 3776.400000 3819.917720 0
388 3786.400000 3786.874941 16
389 3795.665000 3796.874941 0
390 3803.874000 3806.874941 0
391 3813.588000 3813.808213 15
392 3823.819000 3823.808213 0
393 3833.460000 3833.808213 0
394 3842.278000 3842.782750 13
395 3852.672000 3852.667352 8
396 3863.100000 3862.667352 0
397 3873.868000 3872.667352 0
398 3883.688000 3882.667352 0
399 3892.560000 3892.667352 0
400 3903.079000 3902.667352 0
401 3913.113000 3912.667352 0
402 3922.683000 3922.845891 11
403 3932.467000 3932.845891 0
404 3942.324000 3942.845891 0
405 3950.945000 3952.845891 0
406 3960.478000 3962.845891 0
407 3970.818000 3972.845891 0
408 3980.709000 3982.845891 0
409 3987.524000 3988.033697 9
410 3997.721000 3997.052380 17
411 4007.827000 4005.940275 8
412 4017.827000 4015.940275 0
413 4027.055000 4026.621807 10
414 4036.481000 4036.621807 0
415 4046.481000 4046.621807 0
416 4055.175000 4053.383975 12
417 4064.458000 4063.383975 0
418 4073.867000 4073.383975 0
419 4082.614000 4083.383975 0
420 4093.775000 4093.383975 0
421 4102.647000 4101.430044 18
422 4111.877000 4114.232740 8
423 4121.715000 4124.232740 0
424 4130.747000 4128.665006 9
425 4140.193000 4141.329942 8
426 4150.031000 4151.329942 0
427 4159.457000 4161.076257 8
428 4170.041000 4169.731335 9
429 4179.827000 4246.564253 8
430 4189.240000 4256.564253 0
431 4198.753000 4198.984945 11
432 4208.351000 4208.965426 9
433 4217.789000 4216.681470 10
434 4227.286000 4226.681470 0
435 4236.999000 4236.870347 11
436 4244.888000 4246.870347 0
437 4254.888000 4256.310332 11
438 4264.439000 4266.310332 0
439 4274.258000 4275.305133 12
440 4284.043000 4284.145255 8
441 4294.402000 4294.131129 18
442 4303.916000 4301.599717 20
443 4313.916000 4311.935573 10
444 4323.916000 4321.935573 0
445 4333.452000 4331.935573 0
446 4343.452000 4341.935573 0
447 4353.696000 4351.935573 0
448 4363.535000 4363.630318 11
449 4373.659000 4373.630318 0
450 4384.141000 4383.630318 0
451 4393.800000 4393.630318 0
452 4403.011000 4402.741566 9
453 4412.922000 4412.903128 10
454 4421.741000 4422.903128 0
455 4431.202000 4432.903128 0
456 4440.558000 4441.555129 14
457 4450.718000 4451.555129 0
458 4460.914000 4461.357472 10
459 4468.980000 4471.357472 0
460 4477.834000 4481.357472 0
461 4487.834000 4485.913541 9
462 4496.760000 4495.913541 0
463 4505.714000 4505.913541 0
464 4514.669000 4515.913541 0
465 4522.896000 4525.913541 0
466 4532.554000 4535.913541 0
467 4540.771000 4540.283912 8
468 4549.692000 4548.500457 9
469 4558.663000 4558.500457 0
470 4568.567000 4568.500457 0
471 4579.446000 4578.500457 0
472 4586.385000 4588.520448 10
473 4596.676000 4598.520448 0
474 4606.008000 4606.851590 12
475 4615.820000 4616.851590 0
476 4624.232000 4626.851590 0
477 4633.843000 4633.940135 10
478 4643.506000 4643.006916 13
479 4652.917000 4653.692910 11
480 4662.917000 4663.692910 0
481 4672.917000 4671.509333 8
