001 0.000000 -0.106861 85
002 10.000000 9.915622 28
003 20.000000 20.103665 20
004 30.000000 29.861262 30
005 39.500000 39.481757 24
006 49.500000 49.467654 44
007 59.500000 59.386537 27
008 69.500000 69.586360 49
009 79.500000 79.463213 28
010 89.500000 89.374504 54
011 99.500000 99.723715 54
012 109.500000 109.641234 58
013 119.495000 119.464416 53
014 129.495000 129.497735 67
015 139.495000 139.516999 71
016 149.495000 149.529068 54
017 159.495000 159.531469 84
018 169.495000 169.338761 47
019 179.496000 179.505023 67
020 189.496000 189.451816 61
021 199.496000 199.470562 80
022 209.496000 209.637974 56
023 219.496000 219.288213 52
024 229.496000 229.050244 32
025 239.496000 240.469579 30
026 249.496000 249.811809 21
027 257.833000 260.231134 11
028 268.070000 268.758895 19
029 278.273000 277.454853 26
030 288.681000 286.818374 15
031 299.870000 301.888820 25
032 309.155000 308.652764 13
033 319.459000 318.652764 0
034 327.623000 328.652764 0
035 333.710000 387.731305 8
036 343.710000 397.731305 0
037 353.913000 407.731305 0
038 362.483000 371.148236 9
039 374.999000 381.148236 0
040 385.304000 385.026754 18
041 395.507000 395.778657 12
042 405.814000 405.874481 31
043 416.151000 392.747399 11
044 426.151000 381.954121 8
045 436.526000 436.670748 20
046 446.591000 442.684011 12
047 454.821000 455.457010 17
048 464.821000 439.456346 10
049 473.425000 449.456346 0
050 483.288000 483.017212 13
051 493.185000 493.894352 28
052 502.674000 502.883972 32
053 512.129000 511.555083 16
054 521.822000 521.896627 15
055 532.195000 530.303233 8
056 540.665000 540.303233 0
057 550.665000 554.569982 11
058 560.936000 561.104386 12
059 570.219000 569.294222 16
060 580.219000 580.013915 18
061 590.965000 590.013915 0
062 600.454000 600.555343 17
063 610.340000 611.496985 14
064 620.425000 621.106557 31
065 630.553000 630.639112 9
066 641.140000 627.934014 9
067 650.220000 637.934014 0
068 660.064000 660.381161 24
069 670.064000 670.381161 0
070 679.938000 680.876608 19
071 689.580000 689.622351 30
072 699.835000 699.622351 0
073 709.835000 709.694505 9
074 719.292000 719.694505 0
075 729.031000 729.760942 18
076 738.875000 738.409339 15
077 748.746000 747.931053 9
078 758.152000 757.706978 20
079 767.529000 805.778299 10
080 777.609000 815.778299 0
081 787.844000 788.861407 18
082 798.130000 798.956191 25
083 808.001000 807.986952 17
084 818.288000 818.316010 24
085 828.471000 827.732269 20
086 837.900000 837.732269 0
087 848.134000 847.732269 0
088 857.721000 857.602857 12
089 866.734000 866.798900 12
090 875.852000 876.505162 19
091 885.852000 885.716601 14
092 894.867000 895.716601 0
093 904.998000 905.327488 18
094 914.582000 914.614006 23
095 924.168000 924.980089 19
096 934.168000 933.486253 20
097 943.521000 927.439607 9
098 952.743000 952.364556 22
099 962.718000 909.254209 8
100 972.147000 972.422769 26
101 982.147000 982.233107 26
102 991.915000 991.862306 19
103 1002.124000 1039.224494 10
104 1012.593000 1049.224494 0
105 1022.696000 1040.536392 8
106 1032.179000 1032.576704 16
107 1041.271000 1040.823193 22
108 1051.090000 1050.848538 19
109 1061.324000 1061.625110 13
110 1071.092000 1105.855636 10
111 1081.067000 1115.855636 0
112 1090.341000 1125.855636 0
113 1100.264000 1101.281713 18
114 1110.601000 1110.346501 30
115 1120.188000 1120.384650 13
116 1129.695000 1129.332125 20
117 1139.543000 1139.332125 0
118 1148.939000 1149.601541 13
119 1159.306000 1159.550877 16
120 1168.955000 1168.487947 25
121 1178.580000 1178.487947 0
122 1188.580000 1188.487947 0
123 1198.222000 1200.425091 11
124 1208.379000 1208.508540 9
125 1218.491000 1218.975703 10
126 1228.491000 1228.097030 12
127 1237.938000 1237.325066 17
128 1248.097000 1247.325066 0
129 1257.411000 1257.325066 0
130 1267.338000 1267.267866 11
131 1277.474000 1279.681576 16
132 1287.371000 1285.891973 16
133 1295.957000 1295.190708 10
134 1306.140000 1306.245802 17
135 1316.557000 1316.245802 0
136 1325.905000 1325.957598 13
137 1336.205000 1336.269029 17
138 1346.205000 1345.792473 21
139 1355.472000 1355.039845 17
140 1365.786000 1365.039845 0
141 1375.106000 1375.039845 0
142 1384.732000 1341.035279 9
143 1394.373000 1394.360252 24
144 1403.969000 1403.803625 22
145 1413.772000 1412.857371 16
146 1423.807000 1421.751820 13
147 1432.759000 1431.751820 0
148 1442.185000 1443.596315 18
149 1452.185000 1451.883755 29
150 1461.552000 1460.459074 13
151 1469.403000 1467.175691 10
152 1481.218000 1481.825181 23
153 1491.130000 1491.825181 0
154 1501.296000 1501.825181 0
155 1511.430000 1509.891822 15
156 1521.754000 1523.390221 10
157 1531.842000 1531.586067 11
158 1540.884000 1541.586067 0
159 1551.794000 1551.719227 11
160 1561.076000 1561.367790 25
161 1570.996000 1571.051405 10
162 1580.996000 1581.500419 22
163 1590.875000 1590.986962 10
164 1600.220000 1662.485392 8
165 1609.660000 1672.485392 0
166 1616.952000 1682.485392 0
167 1627.628000 1701.189525 8
168 1638.073000 1711.189525 0
169 1647.976000 1721.189525 0
170 1659.699000 1731.189525 0
171 1669.718000 1741.189525 0
172 1680.298000 1812.802468 11
173 1690.007000 1822.802468 0
174 1700.007000 1832.802468 0
175 1710.047000 1842.802468 0
176 1719.833000 1852.802468 0
177 1729.931000 1827.233885 8
178 1740.105000 1837.233885 0
179 1750.008000 1847.233885 0
180 1759.659000 1804.974162 10
181 1768.983000 1814.974162 0
182 1778.325000 1824.974162 0
183 1786.836000 1834.974162 0
184 1796.991000 1844.974162 0
185 1806.991000 1808.294496 22
186 1817.339000 1817.189086 13
187 1826.856000 1826.674156 42
188 1836.740000 1837.530577 17
189 1847.455000 1847.530577 0
190 1858.635000 1857.060454 12
191 1868.326000 1869.556778 12
192 1878.248000 1879.102780 25
193 1887.920000 1887.240098 24
194 1897.340000 1896.682539 14
195 1905.560000 1903.384363 8
196 1915.773000 1919.487559 13
197 1925.308000 1925.780827 32
198 1935.308000 1935.860408 11
199 1945.308000 1946.250731 19
200 1955.077000 1953.517498 18
201 1964.709000 1964.415471 8
202 1974.265000 1974.415471 0
203 1984.091000 1984.579191 32
204 1994.419000 1995.140921 10
205 2003.917000 2003.277147 16
206 2014.342000 2013.277147 0
207 2024.342000 2024.306714 21
208 2034.748000 2021.540069 10
209 2044.497000 2031.540069 0
210 2052.930000 2018.725615 9
211 2063.510000 2063.262846 17
212 2073.510000 2073.167795 20
213 2083.181000 2083.000331 24
214 2092.775000 2124.023976 9
215 2102.699000 2103.231683 22
216 2113.085000 2113.247715 13
217 2122.582000 2123.001804 22
218 2132.582000 2133.001804 0
219 2142.621000 2143.678651 16
220 2152.621000 2153.678651 0
221 2162.408000 2162.446150 24
222 2171.964000 2171.936638 17
223 2181.132000 2179.699862 10
224 2192.079000 2193.308081 12
225 2201.906000 2201.008637 30
226 2212.564000 2211.008637 0
227 2222.486000 2221.789900 20
228 2231.635000 2231.209292 18
229 2240.552000 2240.325801 12
230 2248.869000 2250.325801 0
231 2259.720000 2261.318738 15
232 2269.584000 2265.634098 8
233 2279.663000 2275.634098 0
234 2289.295000 2289.961137 24
235 2299.140000 2298.666935 23
236 2308.309000 2308.604243 27
237 2318.309000 2317.007848 8
238 2328.433000 2327.007848 0
239 2338.700000 2338.614594 23
240 2348.841000 2348.614594 0
241 2357.638000 2356.690368 15
242 2367.556000 2367.406397 18
243 2377.556000 2376.064273 10
244 2387.492000 2386.715755 12
245 2397.492000 2396.715755 0
246 2407.245000 2407.239573 23
247 2416.888000 2416.984090 16
248 2426.625000 2426.309728 27
249 2436.625000 2436.940027 25
250 2446.625000 2445.975603 15
251 2455.791000 2479.408352 9
252 2465.563000 2465.670450 8
253 2475.219000 2475.687928 34
254 2484.752000 2484.040735 20
255 2494.345000 2493.456673 9
256 2503.590000 2502.063444 10
257 2513.327000 2512.063444 0
258 2522.425000 2522.063444 0
259 2532.425000 2534.045428 16
260 2542.010000 2543.253795 21
261 2551.132000 2551.492238 25
262 2560.594000 2559.649367 20
263 2569.813000 2568.235604 9
264 2579.056000 2578.235604 0
265 2588.033000 2587.138771 21
266 2597.181000 2597.267145 9
267 2607.181000 2608.265823 13
268 2616.802000 2615.782747 23
269 2625.949000 2625.979075 26
270 2635.336000 2635.979075 0
271 2645.336000 2646.085674 12
272 2654.752000 2655.696664 8
273 2664.938000 2664.657386 15
274 2673.879000 2675.436716 15
275 2684.329000 2681.806930 13
276 2693.608000 2679.846761 9
277 2703.396000 2703.936853 12
278 2712.325000 2712.114563 9
279 2723.233000 2724.814444 23
280 2733.586000 2733.138835 13
281 2743.313000 2743.268960 12
282 2753.123000 2753.268960 0
283 2760.110000 2761.087774 12
284 2770.319000 2770.834014 8
285 2780.069000 2779.621983 25
286 2790.069000 2791.906679 12
287 2800.298000 2798.292299 11
288 2810.104000 2809.486674 19
289 2819.480000 2823.081013 8
290 2829.025000 2826.370982 18
291 2839.102000 2841.459329 10
292 2849.021000 2848.612563 14
293 2858.916000 2859.120333 11
294 2869.329000 2928.765719 13
295 2877.668000 2938.765719 0
296 2887.442000 2888.155833 12
297 2897.795000 2897.897914 27
298 2907.293000 2907.257975 19
299 2917.175000 2917.106656 29
300 2926.998000 2920.262208 12
301 2935.746000 2933.196713 11
302 2945.436000 2945.582278 11
303 2955.356000 2957.241303 13
304 2964.522000 2962.132324 14
305 2974.983000 2974.342343 17
306 2985.603000 2985.510572 18
307 2995.729000 2999.577675 11
308 3006.629000 3005.843254 14
309 3014.953000 3017.076027 14
310 3024.823000 3024.092350 21
311 3034.477000 3034.092350 0
312 3043.168000 3080.203904 11
313 3051.342000 3051.531896 19
314 3061.468000 3061.523543 20
315 3071.381000 3071.099254 19
316 3080.242000 3079.848247 18
317 3090.518000 3088.786304 14
318 3099.379000 3099.678766 26
319 3109.614000 3109.595141 16
320 3119.010000 3119.595141 0
321 3128.279000 3128.428412 25
322 3137.870000 3136.370422 22
323 3146.021000 3146.224704 29
324 3155.866000 3155.438652 37
325 3165.193000 3161.252312 9
326 3174.701000 3174.765974 11
327 3184.357000 3184.484835 20
328 3194.357000 3196.135854 16
329 3204.267000 3204.893964 15
330 3213.801000 3213.722196 20
331 3224.560000 3224.069707 13
332 3234.264000 3231.582700 10
333 3244.615000 3241.582700 0
334 3253.814000 3251.582700 0
335 3263.814000 3263.769937 16
336 3273.940000 3274.214307 26
337 3283.138000 3283.376514 9
338 3294.383000 3293.376514 0
339 3302.959000 3304.289379 12
340 3312.556000 3314.289379 0
341 3323.005000 3324.006991 12
342 3334.161000 3333.541205 10
343 3344.480000 3342.777031 12
344 3354.582000 3335.806756 9
345 3364.582000 3365.212054 16
346 3374.424000 3374.192930 14
347 3384.424000 3385.041053 13
348 3394.511000 3394.556528 19
349 3404.275000 3403.969631 14
350 3414.420000 3413.969631 0
351 3423.839000 3423.969631 0
352 3434.227000 3433.969631 0
353 3443.973000 3444.065056 23
354 3454.135000 3453.409874 16
355 3463.796000 3463.399369 34
356 3473.317000 3473.399369 0
357 3483.002000 3448.731098 10
358 3491.710000 3492.352125 19
359 3501.231000 3501.414801 12
360 3511.079000 3510.939923 19
361 3520.698000 3520.237300 28
362 3530.154000 3530.237300 0
363 3539.741000 3545.954120 9
364 3549.838000 3549.790429 8
365 3559.823000 3557.302001 10
366 3571.457000 3572.357642 12
367 3581.369000 3578.658463 16
368 3590.500000 3590.734502 9
369 3600.241000 3600.734502 0
370 3610.648000 3611.385467 15
371 3620.496000 3622.280115 9
372 3631.869000 3631.297296 24
373 3640.968000 3638.560108 13
374 3651.042000 3649.420978 11
375 3660.726000 3659.420978 0
376 3667.063000 3664.678929 10
377 3675.057000 3674.678929 0
378 3686.171000 3684.678929 0
379 3694.652000 3694.678929 0
380 3705.060000 3719.040035 9
381 3715.001000 3720.966621 27
382 3725.044000 3719.657049 27
383 3733.674000 3729.657049 0
384 3743.809000 3743.288132 19
385 3753.461000 3753.452176 22
386 3763.193000 3763.351606 16
387 3772.288000 3793.243253 8
388 3781.697000 3782.359622 26
389 3791.239000 3790.981902 24
390 3799.153000 3801.244506 11
391 3809.153000 3810.272028 8
392 3818.946000 3865.618333 8
393 3828.946000 3823.002334 8
394 3839.290000 3840.178019 9
395 3849.127000 3849.440192 20
396 3859.366000 3858.153843 16
397 3869.880000 3869.752613 24
398 3879.793000 3879.686784 15
399 3889.165000 3888.781225 15
400 3898.538000 3900.926963 19
401 3908.473000 3908.140191 11
402 3918.296000 3917.356691 16
403 3928.034000 3927.356691 0
404 3937.025000 3936.671042 10
405 3945.670000 3945.436974 15
406 3954.797000 3955.436974 0
407 3963.756000 3966.673821 12
408 3975.048000 3976.673821 0
409 3981.645000 3986.673821 0
410 3992.690000 3992.489673 22
411 4002.457000 4001.382449 19
412 4011.982000 4011.451076 21
413 4021.430000 4022.228110 15
414 4030.624000 4031.652670 15
415 4040.513000 4040.195131 14
416 4049.727000 4048.346420 20
417 4058.371000 4057.666480 9
418 4068.258000 4067.824103 8
419 4076.974000 4119.268119 12
420 4085.661000 4085.590826 9
421 4096.585000 4097.186207 16
422 4105.894000 4106.374949 29
423 4115.448000 4114.578064 18
424 4123.311000 4122.656198 16
425 4132.804000 4132.656198 0
426 4142.148000 4142.573928 17
427 4151.574000 4150.929081 11
428 4160.897000 4160.808647 13
429 4170.041000 4170.166540 17
430 4180.202000 4179.599479 22
431 4189.466000 4187.397720 29
432 4198.878000 4198.630358 18
433 4208.352000 4208.088757 25
434 4218.124000 4218.769879 26
435 4228.124000 4228.166788 21
436 4237.399000 4238.166788 0
437 4245.914000 4245.204992 19
438 4255.326000 4255.204992 0
439 4264.948000 4264.401256 22
440 4274.331000 4274.392216 35
441 4284.331000 4284.768269 18
442 4294.866000 4294.520390 19
443 4304.488000 4304.348982 35
444 4314.081000 4297.741736 11
445 4323.524000 4307.741736 0
446 4333.314000 4333.262675 31
447 4342.679000 4343.022749 24
448 4351.252000 4351.905555 14
449 4361.175000 4360.212582 20
450 4371.247000 4385.755230 9
451 4380.061000 4395.755230 0
452 4388.724000 4388.370235 21
453 4397.957000 4398.452100 13
454 4408.286000 4408.090195 10
455 4418.401000 4417.630599 28
456 4427.665000 4427.630599 0
457 4437.586000 4437.893099 26
458 4447.586000 4447.966640 20
459 4457.586000 4456.523458 23
460 4466.965000 4467.212757 33
461 4476.557000 4475.652447 11
462 4485.941000 4485.652447 0
463 4495.941000 4493.278729 8
464 4504.556000 4535.392497 10
465 4514.556000 4545.392497 0
466 4524.310000 4521.033304 13
467 4532.555000 4532.410294 10
468 4542.555000 4536.915113 13
469 4551.201000 4550.359639 24
470 4561.332000 4561.290831 14
471 4572.125000 4571.290831 0
472 4581.268000 4584.229891 8
473 4590.771000 4590.318042 12
474 4600.003000 4644.105994 14
475 4610.003000 4610.344409 24
476 4619.399000 4572.872293 13
477 4627.343000 4629.026050 16
478 4636.335000 4636.685070 32
479 4646.109000 4645.498680 18
480 4655.421000 4654.913141 19
481 4665.421000 4664.769532 36
