001 0.000000 -0.000757 93
002 10.000000 9.856274 33
003 20.000000 20.500429 19
004 30.000000 29.790154 29
005 39.500000 39.882110 24
006 49.500000 49.415367 47
007 59.500000 59.425950 27
008 69.500000 69.537550 53
009 79.500000 79.463557 32
010 89.500000 89.466707 57
011 99.500000 99.585842 61
012 109.500000 109.437968 62
013 119.495000 119.402699 56
014 129.495000 129.468738 67
015 139.495000 139.516690 68
016 149.495000 149.492807 57
017 159.495000 159.580303 79
018 169.495000 169.460706 49
019 179.496000 179.541711 69
020 189.496000 189.699294 66
021 199.496000 199.464597 81
022 209.496000 209.604398 58
023 219.496000 219.500418 57
024 229.496000 229.389435 38
025 239.496000 240.265911 28
026 249.496000 250.325322 15
027 257.833000 259.495818 15
028 268.070000 269.471237 19
029 278.273000 278.198820 23
030 288.681000 282.456856 9
031 299.870000 299.634525 34
032 309.155000 275.612672 9
033 319.459000 256.174251 8
034 327.623000 266.174251 0
035 333.710000 268.139318 14
036 343.710000 278.139318 0
037 353.913000 288.139318 0
038 362.483000 298.139318 0
039 374.999000 308.139318 0
040 385.304000 384.542401 23
041 395.507000 396.337205 17
042 405.814000 405.733416 37
043 416.151000 438.170399 9
044 426.151000 426.489511 10
045 436.526000 437.344906 33
046 446.591000 444.208412 9
047 454.821000 454.880773 21
048 464.821000 464.880773 0
049 473.425000 474.880773 0
050 483.288000 482.156967 18
051 493.185000 492.252230 26
052 502.674000 503.434547 26
053 512.129000 509.393587 9
054 521.822000 521.672277 13
055 532.195000 530.189887 8
056 540.665000 540.189887 0
057 550.665000 550.189887 0
058 560.936000 561.755219 16
059 570.219000 569.416443 20
060 580.219000 579.276169 15
061 590.965000 624.825721 16
062 600.454000 600.408302 20
063 610.340000 611.662739 23
064 620.425000 620.765014 30
065 630.553000 630.100832 16
066 641.140000 640.100832 0
067 650.220000 650.100832 0
068 660.064000 659.826079 13
069 670.064000 669.826079 0
070 679.938000 680.945177 13
071 689.580000 689.446966 31
072 699.835000 699.818854 9
073 709.835000 708.462088 12
074 719.292000 718.462088 0
075 729.031000 729.043632 13
076 738.875000 738.662482 14
077 748.746000 749.031024 11
078 758.152000 757.643178 22
079 767.529000 804.040908 14
080 777.609000 814.040908 0
081 787.844000 788.238898 25
082 798.130000 798.820152 21
083 808.001000 806.757760 9
084 818.288000 818.477646 22
085 828.471000 826.438006 18
086 837.900000 838.928735 10
087 848.134000 824.962731 8
088 857.721000 857.820825 17
089 866.734000 796.071227 8
090 875.852000 875.764018 18
091 885.852000 885.771519 12
092 894.867000 908.136671 9
093 904.998000 905.027266 19
094 914.582000 914.494477 22
095 924.168000 924.450025 17
096 934.168000 933.744977 18
097 943.521000 943.744977 0
098 952.743000 951.678165 16
099 962.718000 964.763039 11
100 972.147000 973.542465 20
101 982.147000 982.449744 19
102 991.915000 991.778651 28
103 1002.124000 1000.932422 18
104 1012.593000 1010.932422 0
105 1022.696000 1020.932422 0
106 1032.179000 1032.960442 22
107 1041.271000 1041.750213 22
108 1051.090000 1050.596138 24
109 1061.324000 1061.491573 17
110 1071.092000 1070.629870 18
111 1081.067000 1080.629870 0
112 1090.341000 1090.629870 0
113 1100.264000 1100.980518 16
114 1110.601000 1110.299802 28
115 1120.188000 1120.176307 17
116 1129.695000 1129.548495 18
117 1139.543000 1140.326724 22
118 1148.939000 1149.181226 11
119 1159.306000 1159.823986 15
120 1168.955000 1169.079390 13
121 1178.580000 1179.079390 0
122 1188.580000 1189.079390 0
123 1198.222000 1199.007392 13
124 1208.379000 1171.160472 15
125 1218.491000 1219.861227 11
126 1228.491000 1229.272609 8
127 1237.938000 1238.428848 12
128 1248.097000 1275.700970 9
129 1257.411000 1285.700970 0
130 1267.338000 1267.596455 11
131 1277.474000 1276.790430 15
132 1287.371000 1286.923368 12
133 1295.957000 1296.138281 9
134 1306.140000 1305.942241 11
135 1316.557000 1316.785206 13
136 1325.905000 1325.496621 16
137 1336.205000 1336.229814 27
138 1346.205000 1346.229023 23
139 1355.472000 1355.280988 15
140 1365.786000 1350.101359 8
141 1375.106000 1376.359669 15
142 1384.732000 1343.209899 8
143 1394.373000 1394.175806 25
144 1403.969000 1404.383643 24
145 1413.772000 1412.207825 14
146 1423.807000 1421.534000 11
147 1432.759000 1431.534000 0
148 1442.185000 1442.964001 13
149 1452.185000 1452.031783 30
150 1461.552000 1460.591142 11
151 1469.403000 1470.591142 0
152 1481.218000 1480.685616 17
153 1491.130000 1490.008022 12
154 1501.296000 1500.008022 0
155 1511.430000 1563.626622 9
156 1521.754000 1573.626622 0
157 1531.842000 1637.251011 8
158 1540.884000 1647.251011 0
159 1551.794000 1724.632950 8
160 1561.076000 1734.632950 0
161 1570.996000 1744.632950 0
162 1580.996000 1811.529690 10
163 1590.875000 1821.529690 0
164 1600.220000 1831.529690 0
165 1609.660000 1841.529690 0
166 1616.952000 1851.529690 0
167 1627.628000 1861.529690 0
168 1638.073000 1871.529690 0
169 1647.976000 1881.529690 0
170 1659.699000 1897.228058 9
171 1669.718000 1907.228058 0
172 1680.298000 1917.228058 0
173 1690.007000 1883.061387 11
174 1700.007000 1890.920101 8
175 1710.047000 1900.920101 0
176 1719.833000 1944.513412 9
177 1729.931000 1954.513412 0
178 1740.105000 1964.513412 0
179 1750.008000 1974.513412 0
180 1759.659000 1951.800548 9
181 1768.983000 1961.800548 0
182 1778.325000 1971.800548 0
183 1786.836000 1951.252920 10
184 1796.991000 1961.252920 0
185 1806.991000 1988.992637 9
186 1817.339000 1952.553458 10
187 1826.856000 1994.871201 9
188 1836.740000 1927.688874 10
189 1847.455000 1954.515648 10
190 1858.635000 1964.515648 0
191 1868.326000 2020.130183 9
192 1878.248000 1993.344598 9
193 1887.920000 2003.344598 0
194 1897.340000 2013.344598 0
195 1905.560000 2023.344598 0
196 1915.773000 2071.160307 8
197 1925.308000 2075.657885 8
198 1935.308000 2085.657885 0
199 1945.308000 2115.429337 8
200 1955.077000 2125.429337 0
201 1964.709000 2135.429337 0
202 1974.265000 2145.429337 0
203 1984.091000 2155.429337 0
204 1994.419000 2165.429337 0
205 2003.917000 2175.429337 0
206 2014.342000 2185.429337 0
207 2024.342000 2195.429337 0
208 2034.748000 2205.429337 0
209 2044.497000 2215.429337 0
210 2052.930000 2225.429337 0
211 2063.510000 2235.429337 0
212 2073.510000 2299.443719 14
213 2083.181000 2309.443719 0
214 2092.775000 2300.280488 8
215 2102.699000 2358.262846 10
216 2113.085000 2368.262846 0
217 2122.582000 2378.262846 0
218 2132.582000 2388.262846 0
219 2142.621000 2398.262846 0
220 2152.621000 2408.262846 0
221 2162.408000 2418.262846 0
222 2171.964000 2428.262846 0
223 2181.132000 2438.262846 0
224 2192.079000 2448.262846 0
225 2201.906000 2478.975912 9
226 2212.564000 2488.975912 0
227 2222.486000 2542.883524 10
228 2231.635000 2552.883524 0
229 2240.552000 2562.883524 0
230 2248.869000 2546.337969 9
231 2259.720000 2556.337969 0
232 2269.584000 2566.337969 0
233 2279.663000 2576.337969 0
234 2289.295000 2586.337969 0
235 2299.140000 2659.665456 11
236 2308.309000 2669.665456 0
237 2318.309000 2679.665456 0
238 2328.433000 2689.665456 0
239 2338.700000 2661.342310 12
240 2348.841000 2671.342310 0
241 2357.638000 2663.860229 11
242 2367.556000 2673.860229 0
243 2377.556000 2683.860229 0
244 2387.492000 2662.797751 11
245 2397.492000 2672.797751 0
246 2407.245000 2682.797751 0
247 2416.888000 2692.797751 0
248 2426.625000 2702.797751 0
249 2436.625000 2712.797751 0
250 2446.625000 2722.797751 0
251 2455.791000 2732.797751 0
252 2465.563000 2742.797751 0
253 2475.219000 2732.094089 8
254 2484.752000 2742.094089 0
255 2494.345000 2752.094089 0
256 2503.590000 2777.976881 10
257 2513.327000 2787.976881 0
258 2522.425000 2846.770758 8
259 2532.425000 2789.047006 8
260 2542.010000 2799.047006 0
261 2551.132000 2781.486083 10
262 2560.594000 2824.150056 12
263 2569.813000 2834.150056 0
264 2579.056000 2910.742767 8
265 2588.033000 2920.742767 0
266 2597.181000 2930.742767 0
267 2607.181000 2940.742767 0
268 2616.802000 2950.742767 0
269 2625.949000 2960.742767 0
270 2635.336000 2951.895819 8
271 2645.336000 2961.895819 0
272 2654.752000 2971.895819 0
273 2664.938000 3028.790364 10
274 2673.879000 3029.230952 11
275 2684.329000 3084.409634 8
276 2693.608000 3006.416619 16
277 2703.396000 3095.267788 9
278 2712.325000 3105.267788 0
279 2723.233000 3140.060687 9
280 2733.586000 3150.060687 0
281 2743.313000 3160.060687 0
282 2753.123000 3170.060687 0
283 2760.110000 3180.060687 0
284 2770.319000 3190.060687 0
285 2780.069000 3200.060687 0
286 2790.069000 3210.060687 0
287 2800.298000 3220.060687 0
288 2810.104000 3230.060687 0
289 2819.480000 3265.963695 14
290 2829.025000 3275.963695 0
291 2839.102000 3285.963695 0
292 2849.021000 3295.963695 0
293 2858.916000 3308.852950 8
294 2869.329000 3307.349074 13
295 2877.668000 3336.244399 10
296 2887.442000 3397.751210 12
297 2897.795000 3407.751210 0
298 2907.293000 3417.751210 0
299 2917.175000 3450.283105 9
300 2926.998000 3394.320696 11
301 2935.746000 3404.320696 0
302 2945.436000 3414.320696 0
303 2955.356000 3424.320696 0
304 2964.522000 3451.016204 9
305 2974.983000 3452.799247 12
306 2985.603000 3462.799247 0
307 2995.729000 3472.799247 0
308 3006.629000 3482.799247 0
309 3014.953000 3510.799331 8
310 3024.823000 3520.799331 0
311 3034.477000 3508.303761 8
312 3043.168000 3518.303761 0
313 3051.342000 3506.744136 9
314 3061.468000 3516.744136 0
315 3071.381000 3526.744136 0
316 3080.242000 3503.341020 11
317 3090.518000 3513.341020 0
318 3099.379000 3523.341020 0
319 3109.614000 3554.104885 10
320 3119.010000 3564.104885 0
321 3128.279000 3628.877313 16
322 3137.870000 3617.779250 8
323 3146.021000 3628.323162 10
324 3155.866000 3687.130226 12
325 3165.193000 3697.130226 0
326 3174.701000 3707.130226 0
327 3184.357000 3758.019594 15
328 3194.357000 3768.019594 0
329 3204.267000 3754.686444 8
330 3213.801000 3759.963774 12
331 3224.560000 3748.368729 9
332 3234.264000 3758.368729 0
333 3244.615000 3768.368729 0
334 3253.814000 3756.217822 8
335 3263.814000 3766.217822 0
336 3273.940000 3776.217822 0
337 3283.138000 3786.217822 0
338 3294.383000 3796.217822 0
339 3302.959000 3806.217822 0
340 3312.556000 3816.217822 0
341 3323.005000 3826.217822 0
342 3334.161000 3836.217822 0
343 3344.480000 3868.170857 8
344 3354.582000 3878.170857 0
345 3364.582000 3927.039497 8
346 3374.424000 3937.039497 0
347 3384.424000 3947.039497 0
348 3394.511000 3957.039497 0
349 3404.275000 3967.039497 0
350 3414.420000 3977.039497 0
351 3423.839000 3987.039497 0
352 3434.227000 3977.094641 12
353 3443.973000 3987.094641 0
354 3454.135000 3997.094641 0
355 3463.796000 4007.094641 0
356 3473.317000 4017.094641 0
357 3483.002000 4027.094641 0
358 3491.710000 4036.645044 8
359 3501.231000 4121.122137 12
360 3511.079000 4131.122137 0
361 3520.698000 4141.122137 0
362 3530.154000 4151.122137 0
363 3539.741000 4161.122137 0
364 3549.838000 4171.122137 0
365 3559.823000 4181.122137 0
366 3571.457000 4191.122137 0
367 3581.369000 4167.568988 13
368 3590.500000 4177.568988 0
369 3600.241000 4187.568988 0
370 3610.648000 4197.568988 0
371 3620.496000 4207.568988 0
372 3631.869000 4217.568988 0
373 3640.968000 4271.914211 9
374 3651.042000 4281.914211 0
375 3660.726000 4291.914211 0
376 3667.063000 4301.914211 0
377 3675.057000 4311.914211 0
378 3686.171000 4321.914211 0
379 3694.652000 4331.914211 0
380 3705.060000 4341.914211 0
381 3715.001000 4351.914211 0
382 3725.044000 4361.914211 0
383 3733.674000 4371.914211 0
384 3743.809000 4391.318965 9
385 3753.461000 4396.169150 10
386 3763.193000 4388.354902 8
387 3772.288000 4397.752043 10
388 3781.697000 4452.183359 11
389 3791.239000 4469.367272 10
390 3799.153000 4479.367272 0
391 3809.153000 4489.367272 0
392 3818.946000 4499.367272 0
393 3828.946000 4509.367272 0
394 3839.290000 4585.157961 10
395 3849.127000 4584.701271 8
396 3859.366000 4590.908712 12
397 3869.880000 4600.908712 0
398 3879.793000 4610.908712 0
399 3889.165000 4582.689618 11
400 3898.538000 4586.362829 18
401 3908.473000 4596.362829 0
402 3918.296000 4585.493264 12
403 3928.034000 4632.432548 9
404 3937.025000 4642.432548 0
405 3945.670000 4584.294374 8
406 3954.797000 4594.294374 0
407 3963.756000 4586.042119 9
408 3975.048000 4596.042119 0
409 3981.645000 4606.042119 0
410 3992.690000 4586.512656 12
411 4002.457000 4585.432647 17
412 4011.982000 4587.317107 11
413 4021.430000 4597.317107 0
414 4030.624000 4607.317107 0
415 4040.513000 4617.317107 0
416 4049.727000 4627.317107 0
417 4058.371000 4637.317107 0
418 4068.258000 4647.317107 0
419 4076.974000 4657.317107 0
420 4085.661000 4667.317107 0
421 4096.585000 4587.130876 11
422 4105.894000 4586.885102 10
423 4115.448000 4596.885102 0
424 4123.311000 4582.156791 14
425 4132.804000 4592.156791 0
426 4142.148000 4602.156791 0
427 4151.574000 4612.156791 0
428 4160.897000 4622.156791 0
429 4170.041000 4582.697911 8
430 4180.202000 4586.645046 12
431 4189.466000 4590.748028 9
432 4198.878000 4633.743314 12
433 4208.352000 4587.653605 15
434 4218.124000 4577.581491 8
435 4228.124000 4583.958987 9
436 4237.399000 4587.488735 9
437 4245.914000 4589.194529 11
438 4255.326000 4589.069207 10
439 4264.948000 4599.069207 0
440 4274.331000 4637.860954 11
441 4284.331000 4647.860954 0
442 4294.866000 4657.860954 0
443 4304.488000 4667.860954 0
444 4314.081000 4584.081701 10
445 4323.524000 4594.081701 0
446 4333.314000 4604.081701 0
447 4342.679000 4614.081701 0
448 4351.252000 4582.837697 11
449 4361.175000 4592.837697 0
450 4371.247000 4602.837697 0
451 4380.061000 4584.572957 9
452 4388.724000 4630.282669 9
453 4397.957000 4638.022042 11
454 4408.286000 4648.022042 0
455 4418.401000 4658.022042 0
456 4427.665000 4632.885809 10
457 4437.586000 4642.885809 0
458 4447.586000 4589.791737 11
459 4457.586000 4581.860396 14
460 4466.965000 4604.011292 12
461 4476.557000 4614.011292 0
462 4485.941000 4624.011292 0
463 4495.941000 4634.011292 0
464 4504.556000 4644.011292 0
465 4514.556000 4584.837097 13
466 4524.310000 4594.837097 0
467 4532.555000 4604.837097 0
468 4542.555000 4582.643995 12
469 4551.201000 4584.008595 11
470 4561.332000 4564.577839 9
471 4572.125000 4574.577839 0
472 4581.268000 4584.230415 8
473 4590.771000 4590.485532 18
474 4600.003000 4643.107311 16
475 4610.003000 4609.665063 24
476 4619.399000 4572.282317 15
477 4627.343000 4631.014999 13
478 4636.335000 4636.036110 32
479 4646.109000 4645.848644 20
480 4655.421000 4655.426920 13
481 4665.421000 4665.032029 36
