001 0.000000 -0.102273 89
002 10.000000 9.953452 30
003 20.000000 19.764315 20
004 30.000000 29.633962 28
005 39.500000 39.491037 21
006 49.500000 49.618464 44
007 59.500000 59.398119 29
008 69.500000 69.540014 50
009 79.500000 79.436640 31
010 89.500000 89.440716 57
011 99.500000 99.402747 58
012 109.500000 109.478606 52
013 119.495000 119.462837 52
014 129.495000 129.397073 74
015 139.495000 139.519058 66
016 149.495000 149.465068 55
017 159.495000 159.588180 80
018 169.495000 169.456988 42
019 179.496000 179.408416 69
020 189.496000 189.456798 69
021 199.496000 199.487021 79
022 209.496000 209.459845 59
023 219.496000 219.551772 50
024 229.496000 228.545059 35
025 239.496000 229.190902 25
026 249.496000 250.241503 20
027 257.833000 263.060627 15
028 268.070000 269.043949 27
029 278.273000 277.971176 26
030 288.681000 282.086146 16
031 299.870000 300.182193 33
032 309.155000 308.951398 15
033 319.459000 318.385138 12
034 327.623000 328.385138 0
035 333.710000 393.617705 8
036 343.710000 403.617705 0
037 353.913000 367.854833 8
038 362.483000 372.262644 12
039 374.999000 382.262644 0
040 385.304000 385.406994 13
041 395.507000 393.452470 10
042 405.814000 406.237105 31
043 416.151000 393.784823 12
044 426.151000 403.784823 0
045 436.526000 436.584467 24
046 446.591000 446.584467 0
047 454.821000 454.797976 14
048 464.821000 485.139416 12
049 473.425000 437.965940 9
050 483.288000 484.488729 13
051 493.185000 494.017779 18
052 502.674000 502.306622 23
053 512.129000 511.876711 15
054 521.822000 521.908089 11
055 532.195000 531.908089 0
056 540.665000 541.908089 0
057 550.665000 623.818613 8
058 560.936000 561.024511 11
059 570.219000 569.946311 17
060 580.219000 580.765171 16
061 590.965000 624.983244 12
062 600.454000 600.583887 20
063 610.340000 611.507673 22
064 620.425000 620.760734 37
065 630.553000 630.772755 16
066 641.140000 640.772755 0
067 650.220000 650.772755 0
068 660.064000 660.217839 18
069 670.064000 670.217839 0
070 679.938000 679.249453 22
071 689.580000 689.989843 27
072 699.835000 698.293445 11
073 709.835000 750.930687 9
074 719.292000 760.930687 0
075 729.031000 798.622023 9
076 738.875000 739.905747 13
077 748.746000 749.905747 0
078 758.152000 757.530304 20
079 767.529000 767.530304 0
080 777.609000 777.530304 0
081 787.844000 788.025591 22
082 798.130000 798.568665 26
083 808.001000 807.709751 15
084 818.288000 819.172388 25
085 828.471000 826.381644 21
086 837.900000 798.341581 8
087 848.134000 851.449117 13
088 857.721000 857.481795 14
089 866.734000 867.452910 13
090 875.852000 876.375857 17
091 885.852000 885.575921 16
092 894.867000 908.886683 8
093 904.998000 905.159700 19
094 914.582000 914.374491 16
095 924.168000 925.075278 22
096 934.168000 933.870124 21
097 943.521000 943.870124 0
098 952.743000 951.291212 19
099 962.718000 962.696160 16
100 972.147000 972.764072 19
101 982.147000 982.092555 31
102 991.915000 991.706972 27
103 1002.124000 1001.613238 16
104 1012.593000 1011.613238 0
105 1022.696000 1023.781837 9
106 1032.179000 1032.975425 18
107 1041.271000 1041.240097 24
108 1051.090000 1050.854484 20
109 1061.324000 1062.085371 13
110 1071.092000 1070.816980 23
111 1081.067000 1080.816980 0
112 1090.341000 1090.295950 9
113 1100.264000 1101.382984 15
114 1110.601000 1110.625256 30
115 1120.188000 1120.203647 21
116 1129.695000 1129.518429 19
117 1139.543000 1140.264821 17
118 1148.939000 1149.515228 19
119 1159.306000 1159.392624 13
120 1168.955000 1169.078213 11
121 1178.580000 1179.078213 0
122 1188.580000 1189.078213 0
123 1198.222000 1199.684569 19
124 1208.379000 1208.569830 17
125 1218.491000 1220.816710 12
126 1228.491000 1278.812359 11
127 1237.938000 1238.223727 14
128 1248.097000 1248.223727 0
129 1257.411000 1258.223727 0
130 1267.338000 1268.223727 0
131 1277.474000 1278.279556 17
132 1287.371000 1287.803693 10
133 1295.957000 1294.594393 10
134 1306.140000 1304.594393 0
135 1316.557000 1314.594393 0
136 1325.905000 1326.239861 10
137 1336.205000 1335.643795 24
138 1346.205000 1346.030053 15
139 1355.472000 1355.410192 13
140 1365.786000 1365.410192 0
141 1375.106000 1376.936345 17
142 1384.732000 1386.936345 0
143 1394.373000 1394.312057 21
144 1403.969000 1404.513484 26
145 1413.772000 1412.795363 14
146 1423.807000 1421.549199 11
147 1432.759000 1432.238239 14
148 1442.185000 1444.226339 14
149 1452.185000 1452.117067 31
150 1461.552000 1461.174306 9
151 1469.403000 1467.662518 9
152 1481.218000 1482.164137 13
153 1491.130000 1492.164137 0
154 1501.296000 1502.036976 9
155 1511.430000 1512.036976 0
156 1521.754000 1522.036976 0
157 1531.842000 1532.094570 9
158 1540.884000 1542.094570 0
159 1551.794000 1551.286977 11
160 1561.076000 1561.940403 25
161 1570.996000 1572.433135 8
162 1580.996000 1581.776419 21
163 1590.875000 1591.776419 0
164 1600.220000 1601.776419 0
165 1609.660000 1611.776419 0
166 1616.952000 1616.958013 18
167 1627.628000 1634.562670 14
168 1638.073000 1637.951558 25
169 1647.976000 1647.572762 12
170 1659.699000 1657.572762 0
171 1669.718000 1669.270491 25
172 1680.298000 1682.177228 10
173 1690.007000 1690.426434 9
174 1700.007000 1700.031982 28
175 1710.047000 1711.057308 18
176 1719.833000 1719.785361 17
177 1729.931000 1729.465585 12
178 1740.105000 1739.766815 19
179 1750.008000 1749.908866 32
180 1759.659000 1759.532385 15
181 1768.983000 1769.110741 10
182 1778.325000 1776.465893 14
183 1786.836000 1819.673600 10
184 1796.991000 1829.673600 0
185 1806.991000 1807.515437 20
186 1817.339000 1817.497155 12
187 1826.856000 1826.922984 37
188 1836.740000 1838.098366 19
189 1847.455000 1848.098366 0
190 1858.635000 1861.323208 9
191 1868.326000 1871.287019 14
192 1878.248000 1878.893525 19
193 1887.920000 1887.632114 23
194 1897.340000 1896.867835 17
195 1905.560000 1905.824306 12
196 1915.773000 1913.769668 17
197 1925.308000 1926.325116 18
198 1935.308000 1996.406244 8
199 1945.308000 1943.609766 12
200 1955.077000 1953.991146 11
201 1964.709000 1963.991146 0
202 1974.265000 1973.991146 0
203 1984.091000 1984.143737 26
204 1994.419000 2074.162655 12
205 2003.917000 2003.069240 15
206 2014.342000 2015.045678 9
207 2024.342000 2024.149865 19
208 2034.748000 2034.149865 0
209 2044.497000 2044.862191 19
210 2052.930000 2134.399017 10
211 2063.510000 2064.398838 16
212 2073.510000 2073.178930 20
213 2083.181000 2082.921483 21
214 2092.775000 2123.783016 8
215 2102.699000 2104.049727 21
216 2113.085000 2113.882894 9
217 2122.582000 2123.118911 22
218 2132.582000 2131.602559 9
219 2142.621000 2143.469687 15
220 2152.621000 2147.983816 8
221 2162.408000 2162.242028 13
222 2171.964000 2171.964820 20
223 2181.132000 2180.508848 15
224 2192.079000 2192.522705 15
225 2201.906000 2201.425828 28
226 2212.564000 2208.342936 10
227 2222.486000 2222.127753 23
228 2231.635000 2231.593053 13
229 2240.552000 2239.034237 9
230 2248.869000 2263.179279 8
231 2259.720000 2260.568877 14
232 2269.584000 2269.488767 8
233 2279.663000 2279.488767 0
234 2289.295000 2289.637541 24
235 2299.140000 2298.831158 29
236 2308.309000 2308.200755 24
237 2318.309000 2318.200755 0
238 2328.433000 2326.657878 12
239 2338.700000 2338.520711 25
240 2348.841000 2348.520711 0
241 2357.638000 2357.513369 25
242 2367.556000 2367.218998 17
243 2377.556000 2375.509272 9
244 2387.492000 2387.453146 24
245 2397.492000 2371.743848 9
246 2407.245000 2407.818178 24
247 2416.888000 2416.718957 20
248 2426.625000 2426.015758 30
249 2436.625000 2436.239710 23
250 2446.625000 2446.013109 16
251 2455.791000 2456.013109 0
252 2465.563000 2466.013109 0
253 2475.219000 2475.123978 35
254 2484.752000 2483.816821 20
255 2494.345000 2495.597529 8
256 2503.590000 2503.569966 9
257 2513.327000 2524.036319 8
258 2522.425000 2534.036319 0
259 2532.425000 2534.376240 11
260 2542.010000 2542.537139 19
261 2551.132000 2551.933651 20
262 2560.594000 2558.189184 21
263 2569.813000 2567.978817 10
264 2579.056000 2536.949258 8
265 2588.033000 2588.485900 19
266 2597.181000 2597.088296 10
267 2607.181000 2606.123879 11
268 2616.802000 2616.082424 20
269 2625.949000 2621.011132 8
270 2635.336000 2631.011132 0
271 2645.336000 2645.798994 10
272 2654.752000 2655.798994 0
273 2664.938000 2666.860665 11
274 2673.879000 2672.953792 14
275 2684.329000 2683.627916 13
276 2693.608000 2682.848971 12
277 2703.396000 2703.721635 21
278 2712.325000 2713.568412 10
279 2723.233000 2724.238019 23
280 2733.586000 2733.483322 12
281 2743.313000 2743.027823 21
282 2753.123000 2753.027823 0
283 2760.110000 2759.968340 15
284 2770.319000 2771.519476 9
285 2780.069000 2780.376912 23
286 2790.069000 2789.582941 12
287 2800.298000 2799.558667 11
288 2810.104000 2810.229150 27
289 2819.480000 2822.132281 10
290 2829.025000 2826.590548 13
291 2839.102000 2908.967018 8
292 2849.021000 2849.012239 15
293 2858.916000 2858.839652 12
294 2869.329000 2868.839652 0
295 2877.668000 2878.839652 0
296 2887.442000 2888.024421 22
297 2897.795000 2897.989690 29
298 2907.293000 2907.415827 17
299 2917.175000 2916.994382 28
300 2926.998000 2921.923309 9
301 2935.746000 2932.715456 13
302 2945.436000 2943.890925 15
303 2955.356000 2958.094120 15
304 2964.522000 2963.355622 12
305 2974.983000 2974.824733 13
306 2985.603000 2985.603952 18
307 2995.729000 2995.603952 0
308 3006.629000 3005.046956 18
309 3014.953000 3016.676177 9
310 3024.823000 3024.971868 21
311 3034.477000 3029.058905 9
312 3043.168000 3043.100936 13
313 3051.342000 3051.633173 21
314 3061.468000 3061.092968 17
315 3071.381000 3070.955141 27
316 3080.242000 3080.761590 15
317 3090.518000 3088.736806 12
318 3099.379000 3099.414507 33
319 3109.614000 3109.047190 16
320 3119.010000 3119.047190 0
321 3128.279000 3128.845854 22
322 3137.870000 3137.616931 16
323 3146.021000 3146.095301 18
324 3155.866000 3154.918977 29
325 3165.193000 3161.434444 9
326 3174.701000 3171.434444 0
327 3184.357000 3184.675849 8
328 3194.357000 3194.817620 14
329 3204.267000 3204.415916 15
330 3213.801000 3213.611715 19
331 3224.560000 3225.126226 17
332 3234.264000 3235.126226 0
333 3244.615000 3244.524131 11
334 3253.814000 3253.949216 16
335 3263.814000 3263.145677 14
336 3273.940000 3273.724992 29
337 3283.138000 3283.512404 13
338 3294.383000 3293.512404 0
339 3302.959000 3305.574594 8
340 3312.556000 3313.319903 8
341 3323.005000 3326.286962 14
342 3334.161000 3333.658317 15
343 3344.480000 3344.158747 20
344 3354.582000 3354.158747 0
345 3364.582000 3365.947987 13
346 3374.424000 3374.347926 11
347 3384.424000 3385.241489 15
348 3394.511000 3394.587148 22
349 3404.275000 3403.873683 15
350 3414.420000 3413.873683 0
351 3423.839000 3423.873683 0
352 3434.227000 3433.961915 10
353 3443.973000 3443.814191 22
354 3454.135000 3454.202530 20
355 3463.796000 3463.468803 31
356 3473.317000 3473.468803 0
357 3483.002000 3448.181349 9
358 3491.710000 3492.416407 21
359 3501.231000 3501.332914 18
360 3511.079000 3510.818285 29
361 3520.698000 3520.299719 33
362 3530.154000 3530.480668 13
363 3539.741000 3539.857437 22
364 3549.838000 3549.857437 0
365 3559.823000 3559.581494 10
366 3571.457000 3571.473493 13
367 3581.369000 3576.777688 18
368 3590.500000 3589.872797 9
369 3600.241000 3599.872797 0
370 3610.648000 3609.872797 0
371 3620.496000 3619.429054 10
372 3631.869000 3630.994576 25
373 3640.968000 3639.549905 16
374 3651.042000 3649.549905 0
375 3660.726000 3659.549905 0
376 3667.063000 3664.967711 11
377 3675.057000 3674.967711 0
378 3686.171000 3757.662594 12
379 3694.652000 3767.662594 0
380 3705.060000 3718.272930 11
381 3715.001000 3712.683479 27
382 3725.044000 3711.893818 25
383 3733.674000 3721.893818 0
384 3743.809000 3745.950140 14
385 3753.461000 3754.237704 24
386 3763.193000 3764.058980 16
387 3772.288000 3758.844587 9
388 3781.697000 3782.677851 26
389 3791.239000 3791.058863 23
390 3799.153000 3801.354740 12
391 3809.153000 3809.803922 13
392 3818.946000 3819.803922 0
393 3828.946000 3829.803922 0
394 3839.290000 3839.803922 0
395 3849.127000 3849.239365 21
396 3859.366000 3859.213175 14
397 3869.880000 3869.634494 25
398 3879.793000 3880.297733 15
399 3889.165000 3888.897427 20
400 3898.538000 3900.967317 16
401 3908.473000 3908.649913 14
402 3918.296000 3918.219404 23
403 3928.034000 3926.595407 10
404 3937.025000 3936.547008 13
405 3945.670000 3945.367926 21
406 3954.797000 3955.367926 0
407 3963.756000 3965.477591 16
408 3975.048000 3974.883137 23
409 3981.645000 3984.883137 0
410 3992.690000 3993.011090 18
411 4002.457000 4002.386152 20
412 4011.982000 4010.160821 20
413 4021.430000 4022.248708 12
414 4030.624000 4031.032677 16
415 4040.513000 4040.220683 16
416 4049.727000 4048.043502 23
417 4058.371000 4061.393179 11
418 4068.258000 4066.785488 10
419 4076.974000 4076.785488 0
420 4085.661000 4086.785488 0
421 4096.585000 4097.857462 17
422 4105.894000 4106.297480 38
423 4115.448000 4114.057588 17
424 4123.311000 4123.048633 21
425 4132.804000 4133.048633 0
426 4142.148000 4143.276207 23
427 4151.574000 4150.800901 18
428 4160.897000 4160.138444 18
429 4170.041000 4169.779460 20
430 4180.202000 4179.870653 21
431 4189.466000 4187.938462 25
432 4198.878000 4199.541156 13
433 4208.352000 4208.199277 20
434 4218.124000 4220.162903 22
435 4228.124000 4227.973689 21
436 4237.399000 4288.078179 9
437 4245.914000 4244.418247 16
438 4255.326000 4257.949808 27
439 4264.948000 4264.814500 24
440 4274.331000 4274.365955 34
441 4284.331000 4284.818330 25
442 4294.866000 4294.488390 24
443 4304.488000 4303.682901 38
444 4314.081000 4301.680858 10
445 4323.524000 4324.511619 14
446 4333.314000 4333.451756 26
447 4342.679000 4342.883244 29
448 4351.252000 4352.136832 21
449 4361.175000 4359.705901 22
450 4371.247000 4369.705901 0
451 4380.061000 4379.705901 0
452 4388.724000 4388.454795 16
453 4397.957000 4398.150128 14
454 4408.286000 4408.204893 17
455 4418.401000 4417.182268 25
456 4427.665000 4427.182268 0
457 4437.586000 4437.799177 18
458 4447.586000 4447.164853 28
459 4457.586000 4457.082710 24
460 4466.965000 4466.906475 28
461 4476.557000 4476.629357 11
462 4485.941000 4517.118072 10
463 4495.941000 4527.839004 10
464 4504.556000 4537.839004 0
465 4514.556000 4516.349935 9
466 4524.310000 4526.349935 0
467 4532.555000 4532.935693 11
468 4542.555000 4539.751431 10
469 4551.201000 4550.793107 24
470 4561.332000 4560.737569 13
471 4572.125000 4652.310235 8
472 4581.268000 4584.773589 12
473 4590.771000 4590.890806 18
474 4600.003000 4641.997732 14
475 4610.003000 4610.170125 29
476 4619.399000 4572.873585 14
477 4627.343000 4628.765034 13
478 4636.335000 4636.185974 29
479 4646.109000 4645.667721 19
480 4655.421000 4655.106110 19
481 4665.421000 4665.167112 37
