001 0.000000 -0.015537 86
002 10.000000 10.041666 35
003 20.000000 18.244775 27
004 28.072000 28.095790 21
005 38.058000 38.082659 25
006 48.059000 48.042944 35
007 58.056000 57.995323 21
008 68.056000 68.095027 37
009 78.056000 78.071507 48
010 88.056000 88.083994 49
011 98.056000 98.206900 63
012 108.056000 108.190117 67
013 118.056000 118.079933 48
014 128.056000 128.089868 60
015 138.056000 138.076196 64
016 148.056000 148.080197 61
017 158.056000 158.242835 74
018 168.056000 168.078723 54
019 178.056000 178.176338 60
020 188.056000 188.088804 74
021 198.056000 198.089804 75
022 208.056000 208.107216 69
023 218.056000 218.138715 66
024 228.056000 227.746986 36
025 238.056000 239.085311 34
026 248.056000 249.038415 20
027 258.311000 260.615881 17
028 268.392000 275.496857 8
029 278.457000 278.394714 18
030 288.680000 303.147763 11
031 299.265000 299.330039 24
032 309.265000 309.657320 17
033 319.460000 319.657320 0
034 329.886000 329.657320 0
035 331.489000 339.657320 0
036 341.050000 349.657320 0
037 352.269000 368.952723 19
038 362.269000 371.122020 16
039 372.483000 367.773764 10
040 382.483000 377.773764 0
041 392.844000 393.406551 19
042 403.556000 405.082385 32
043 414.326000 415.082385 0
044 424.449000 424.401016 21
045 434.768000 434.857920 19
046 444.768000 508.620823 9
047 452.651000 453.918433 15
048 462.775000 463.918433 0
049 472.194000 456.172633 9
050 482.194000 440.407900 16
051 491.877000 494.144457 21
052 501.624000 501.771740 21
053 511.427000 509.989104 14
054 520.978000 520.608276 18
055 530.978000 528.729077 12
056 541.619000 538.729077 0
057 550.842000 548.729077 0
058 560.228000 562.713683 9
059 569.286000 568.628793 11
060 578.659000 575.418900 20
061 588.915000 572.668127 8
062 598.555000 567.249627 10
063 608.681000 611.607138 13
064 619.259000 618.319413 28
065 628.721000 628.550648 22
066 638.369000 687.951883 8
067 647.991000 647.094434 8
068 657.851000 661.036149 10
069 666.916000 666.871162 20
070 675.899000 675.204244 21
071 685.573000 686.301259 23
072 695.248000 695.386215 16
073 705.586000 706.114524 15
074 715.395000 716.114524 0
075 725.261000 724.474449 17
076 734.717000 736.899221 9
077 745.217000 745.464612 10
078 755.217000 755.015765 23
079 764.858000 765.015765 0
080 774.506000 775.015765 0
081 785.429000 786.640406 9
082 796.513000 797.319693 28
083 806.746000 806.947800 8
084 816.819000 817.052200 11
085 826.819000 826.544410 22
086 836.249000 836.544410 0
087 846.163000 848.196181 12
088 856.163000 858.196181 0
089 864.873000 864.898048 9
090 873.220000 873.315216 18
091 883.027000 883.569409 13
092 892.860000 893.569409 0
093 902.860000 904.746022 16
094 912.210000 911.260408 20
095 921.433000 923.648213 9
096 931.433000 930.336682 11
097 940.742000 941.276326 9
098 949.547000 946.359899 8
099 958.617000 956.359899 0
100 968.324000 968.136264 16
101 977.329000 978.553794 30
102 987.329000 987.735961 18
103 997.595000 997.295878 18
104 1007.336000 1006.821964 13
105 1017.463000 1039.598031 9
106 1028.014000 1028.061497 12
107 1037.881000 1108.690899 10
108 1046.619000 1046.712958 26
109 1056.878000 1056.273650 17
110 1066.607000 1066.273650 0
111 1076.607000 1102.969178 8
112 1085.691000 1086.844867 13
113 1095.691000 1096.353644 31
114 1104.986000 1105.948305 30
115 1115.086000 1114.538625 24
116 1124.734000 1124.175558 20
117 1133.904000 1134.175558 0
118 1143.738000 1143.392707 27
119 1153.068000 1152.836154 9
120 1162.582000 1162.856184 17
121 1172.470000 1171.671387 15
122 1181.693000 1180.599149 12
123 1191.553000 1190.599149 0
124 1201.148000 1202.934540 11
125 1211.148000 1210.600978 11
126 1220.338000 1220.844016 11
127 1229.986000 1230.844016 0
128 1239.076000 1239.603827 11
129 1249.076000 1276.226093 10
130 1257.800000 1286.226093 0
131 1267.668000 1296.226093 0
132 1278.014000 1278.229567 18
133 1288.014000 1288.036016 10
134 1297.789000 1297.006215 16
135 1307.517000 1307.006215 0
136 1317.517000 1317.006215 0
137 1327.250000 1328.052101 17
138 1336.985000 1337.183141 34
139 1346.985000 1346.468223 15
140 1356.581000 1356.322571 13
141 1365.299000 1395.963684 9
142 1375.105000 1376.978596 16
143 1385.579000 1386.978596 0
144 1395.579000 1395.804892 24
145 1405.579000 1405.568799 22
146 1415.931000 1415.872604 11
147 1425.340000 1424.006195 8
148 1434.351000 1434.006195 0
149 1443.813000 1447.264947 10
150 1453.703000 1454.120839 24
151 1463.450000 1464.120839 0
152 1471.333000 1474.120839 0
153 1481.566000 1540.764826 9
154 1491.044000 1490.021989 23
155 1500.579000 1504.771620 8
156 1510.173000 1508.793479 10
157 1520.607000 1521.984189 9
158 1530.868000 1531.894810 8
159 1540.607000 1540.639209 9
160 1549.968000 1550.639209 0
161 1560.345000 1560.308899 22
162 1570.539000 1570.415516 10
163 1579.858000 1580.256647 21
164 1589.858000 1590.256647 0
165 1599.858000 1600.256647 0
166 1610.086000 1608.836204 8
167 1620.615000 1620.653178 21
168 1631.827000 1635.853365 11
169 1641.168000 1641.742348 9
170 1651.300000 1634.517984 12
171 1663.636000 1644.517984 0
172 1672.749000 1672.618107 20
173 1683.172000 1685.555367 8
174 1693.095000 1694.388829 13
175 1702.956000 1703.046591 19
176 1713.607000 1712.463195 11
177 1724.031000 1723.467851 12
178 1734.031000 1722.382835 8
179 1742.838000 1742.858250 17
180 1752.449000 1752.858250 0
181 1760.542000 1762.858250 0
182 1770.715000 1771.794667 13
183 1780.992000 1768.297495 8
184 1790.832000 1789.828930 17
185 1800.832000 1799.828930 0
186 1810.721000 1810.972686 18
187 1820.617000 1820.405598 22
188 1830.360000 1830.170107 25
189 1840.013000 1839.632102 21
190 1849.209000 1849.632102 0
191 1860.090000 1859.632102 0
192 1869.680000 1869.632102 0
193 1879.478000 1879.692586 15
194 1889.402000 1889.169304 25
195 1899.097000 1897.942715 15
196 1908.417000 1904.292034 11
197 1917.757000 1923.402397 10
198 1926.911000 1927.525803 26
199 1937.293000 1937.790985 15
200 1946.883000 1947.127415 17
201 1954.809000 1953.896992 13
202 1964.620000 1955.014984 8
203 1974.782000 1965.014984 0
204 1985.579000 1986.034873 16
205 1995.308000 1995.719157 11
206 2005.308000 2076.186542 9
207 2015.204000 2086.186542 0
208 2024.919000 2096.186542 0
209 2034.823000 2106.186542 0
210 2044.823000 2140.981502 13
211 2053.733000 2136.268354 8
212 2065.736000 2164.068660 10
213 2075.432000 2192.500985 9
214 2085.432000 2144.696373 8
215 2095.640000 2122.981910 8
216 2105.535000 2132.981910 0
217 2116.249000 2119.298561 10
218 2125.944000 2126.197421 24
219 2135.944000 2134.824441 9
220 2146.477000 2146.227392 15
221 2156.339000 2156.009047 15
222 2166.172000 2168.809792 19
223 2176.248000 2177.342355 11
224 2185.589000 2182.136858 12
225 2195.326000 2195.091498 24
226 2205.520000 2204.423644 13
227 2217.024000 2217.788730 20
228 2227.821000 2227.543099 17
229 2237.286000 2237.070400 24
230 2246.071000 2245.888513 10
231 2256.071000 2256.537259 10
232 2265.092000 2266.537259 0
233 2275.092000 2276.537259 0
234 2284.908000 2285.589265 14
235 2294.908000 2295.516110 17
236 2304.609000 2304.458144 24
237 2314.609000 2311.523592 10
238 2324.304000 2324.732433 15
239 2334.304000 2334.732433 0
240 2344.486000 2344.732433 0
241 2353.057000 2354.732433 0
242 2362.985000 2364.732433 0
243 2372.520000 2372.680470 21
244 2381.683000 2381.240408 9
245 2392.797000 2391.240408 0
246 2402.524000 2402.934979 14
247 2412.524000 2412.683791 37
248 2422.603000 2422.716020 26
249 2432.623000 2431.415891 23
250 2442.623000 2442.022422 16
251 2451.774000 2478.538447 9
252 2461.676000 2488.538447 0
253 2470.754000 2565.286266 13
254 2481.214000 2481.009908 23
255 2491.098000 2490.535749 11
256 2500.447000 2500.535749 0
257 2509.765000 2509.407496 20
258 2518.890000 2520.629298 8
259 2529.280000 2532.570352 9
260 2538.944000 2538.995962 22
261 2548.529000 2547.896109 19
262 2558.036000 2556.951704 8
263 2567.093000 2566.951704 0
264 2575.836000 2576.951704 0
265 2585.931000 2585.381098 15
266 2595.244000 2595.335702 14
267 2605.244000 2605.595705 19
268 2615.042000 2660.616225 13
269 2624.843000 2622.766304 13
270 2635.057000 2632.766304 0
271 2645.270000 2645.936977 19
272 2654.752000 2655.936977 0
273 2664.938000 2665.045638 12
274 2674.439000 2673.905690 9
275 2684.201000 2683.905690 0
276 2693.355000 2698.043508 11
277 2703.021000 2703.190670 17
278 2712.409000 2713.190670 0
279 2722.955000 2725.144081 24
280 2733.351000 2733.193025 22
281 2743.508000 2743.807671 14
282 2753.438000 2753.807671 0
283 2763.906000 2763.807671 0
284 2774.276000 2777.103415 13
285 2783.156000 2782.294191 19
286 2792.350000 2790.295346 11
287 2802.543000 2800.295346 0
288 2812.446000 2810.295346 0
289 2821.794000 2824.283045 10
290 2830.771000 2834.283045 0
291 2841.083000 2843.786143 9
292 2851.257000 2850.696983 10
293 2861.257000 2860.696983 0
294 2871.591000 2911.936900 9
295 2880.480000 2834.175797 8
296 2890.480000 2891.033673 15
297 2900.383000 2900.599372 23
298 2910.232000 2910.599372 0
299 2920.525000 2920.489526 16
300 2930.148000 2930.199126 25
301 2939.843000 2939.605427 23
302 2949.985000 2949.514186 14
303 2959.411000 2960.697110 17
304 2969.411000 2968.517105 16
305 2979.660000 2979.550403 21
306 2989.373000 2989.550403 0
307 2999.373000 3001.231860 8
308 3009.156000 3009.633486 15
309 3018.995000 3020.976218 15
310 3028.707000 3028.584685 19
311 3038.277000 3038.584685 0
312 3046.041000 3041.809299 11
313 3054.913000 3051.809299 0
314 3064.767000 3018.341938 9
315 3074.767000 3073.969867 17
316 3084.516000 3084.183360 20
317 3092.780000 3092.281289 15
318 3102.278000 3102.218797 15
319 3113.010000 3144.925898 9
320 3122.474000 3082.037174 9
321 3132.329000 3132.570959 19
322 3140.879000 3140.004292 29
323 3150.790000 3150.640959 17
324 3160.555000 3159.522139 17
325 3169.624000 3148.813844 9
326 3177.834000 3158.813844 0
327 3187.548000 3187.813015 16
328 3198.656000 3139.637330 12
329 3208.441000 3207.257594 17
330 3217.491000 3218.163420 19
331 3228.026000 3225.413358 10
332 3238.294000 3235.413358 0
333 3248.222000 3245.413358 0
334 3258.222000 3257.863359 21
335 3267.432000 3267.163147 18
336 3277.002000 3276.294941 25
337 3287.002000 3285.738083 16
338 3297.002000 3268.865361 8
339 3307.002000 3308.718324 17
340 3316.855000 3313.578681 9
341 3326.855000 3327.279433 18
342 3335.816000 3337.279433 0
343 3346.780000 3346.331036 12
344 3357.496000 3357.894704 12
345 3367.780000 3368.400903 17
346 3377.690000 3378.400903 0
347 3387.331000 3387.337553 14
348 3397.331000 3396.843871 19
349 3403.895000 3406.843871 0
350 3413.895000 3411.363113 11
351 3423.625000 3423.634596 12
352 3434.501000 3494.689162 9
353 3444.227000 3444.416452 25
354 3454.999000 3453.324551 16
355 3464.135000 3464.100878 27
356 3474.135000 3461.746578 10
357 3484.135000 3484.428555 15
358 3493.815000 3493.822665 22
359 3503.474000 3503.212774 20
360 3513.133000 3512.518772 24
361 3522.614000 3522.162919 18
362 3532.614000 3532.162919 0
363 3540.698000 3540.389275 13
364 3549.319000 3548.678337 10
365 3560.035000 3558.678337 0
366 3570.427000 3571.060310 16
367 3579.853000 3624.549279 18
368 3588.868000 3634.549279 0
369 3597.758000 3686.698348 13
370 3608.598000 3682.522716 12
371 3619.205000 3689.310527 12
372 3630.495000 3687.126600 16
373 3639.841000 3688.217916 8
374 3650.150000 3698.217916 0
375 3658.773000 3661.435242 9
376 3669.988000 3671.435242 0
377 3675.443000 3676.443763 9
378 3686.082000 3686.808763 28
379 3696.082000 3696.808763 0
380 3707.480000 3709.493522 22
381 3717.480000 3710.350295 30
382 3727.480000 3721.146835 17
383 3737.086000 3799.944035 11
384 3746.943000 3794.193369 10
385 3756.241000 3860.103761 8
386 3766.400000 3870.103761 0
387 3776.400000 3880.103761 0
388 3786.400000 3853.273105 9
389 3795.665000 3863.273105 0
390 3803.874000 3873.273105 0
391 3813.588000 3853.570033 13
392 3823.819000 3863.570033 0
393 3833.460000 3873.570033 0
394 3842.278000 3842.871341 20
395 3852.672000 3852.312660 17
396 3863.100000 3864.063243 14
397 3873.868000 3873.646362 10
398 3883.688000 3881.913811 12
399 3892.560000 3917.406325 9
400 3903.079000 3927.406325 0
401 3913.113000 3914.075876 10
402 3922.683000 3922.029398 20
403 3932.467000 3932.529981 16
404 3942.324000 3942.529981 0
405 3950.945000 3952.529981 0
406 3960.478000 3962.529981 0
407 3970.818000 3972.529981 0
408 3980.709000 3979.343313 8
409 3987.524000 3988.176027 11
410 3997.721000 3997.458752 25
411 4007.827000 4000.613624 8
412 4017.827000 4010.613624 0
413 4027.055000 4026.767094 19
414 4036.481000 4038.022810 13
415 4046.481000 4045.869624 8
416 4055.175000 4054.724591 14
417 4064.458000 4064.724591 0
418 4073.867000 4074.724591 0
419 4082.614000 4084.724591 0
420 4093.775000 4094.724591 0
421 4102.647000 4102.777879 18
422 4111.877000 4112.309540 18
423 4121.715000 4121.142149 17
424 4130.747000 4148.701497 10
425 4140.193000 4140.698191 19
426 4150.031000 4149.738379 12
427 4159.457000 4160.015938 12
428 4170.041000 4169.505997 22
429 4179.827000 4179.169154 25
430 4189.240000 4188.005358 14
431 4198.753000 4198.757751 28
432 4208.351000 4208.155913 34
433 4217.789000 4217.030809 16
434 4227.286000 4227.271883 21
435 4236.999000 4237.206772 19
436 4244.888000 4245.160662 19
437 4254.888000 4254.285687 18
438 4264.439000 4264.285687 0
439 4274.258000 4274.667064 18
440 4284.043000 4284.531984 21
441 4294.402000 4294.691649 23
442 4303.916000 4303.807165 29
443 4313.916000 4313.807165 0
444 4323.916000 4268.934547 8
445 4333.452000 4333.760496 21
446 4343.452000 4344.383686 10
447 4353.696000 4352.931800 18
448 4363.535000 4363.540658 18
449 4373.659000 4389.991003 8
450 4384.141000 4399.991003 0
451 4393.800000 4394.397599 17
452 4403.011000 4403.688865 16
453 4412.922000 4411.817662 19
454 4421.741000 4419.413066 20
455 4431.202000 4473.126590 10
456 4440.558000 4442.063748 20
457 4450.718000 4450.746303 21
458 4460.914000 4460.438713 13
459 4468.980000 4469.206603 17
460 4477.834000 4473.795087 8
461 4487.834000 4523.889059 13
462 4496.760000 4533.889059 0
463 4505.714000 4580.782896 8
464 4514.669000 4587.172502 12
465 4522.896000 4604.564792 9
466 4532.554000 4575.531891 11
467 4540.771000 4584.945583 17
468 4549.692000 4594.945583 0
469 4558.663000 4566.291493 8
470 4568.567000 4575.341907 22
471 4579.446000 4575.926046 15
472 4586.385000 4586.777227 23
473 4596.676000 4595.450746 12
474 4606.008000 4606.394710 29
475 4615.820000 4616.394710 0
476 4624.232000 4626.394710 0
477 4633.843000 4634.642034 20
478 4643.506000 4643.604924 20
479 4652.917000 4652.169175 10
480 4662.917000 4662.974265 29
481 4672.917000 4672.567420 29
