001 0.000000 0.098801 77
002 10.000000 10.141712 33
003 20.000000 17.574842 28
004 28.072000 27.944667 21
005 38.058000 38.085262 25
006 48.059000 48.074133 37
007 58.056000 57.954053 22
008 68.056000 68.152813 36
009 78.056000 78.076128 45
010 88.056000 88.067485 41
011 98.056000 97.977145 51
012 108.056000 108.083377 60
013 118.056000 118.120072 54
014 128.056000 128.018137 60
015 138.056000 138.077136 62
016 148.056000 148.081701 68
017 158.056000 158.214044 78
018 168.056000 168.082237 52
019 178.056000 178.181414 55
020 188.056000 188.186655 76
021 198.056000 198.087123 70
022 208.056000 208.099538 68
023 218.056000 218.261754 67
024 228.056000 228.088055 28
025 238.056000 238.795861 36
026 248.056000 248.399587 22
027 258.311000 260.351245 16
028 268.392000 269.538162 15
029 278.457000 278.233283 19
030 288.680000 307.558435 11
031 299.265000 300.552520 24
032 309.265000 309.362775 18
033 319.460000 319.362775 0
034 329.886000 350.105126 8
035 331.489000 360.105126 0
036 341.050000 370.105126 0
037 352.269000 370.082647 17
038 362.269000 368.438372 12
039 372.483000 378.438372 0
040 382.483000 383.380827 26
041 392.844000 393.187077 23
042 403.556000 405.629181 37
043 414.326000 415.629181 0
044 424.449000 424.113064 25
045 434.768000 435.514485 19
046 444.768000 445.514485 0
047 452.651000 453.067435 14
048 462.775000 463.067435 0
049 472.194000 505.862590 9
050 482.194000 484.067534 12
051 491.877000 494.017524 16
052 501.624000 502.108660 27
053 511.427000 509.694964 16
054 520.978000 520.568891 18
055 530.978000 555.464519 10
056 541.619000 542.060605 9
057 550.842000 613.434077 8
058 560.228000 562.368630 16
059 569.286000 568.730204 16
060 578.659000 575.787427 21
061 588.915000 628.939771 9
062 598.555000 638.939771 0
063 608.681000 609.980869 19
064 619.259000 619.895776 29
065 628.721000 628.815046 13
066 638.369000 638.815046 0
067 647.991000 648.815046 0
068 657.851000 613.742598 8
069 666.916000 666.786989 22
070 675.899000 675.188460 20
071 685.573000 685.426438 20
072 695.248000 694.689407 16
073 705.586000 705.651012 18
074 715.395000 715.651012 0
075 725.261000 725.270308 23
076 734.717000 735.949847 11
077 745.217000 745.118681 13
078 755.217000 754.231025 16
079 764.858000 761.938597 11
080 774.506000 771.938597 0
081 785.429000 781.938597 0
082 796.513000 796.865624 23
083 806.746000 805.921951 12
084 816.819000 817.166499 16
085 826.819000 826.457642 23
086 836.249000 836.457642 0
087 846.163000 846.518392 19
088 856.163000 856.518392 0
089 864.873000 864.801237 8
090 873.220000 873.367635 17
091 883.027000 883.619998 13
092 892.860000 893.619998 0
093 902.860000 903.707228 16
094 912.210000 911.193194 22
095 921.433000 922.095958 9
096 931.433000 931.144558 25
097 940.742000 939.440328 10
098 949.547000 949.540020 21
099 958.617000 959.540020 0
100 968.324000 968.134656 11
101 977.329000 978.171595 15
102 987.329000 988.335857 19
103 997.595000 996.629704 14
104 1007.336000 1007.323041 12
105 1017.463000 1017.323041 0
106 1028.014000 1031.602972 9
107 1037.881000 1105.508011 9
108 1046.619000 1046.701351 25
109 1056.878000 1057.785426 14
110 1066.607000 1067.785426 0
111 1076.607000 1077.785426 0
112 1085.691000 1085.755121 9
113 1095.691000 1095.868306 35
114 1104.986000 1104.647302 20
115 1115.086000 1114.357210 17
116 1124.734000 1124.524140 14
117 1133.904000 1134.524140 0
118 1143.738000 1143.701757 23
119 1153.068000 1153.701757 0
120 1162.582000 1164.181132 10
121 1172.470000 1170.484171 13
122 1181.693000 1181.421388 16
123 1191.553000 1191.421388 0
124 1201.148000 1203.126422 13
125 1211.148000 1283.828459 8
126 1220.338000 1220.501399 17
127 1229.986000 1230.673894 12
128 1239.076000 1238.936092 20
129 1249.076000 1276.472192 11
130 1257.800000 1286.472192 0
131 1267.668000 1270.587227 9
132 1278.014000 1278.726428 15
133 1288.014000 1288.803545 10
134 1297.789000 1298.016300 13
135 1307.517000 1308.016300 0
136 1317.517000 1317.215892 12
137 1327.250000 1328.041583 23
138 1336.985000 1336.893511 32
139 1346.985000 1345.767806 15
140 1356.581000 1355.547545 15
141 1365.299000 1365.547545 0
142 1375.105000 1342.176323 9
143 1385.579000 1352.176323 0
144 1395.579000 1395.472495 25
145 1405.579000 1405.627223 25
146 1415.931000 1415.817785 16
147 1425.340000 1425.817785 0
148 1434.351000 1435.817785 0
149 1443.813000 1445.817785 0
150 1453.703000 1453.901621 23
151 1463.450000 1463.901621 0
152 1471.333000 1473.901621 0
153 1481.566000 1481.561015 9
154 1491.044000 1490.417166 25
155 1500.579000 1500.417166 0
156 1510.173000 1508.647378 9
157 1520.607000 1522.863101 12
158 1530.868000 1532.058070 11
159 1540.607000 1541.242519 9
160 1549.968000 1567.012020 10
161 1560.345000 1561.664672 22
162 1570.539000 1570.003177 16
163 1579.858000 1579.040363 14
164 1589.858000 1589.040363 0
165 1599.858000 1629.721123 9
166 1610.086000 1601.496786 11
167 1620.615000 1621.978337 22
168 1631.827000 1633.837183 11
169 1641.168000 1640.991837 19
170 1651.300000 1649.856703 12
171 1663.636000 1659.856703 0
172 1672.749000 1672.237742 29
173 1683.172000 1666.439168 8
174 1693.095000 1694.924374 15
175 1702.956000 1702.833044 22
176 1713.607000 1710.364265 15
177 1724.031000 1724.326438 17
178 1734.031000 1734.326438 0
179 1742.838000 1742.879225 17
180 1752.449000 1751.839116 11
181 1760.542000 1761.839116 0
182 1770.715000 1771.401801 13
183 1780.992000 1767.440240 9
184 1790.832000 1790.382898 21
185 1800.832000 1799.902333 17
186 1810.721000 1810.652280 28
187 1820.617000 1820.383439 17
188 1830.360000 1830.015916 26
189 1840.013000 1839.504727 22
190 1849.209000 1849.504727 0
191 1860.090000 1862.048178 14
192 1869.680000 1872.382762 9
193 1879.478000 1879.671126 13
194 1889.402000 1889.652903 23
195 1899.097000 1898.001113 17
196 1908.417000 1950.583177 11
197 1917.757000 1921.982368 18
198 1926.911000 1927.189965 33
199 1937.293000 1937.749256 15
200 1946.883000 1946.216639 9
201 1954.809000 1953.667747 11
202 1964.620000 1951.327121 11
203 1974.782000 1936.687597 10
204 1985.579000 1986.010951 22
205 1995.308000 1995.921170 16
206 2005.308000 2005.921170 0
207 2015.204000 2059.855987 8
208 2024.919000 2022.872984 24
209 2034.823000 2032.872984 0
210 2044.823000 2046.162078 19
211 2053.733000 2056.162078 0
212 2065.736000 2065.389477 25
213 2075.432000 2075.340030 18
214 2085.432000 2085.018767 15
215 2095.640000 2095.018767 0
216 2105.535000 2074.618033 9
217 2116.249000 2116.550218 9
218 2125.944000 2125.150916 23
219 2135.944000 2135.941044 16
220 2146.477000 2146.262908 13
221 2156.339000 2157.003034 19
222 2166.172000 2167.496570 20
223 2176.248000 2176.929652 9
224 2185.589000 2181.778305 11
225 2195.326000 2195.948326 18
226 2205.520000 2204.560021 12
227 2217.024000 2217.539319 15
228 2227.821000 2228.155475 12
229 2237.286000 2237.118339 32
230 2246.071000 2245.857112 8
231 2256.071000 2254.350558 9
232 2265.092000 2263.845585 13
233 2275.092000 2276.929320 8
234 2284.908000 2285.189422 22
235 2294.908000 2294.947097 23
236 2304.609000 2304.544175 20
237 2314.609000 2314.544175 0
238 2324.304000 2324.372640 14
239 2334.304000 2334.372640 0
240 2344.486000 2344.485414 13
241 2353.057000 2354.485414 0
242 2362.985000 2362.641520 11
243 2372.520000 2372.216172 25
244 2381.683000 2382.216172 0
245 2392.797000 2387.991657 14
246 2402.524000 2402.556065 16
247 2412.524000 2412.678060 26
248 2422.603000 2422.234313 25
249 2432.623000 2431.785610 23
250 2442.623000 2442.317793 22
251 2451.774000 2488.686770 11
252 2461.676000 2498.686770 0
253 2470.754000 2508.686770 0
254 2481.214000 2480.481162 25
255 2491.098000 2490.140665 9
256 2500.447000 2500.633436 12
257 2509.765000 2509.465708 22
258 2518.890000 2519.465708 0
259 2529.280000 2530.572095 8
260 2538.944000 2539.313429 31
261 2548.529000 2547.951418 24
262 2558.036000 2557.559297 13
263 2567.093000 2567.559297 0
264 2575.836000 2577.559297 0
265 2585.931000 2586.385698 20
266 2595.244000 2595.335460 17
267 2605.244000 2604.657990 15
268 2615.042000 2614.921302 19
269 2624.843000 2622.969585 11
270 2635.057000 2632.969585 0
271 2645.270000 2646.524222 21
272 2654.752000 2656.524222 0
273 2664.938000 2664.569528 10
274 2674.439000 2674.347444 15
275 2684.201000 2685.290707 12
276 2693.355000 2661.950035 8
277 2703.021000 2671.950035 0
278 2712.409000 2712.761085 15
279 2722.955000 2724.981470 18
280 2733.351000 2732.937941 27
281 2743.508000 2743.816734 20
282 2753.438000 2753.816734 0
283 2763.906000 2763.713663 9
284 2774.276000 2774.273346 24
285 2783.156000 2784.129716 13
286 2792.350000 2787.867394 11
287 2802.543000 2802.199789 10
288 2812.446000 2812.199789 0
289 2821.794000 2822.675990 15
290 2830.771000 2832.675990 0
291 2841.083000 2842.675990 0
292 2851.257000 2852.091360 8
293 2861.257000 2858.877506 15
294 2871.591000 2868.877506 0
295 2880.480000 2881.293117 11
296 2890.480000 2890.390404 14
297 2900.383000 2900.145833 22
298 2910.232000 2909.382732 10
299 2920.525000 2920.744498 15
300 2930.148000 2930.172358 25
301 2939.843000 2940.172358 0
302 2949.985000 2949.474628 15
303 2959.411000 2960.049767 18
304 2969.411000 2969.128600 20
305 2979.660000 2979.187771 24
306 2989.373000 2989.187771 0
307 2999.373000 2999.850826 13
308 3009.156000 3009.850826 0
309 3018.995000 3020.342861 13
310 3028.707000 3027.791314 16
311 3038.277000 3037.791314 0
312 3046.041000 3047.791314 0
313 3054.913000 3057.791314 0
314 3064.767000 3065.772743 15
315 3074.767000 3075.388129 19
316 3084.516000 3084.100040 15
317 3092.780000 3092.515827 14
318 3102.278000 3101.907681 17
319 3113.010000 3110.205470 14
320 3122.474000 3125.984575 11
321 3132.329000 3131.124120 20
322 3140.879000 3140.510070 28
323 3150.790000 3150.801193 15
324 3160.555000 3160.377334 24
325 3169.624000 3151.717162 9
326 3177.834000 3161.717162 0
327 3187.548000 3187.630137 18
328 3198.656000 3199.651556 13
329 3208.441000 3208.100885 14
330 3217.491000 3216.967392 13
331 3228.026000 3226.596193 10
332 3238.294000 3236.596193 0
333 3248.222000 3249.093458 8
334 3258.222000 3257.864856 20
335 3267.432000 3266.659165 14
336 3277.002000 3276.470396 20
337 3287.002000 3286.470396 0
338 3297.002000 3296.470396 0
339 3307.002000 3308.792562 18
340 3316.855000 3318.792562 0
341 3326.855000 3324.716659 13
342 3335.816000 3334.716659 0
343 3346.780000 3392.363828 14
344 3357.496000 3357.970873 18
345 3367.780000 3368.268896 27
346 3377.690000 3381.565227 11
347 3387.331000 3387.515802 11
348 3397.331000 3397.355287 20
349 3403.895000 3403.651511 14
350 3413.895000 3413.651511 0
351 3423.625000 3424.120877 17
352 3434.501000 3434.308656 9
353 3444.227000 3444.651319 12
354 3454.999000 3454.472022 14
355 3464.135000 3464.195075 25
356 3474.135000 3449.827828 8
357 3484.135000 3484.302316 17
358 3493.815000 3494.833947 12
359 3503.474000 3502.909149 14
360 3513.133000 3512.381861 19
361 3522.614000 3522.285690 22
362 3532.614000 3532.285690 0
363 3540.698000 3542.335184 12
364 3549.319000 3567.699354 8
365 3560.035000 3577.699354 0
366 3570.427000 3587.699354 0
367 3579.853000 3577.846584 16
368 3588.868000 3578.974951 8
369 3597.758000 3599.768167 14
370 3608.598000 3609.768167 0
371 3619.205000 3690.570629 8
372 3630.495000 3629.666677 18
373 3639.841000 3639.364134 20
374 3650.150000 3648.420743 8
375 3658.773000 3661.911032 8
376 3669.988000 3671.911032 0
377 3675.443000 3681.911032 0
378 3686.082000 3687.633498 18
379 3696.082000 3697.633498 0
380 3707.480000 3719.048392 22
381 3717.480000 3720.030911 31
382 3727.480000 3721.377840 13
383 3737.086000 3800.547511 10
384 3746.943000 3749.196361 8
385 3756.241000 3756.899622 17
386 3766.400000 3766.302106 15
387 3776.400000 3760.794010 14
388 3786.400000 3748.358636 14
389 3795.665000 3796.737904 11
390 3803.874000 3800.098370 17
391 3813.588000 3813.749539 25
392 3823.819000 3823.256687 16
393 3833.460000 3833.256687 0
394 3842.278000 3842.461522 23
395 3852.672000 3851.844408 19
396 3863.100000 3863.635120 12
397 3873.868000 3873.865172 16
398 3883.688000 3881.802307 15
399 3892.560000 3890.819466 29
400 3903.079000 3903.002175 20
401 3913.113000 3911.575000 14
402 3922.683000 3922.758246 14
403 3932.467000 3931.847799 13
404 3942.324000 3941.415451 10
405 3950.945000 3951.058672 8
406 3960.478000 3964.986367 14
407 3970.818000 3972.282009 8
408 3980.709000 3982.282009 0
409 3987.524000 3987.797547 14
410 3997.721000 3997.836242 19
411 4007.827000 4007.506175 14
412 4017.827000 4017.506175 0
413 4027.055000 4026.752378 21
414 4036.481000 4036.992997 10
415 4046.481000 4045.603689 14
416 4055.175000 4056.179720 17
417 4064.458000 4047.060218 9
418 4073.867000 4118.405976 9
419 4082.614000 4128.405976 0
420 4093.775000 4094.001843 8
421 4102.647000 4103.510102 22
422 4111.877000 4111.649430 21
423 4121.715000 4120.740587 25
424 4130.747000 4130.740587 0
425 4140.193000 4140.460049 21
426 4150.031000 4149.932234 13
427 4159.457000 4160.360704 16
428 4170.041000 4169.697911 20
429 4179.827000 4179.436280 25
430 4189.240000 4189.340560 18
431 4198.753000 4199.151421 19
432 4208.351000 4208.892158 25
433 4217.789000 4217.551705 19
434 4227.286000 4228.642867 12
435 4236.999000 4236.516264 12
436 4244.888000 4246.516264 0
437 4254.888000 4269.158496 8
438 4264.439000 4279.158496 0
439 4274.258000 4274.820524 20
440 4284.043000 4284.308581 18
441 4294.402000 4293.420705 16
442 4303.916000 4303.919943 33
443 4313.916000 4343.824822 9
444 4323.916000 4324.876163 15
445 4333.452000 4334.444304 19
446 4343.452000 4343.518579 11
447 4353.696000 4352.584495 17
448 4363.535000 4364.515368 14
449 4373.659000 4353.591743 9
450 4384.141000 4363.591743 0
451 4393.800000 4395.135677 13
452 4403.011000 4402.945316 11
453 4412.922000 4411.901692 19
454 4421.741000 4420.760716 24
455 4431.202000 4430.760716 0
456 4440.558000 4441.015055 29
457 4450.718000 4451.944084 19
458 4460.914000 4460.838737 16
459 4468.980000 4469.207291 16
460 4477.834000 4477.208021 17
461 4487.834000 4523.650427 16
462 4496.760000 4533.650427 0
463 4505.714000 4523.069198 8
464 4514.669000 4591.353440 8
465 4522.896000 4521.772615 13
466 4532.554000 4531.937982 10
467 4540.771000 4540.313836 21
468 4549.692000 4544.825010 10
469 4558.663000 4565.849135 10
470 4568.567000 4574.508304 22
471 4579.446000 4577.991826 15
472 4586.385000 4587.693983 19
473 4596.676000 4598.863035 14
474 4606.008000 4606.396485 23
475 4615.820000 4616.396485 0
476 4624.232000 4626.396485 0
477 4633.843000 4633.562381 24
478 4643.506000 4643.562643 23
479 4652.917000 4651.931252 10
480 4662.917000 4662.964883 32
481 4672.917000 4672.622859 27
