001 0.000000 -0.114010 80
002 10.000000 9.931327 31
003 20.000000 18.177355 24
004 28.072000 28.072716 20
005 38.058000 38.254571 23
006 48.059000 48.213256 34
007 58.056000 57.944650 21
008 68.056000 68.026383 39
009 78.056000 78.078552 39
010 88.056000 88.073322 48
011 98.056000 98.165786 55
012 108.056000 108.083054 57
013 118.056000 118.079176 46
014 128.056000 128.082460 52
015 138.056000 138.076386 62
016 148.056000 148.090018 66
017 158.056000 158.421609 77
018 168.056000 168.081083 53
019 178.056000 178.158723 53
020 188.056000 188.089395 70
021 198.056000 198.086614 77
022 208.056000 208.056167 70
023 218.056000 218.338136 65
024 228.056000 227.804498 32
025 238.056000 239.008875 29
026 248.056000 248.586680 23
027 258.311000 265.608179 10
028 268.392000 275.608179 0
029 278.457000 277.412628 27
030 288.680000 283.507897 8
031 299.265000 299.033581 19
032 309.265000 309.317205 13
033 319.460000 370.847690 11
034 329.886000 380.847690 0
035 331.489000 390.847690 0
036 341.050000 400.847690 0
037 352.269000 368.569523 16
038 362.269000 369.009768 13
039 372.483000 368.847224 14
040 382.483000 383.530021 24
041 392.844000 394.344241 15
042 403.556000 404.106338 30
043 414.326000 390.205136 9
044 424.449000 423.786497 26
045 434.768000 434.076908 27
046 444.768000 444.076908 0
047 452.651000 452.936434 17
048 462.775000 459.618127 10
049 472.194000 469.618127 0
050 482.194000 439.378215 17
051 491.877000 493.787328 18
052 501.624000 502.369924 23
053 511.427000 511.449973 16
054 520.978000 520.219885 13
055 530.978000 530.219885 0
056 541.619000 542.057905 8
057 550.842000 562.702755 9
058 560.228000 562.845680 12
059 569.286000 570.301032 11
060 578.659000 574.461753 17
061 588.915000 629.391021 10
062 598.555000 639.391021 0
063 608.681000 611.312075 9
064 619.259000 618.967267 25
065 628.721000 628.682785 26
066 638.369000 638.682785 0
067 647.991000 648.682785 0
068 657.851000 658.682785 0
069 666.916000 666.606814 24
070 675.899000 676.606814 0
071 685.573000 686.514532 22
072 695.248000 695.252757 16
073 705.586000 705.252757 0
074 715.395000 712.610926 12
075 725.261000 725.420632 30
076 734.717000 819.569094 13
077 745.217000 744.497837 16
078 755.217000 754.747060 13
079 764.858000 762.948243 16
080 774.506000 808.101352 8
081 785.429000 787.226692 14
082 796.513000 796.823681 25
083 806.746000 806.742084 14
084 816.819000 816.683400 20
085 826.819000 826.449936 29
086 836.249000 836.449936 0
087 846.163000 847.643499 16
088 856.163000 855.462822 8
089 864.873000 865.243768 12
090 873.220000 872.901093 24
091 883.027000 883.855273 11
092 892.860000 890.350417 10
093 902.860000 903.183062 13
094 912.210000 911.555947 20
095 921.433000 922.592150 13
096 931.433000 931.240868 20
097 940.742000 941.240868 0
098 949.547000 949.473413 20
099 958.617000 959.473413 0
100 968.324000 968.369983 17
101 977.329000 978.977385 25
102 987.329000 988.154177 22
103 997.595000 996.410307 17
104 1007.336000 1007.361655 12
105 1017.463000 1017.361655 0
106 1028.014000 1030.658557 14
107 1037.881000 1114.070783 8
108 1046.619000 1046.905094 28
109 1056.878000 1057.041945 17
110 1066.607000 1065.792807 12
111 1076.607000 1075.792807 0
112 1085.691000 1086.462153 11
113 1095.691000 1095.896538 33
114 1104.986000 1161.528866 15
115 1115.086000 1114.338493 23
116 1124.734000 1124.584106 23
117 1133.904000 1134.584106 0
118 1143.738000 1143.547658 25
119 1153.068000 1152.589577 13
120 1162.582000 1162.914131 16
121 1172.470000 1171.879309 14
122 1181.693000 1181.284817 10
123 1191.553000 1191.284817 0
124 1201.148000 1202.582473 15
125 1211.148000 1212.582473 0
126 1220.338000 1281.367347 11
127 1229.986000 1229.511947 10
128 1239.076000 1237.507096 16
129 1249.076000 1278.239108 12
130 1257.800000 1259.064753 15
131 1267.668000 1269.122893 9
132 1278.014000 1278.449525 20
133 1288.014000 1288.384412 11
134 1297.789000 1297.661351 13
135 1307.517000 1273.573241 11
136 1317.517000 1283.573241 0
137 1327.250000 1328.484768 14
138 1336.985000 1336.940060 26
139 1346.985000 1345.973581 13
140 1356.581000 1355.843728 12
141 1365.299000 1396.187106 10
142 1375.105000 1377.466891 17
143 1385.579000 1387.466891 0
144 1395.579000 1395.514607 24
145 1405.579000 1406.038605 27
146 1415.931000 1416.373666 13
147 1425.340000 1422.778452 10
148 1434.351000 1457.605912 8
149 1443.813000 1467.605912 0
150 1453.703000 1453.256776 24
151 1463.450000 1463.256776 0
152 1471.333000 1473.623651 9
153 1481.566000 1483.623651 0
154 1491.044000 1490.127897 22
155 1500.579000 1500.127897 0
156 1510.173000 1510.127897 0
157 1520.607000 1519.660653 11
158 1530.868000 1569.561002 10
159 1540.607000 1579.561002 0
160 1549.968000 1566.786050 10
161 1560.345000 1562.834483 15
162 1570.539000 1568.411824 9
163 1579.858000 1581.293132 17
164 1589.858000 1591.293132 0
165 1599.858000 1596.490438 9
166 1610.086000 1610.306752 14
167 1620.615000 1621.794531 24
168 1631.827000 1631.042177 12
169 1641.168000 1641.092009 20
170 1651.300000 1651.092009 0
171 1663.636000 1661.092009 0
172 1672.749000 1672.439687 31
173 1683.172000 1663.846078 9
174 1693.095000 1692.622382 12
175 1702.956000 1702.310887 21
176 1713.607000 1710.010489 9
177 1724.031000 1724.155442 15
178 1734.031000 1734.155442 0
179 1742.838000 1744.155442 0
180 1752.449000 1752.882108 8
181 1760.542000 1760.804716 9
182 1770.715000 1770.898417 13
183 1780.992000 1770.170743 8
184 1790.832000 1780.170743 0
185 1800.832000 1801.907591 15
186 1810.721000 1810.516352 27
187 1820.617000 1820.490888 19
188 1830.360000 1829.919632 29
189 1840.013000 1839.473034 22
190 1849.209000 1849.473034 0
191 1860.090000 1861.305645 13
192 1869.680000 1870.068253 12
193 1879.478000 1880.524064 16
194 1889.402000 1889.333478 26
195 1899.097000 1898.416005 17
196 1908.417000 1903.696689 10
197 1917.757000 1887.710491 8
198 1926.911000 1927.423510 27
199 1937.293000 1937.238376 16
200 1946.883000 1947.238376 0
201 1954.809000 1957.238376 0
202 1964.620000 1967.238376 0
203 1974.782000 1993.664653 10
204 1985.579000 1985.775762 15
205 1995.308000 1995.641438 22
206 2005.308000 2069.765273 8
207 2015.204000 2063.356947 8
208 2024.919000 2073.356947 0
209 2034.823000 2083.356947 0
210 2044.823000 2045.799429 25
211 2053.733000 2134.937487 10
212 2065.736000 2066.878170 19
213 2075.432000 2074.599261 22
214 2085.432000 2084.402836 13
215 2095.640000 2124.882777 8
216 2105.535000 2134.882777 0
217 2116.249000 2144.882777 0
218 2125.944000 2126.521509 25
219 2135.944000 2136.738780 12
220 2146.477000 2144.288914 11
221 2156.339000 2156.769209 19
222 2166.172000 2166.607471 22
223 2176.248000 2176.398607 9
224 2185.589000 2180.344927 9
225 2195.326000 2195.679962 22
226 2205.520000 2204.764699 15
227 2217.024000 2218.083838 19
228 2227.821000 2227.881995 14
229 2237.286000 2237.171045 26
230 2246.071000 2245.069792 9
231 2256.071000 2253.744110 11
232 2265.092000 2263.892370 14
233 2275.092000 2279.377426 9
234 2284.908000 2285.030953 19
235 2294.908000 2295.601084 21
236 2304.609000 2303.858342 19
237 2314.609000 2313.858342 0
238 2324.304000 2324.086177 15
239 2334.304000 2334.086177 0
240 2344.486000 2345.226423 15
241 2353.057000 2355.226423 0
242 2362.985000 2362.614309 9
243 2372.520000 2372.047056 26
244 2381.683000 2378.330848 11
245 2392.797000 2385.941227 10
246 2402.524000 2395.941227 0
247 2412.524000 2412.719434 29
248 2422.603000 2422.676323 25
249 2432.623000 2432.195473 16
250 2442.623000 2442.068731 19
251 2451.774000 2452.068731 0
252 2461.676000 2462.068731 0
253 2470.754000 2472.628862 11
254 2481.214000 2480.571425 25
255 2491.098000 2557.690747 10
256 2500.447000 2499.955144 14
257 2509.765000 2509.068526 17
258 2518.890000 2519.068526 0
259 2529.280000 2528.920626 14
260 2538.944000 2539.049138 23
261 2548.529000 2549.399479 27
262 2558.036000 2556.687309 10
263 2567.093000 2565.454879 12
264 2575.836000 2575.454879 0
265 2585.931000 2586.423038 19
266 2595.244000 2595.372195 17
267 2605.244000 2605.697412 15
268 2615.042000 2614.466745 16
269 2624.843000 2624.086185 10
270 2635.057000 2634.086185 0
271 2645.270000 2646.179191 16
272 2654.752000 2671.195087 8
273 2664.938000 2663.887391 17
274 2674.439000 2674.077106 12
275 2684.201000 2684.077106 0
276 2693.355000 2694.077106 0
277 2703.021000 2702.676913 15
278 2712.409000 2713.112118 12
279 2722.955000 2724.948845 24
280 2733.351000 2733.445415 23
281 2743.508000 2743.237890 15
282 2753.438000 2752.788359 9
283 2763.906000 2762.788359 0
284 2774.276000 2774.022218 18
285 2783.156000 2782.596669 17
286 2792.350000 2789.836550 11
287 2802.543000 2799.836550 0
288 2812.446000 2809.836550 0
289 2821.794000 2823.617117 11
290 2830.771000 2833.617117 0
291 2841.083000 2843.617117 0
292 2851.257000 2853.617117 0
293 2861.257000 2857.996716 10
294 2871.591000 2867.996716 0
295 2880.480000 2877.996716 0
296 2890.480000 2890.095633 17
297 2900.383000 2901.205527 24
298 2910.232000 2910.079143 9
299 2920.525000 2920.930349 11
300 2930.148000 2929.759796 26
301 2939.843000 2940.068802 16
302 2949.985000 2948.647813 15
303 2959.411000 2959.954303 18
304 2969.411000 2968.177301 15
305 2979.660000 2978.177301 0
306 2989.373000 3048.968513 8
307 2999.373000 3058.968513 0
308 3009.156000 3093.708021 9
309 3018.995000 3020.302070 25
310 3028.707000 3028.667097 14
311 3038.277000 3037.196680 9
312 3046.041000 3047.196680 0
313 3054.913000 3057.196680 0
314 3064.767000 3064.840776 16
315 3074.767000 3075.663556 10
316 3084.516000 3084.174070 17
317 3092.780000 3092.430558 20
318 3102.278000 3101.511170 13
319 3113.010000 3111.511170 0
320 3122.474000 3082.759024 8
321 3132.329000 3131.443622 20
322 3140.879000 3140.533283 13
323 3150.790000 3151.025157 18
324 3160.555000 3159.379047 11
325 3169.624000 3169.379047 0
326 3177.834000 3179.379047 0
327 3187.548000 3186.598122 19
328 3198.656000 3257.140148 10
329 3208.441000 3208.119903 12
330 3217.491000 3216.889105 20
331 3228.026000 3221.179955 11
332 3238.294000 3231.179955 0
333 3248.222000 3248.058040 13
334 3258.222000 3257.549107 27
335 3267.432000 3267.321042 15
336 3277.002000 3276.179454 19
337 3287.002000 3286.494709 10
338 3297.002000 3296.494709 0
339 3307.002000 3308.241475 26
340 3316.855000 3318.241475 0
341 3326.855000 3329.754431 18
342 3335.816000 3334.574763 12
343 3346.780000 3344.329230 10
344 3357.496000 3358.021498 15
345 3367.780000 3367.531103 31
346 3377.690000 3377.531103 0
347 3387.331000 3387.646074 15
348 3397.331000 3397.247263 22
349 3403.895000 3404.092863 17
350 3413.895000 3412.175483 13
351 3423.625000 3424.231612 12
352 3434.501000 3434.822011 10
353 3444.227000 3444.226774 21
354 3454.999000 3452.198775 10
355 3464.135000 3463.625280 19
356 3474.135000 3473.625280 0
357 3484.135000 3484.752748 15
358 3493.815000 3494.327909 16
359 3503.474000 3503.311498 21
360 3513.133000 3512.494453 22
361 3522.614000 3521.587457 21
362 3532.614000 3531.587457 0
363 3540.698000 3541.172098 10
364 3549.319000 3550.322321 10
365 3560.035000 3560.322321 0
366 3570.427000 3570.448443 13
367 3579.853000 3579.151062 22
368 3588.868000 3578.768636 11
369 3597.758000 3577.793306 9
370 3608.598000 3587.793306 0
371 3619.205000 3597.793306 0
372 3630.495000 3630.270156 18
373 3639.841000 3639.082910 17
374 3650.150000 3649.283729 13
375 3658.773000 3659.283729 0
376 3669.988000 3669.283729 0
377 3675.443000 3676.472822 10
378 3686.082000 3686.885605 25
379 3696.082000 3696.885605 0
380 3707.480000 3719.535362 23
381 3717.480000 3720.526389 31
382 3727.480000 3721.206663 18
383 3737.086000 3738.532678 13
384 3746.943000 3750.446885 18
385 3756.241000 3756.798951 24
386 3766.400000 3766.540573 16
387 3776.400000 3760.557491 16
388 3786.400000 3749.735379 15
389 3795.665000 3794.404724 15
390 3803.874000 3801.891348 20
391 3813.588000 3814.016846 27
392 3823.819000 3823.775015 14
393 3833.460000 3867.624812 8
394 3842.278000 3842.302097 25
395 3852.672000 3852.043597 14
396 3863.100000 3862.043597 0
397 3873.868000 3872.637607 13
398 3883.688000 3883.006271 13
399 3892.560000 3890.889748 13
400 3903.079000 3902.866820 15
401 3913.113000 3913.334892 12
402 3922.683000 3922.766191 17
403 3932.467000 3932.072606 18
404 3942.324000 3969.786482 11
405 3950.945000 3950.974943 13
406 3960.478000 3916.454404 8
407 3970.818000 3926.454404 0
408 3980.709000 3980.204344 10
409 3987.524000 3989.094107 18
410 3997.721000 3998.032600 25
411 4007.827000 4006.285971 14
412 4017.827000 4016.285971 0
413 4027.055000 4027.128433 16
414 4036.481000 4035.761174 15
415 4046.481000 4045.939142 10
416 4055.175000 4056.062247 10
417 4064.458000 4066.062247 0
418 4073.867000 4119.078991 10
419 4082.614000 4129.078991 0
420 4093.775000 4139.078991 0
421 4102.647000 4102.889924 24
422 4111.877000 4112.188582 25
423 4121.715000 4121.314857 27
424 4130.747000 4131.314857 0
425 4140.193000 4140.265332 21
426 4150.031000 4150.013057 14
427 4159.457000 4160.099927 16
428 4170.041000 4169.461550 25
429 4179.827000 4179.440688 31
430 4189.240000 4188.537822 12
431 4198.753000 4199.756037 15
432 4208.351000 4208.897741 27
433 4217.789000 4217.427774 19
434 4227.286000 4227.182511 15
435 4236.999000 4282.041512 11
436 4244.888000 4245.299667 15
437 4254.888000 4252.775194 12
438 4264.439000 4262.775194 0
439 4274.258000 4274.650684 17
440 4284.043000 4284.134092 21
441 4294.402000 4293.987127 21
442 4303.916000 4303.580836 31
443 4313.916000 4310.244876 17
444 4323.916000 4325.243222 17
445 4333.452000 4334.203746 19
446 4343.452000 4343.430306 21
447 4353.696000 4352.838476 17
448 4363.535000 4364.043777 25
449 4373.659000 4353.477629 8
450 4384.141000 4363.477629 0
451 4393.800000 4393.388153 15
452 4403.011000 4404.211540 18
453 4412.922000 4412.839565 18
454 4421.741000 4417.461271 13
455 4431.202000 4427.461271 0
456 4440.558000 4441.634936 27
457 4450.718000 4453.029718 17
458 4460.914000 4460.826200 13
459 4468.980000 4469.361590 17
460 4477.834000 4476.608249 18
461 4487.834000 4523.600056 8
462 4496.760000 4533.600056 0
463 4505.714000 4580.367718 9
464 4514.669000 4589.028148 11
465 4522.896000 4605.353433 9
466 4532.554000 4568.662250 9
467 4540.771000 4585.508802 15
468 4549.692000 4595.508802 0
469 4558.663000 4566.710685 8
470 4568.567000 4573.853078 20
471 4579.446000 4577.962629 14
472 4586.385000 4587.092105 30
473 4596.676000 4597.340043 16
474 4606.008000 4606.560935 25
475 4615.820000 4575.453625 9
476 4624.232000 4585.453625 0
477 4633.843000 4633.875710 16
478 4643.506000 4643.732137 21
479 4652.917000 4652.679448 14
480 4662.917000 4662.929852 30
481 4672.917000 4672.358786 32
