001 0.000000 0.044990 71
002 10.000000 10.055430 27
003 20.000000 20.636140 14
004 30.000000 29.627684 20
005 39.500000 39.469399 15
006 49.500000 49.403084 35
007 59.500000 59.380571 25
008 69.500000 69.558224 37
009 79.500000 79.464192 30
010 89.500000 89.454678 39
011 99.500000 99.477331 51
012 109.500000 109.475662 54
013 119.495000 119.549074 44
014 129.495000 129.471106 69
015 139.495000 139.589272 57
016 149.495000 149.514730 49
017 159.495000 159.543879 72
018 169.495000 169.461826 52
019 179.496000 179.508283 58
020 189.496000 189.575946 60
021 199.496000 199.455058 68
022 209.496000 209.461798 52
023 219.496000 219.548804 56
024 229.496000 229.081831 35
025 239.496000 240.957277 25
026 249.496000 250.268948 20
027 257.833000 257.372601 21
028 268.070000 269.436544 17
029 278.273000 277.287513 25
030 288.681000 288.705355 13
031 299.870000 299.868282 25
032 309.155000 309.127814 15
033 319.459000 319.127814 0
034 327.623000 329.127814 0
035 333.710000 339.127814 0
036 343.710000 342.795773 9
037 353.913000 352.795773 0
038 362.483000 371.530968 8
039 374.999000 374.306465 8
040 385.304000 384.739233 19
041 395.507000 394.844971 10
042 405.814000 406.435307 43
043 416.151000 416.435307 0
044 426.151000 426.435307 0
045 436.526000 437.045143 17
046 446.591000 444.452779 8
047 454.821000 496.620288 8
048 464.821000 485.129763 8
049 473.425000 495.129763 0
050 483.288000 483.191389 11
051 493.185000 493.467862 23
052 502.674000 502.937247 28
053 512.129000 512.129586 11
054 521.822000 521.844505 16
055 532.195000 531.844505 0
056 540.665000 541.844505 0
057 550.665000 551.844505 0
058 560.936000 561.167158 14
059 570.219000 570.462042 20
060 580.219000 579.921843 20
061 590.965000 590.631996 17
062 600.454000 600.588596 10
063 610.340000 609.727958 15
064 620.425000 621.192375 36
065 630.553000 630.727482 19
066 641.140000 640.727482 0
067 650.220000 650.727482 0
068 660.064000 660.406019 24
069 670.064000 669.607110 9
070 679.938000 679.817400 23
071 689.580000 689.614932 41
072 699.835000 699.798811 11
073 709.835000 709.344891 20
074 719.292000 719.344891 0
075 729.031000 729.291081 14
076 738.875000 738.931794 10
077 748.746000 748.246375 10
078 758.152000 758.161107 28
079 767.529000 768.161107 0
080 777.609000 778.161107 0
081 787.844000 788.198774 16
082 798.130000 798.542569 30
083 808.001000 807.745021 19
084 818.288000 818.730280 30
085 828.471000 828.244736 21
086 837.900000 838.244736 0
087 848.134000 848.485716 12
088 857.721000 857.403632 9
089 866.734000 867.165714 8
090 875.852000 875.918231 23
091 885.852000 886.063329 16
092 894.867000 896.063329 0
093 904.998000 905.236697 18
094 914.582000 914.523399 17
095 924.168000 925.028364 11
096 934.168000 934.106515 19
097 943.521000 943.035985 11
098 952.743000 952.202974 21
099 962.718000 962.683865 17
100 972.147000 972.706472 20
101 982.147000 982.031109 28
102 991.915000 991.838578 29
103 1002.124000 1000.772182 19
104 1012.593000 1012.228547 20
105 1022.696000 1022.799042 16
106 1032.179000 1032.292261 18
107 1041.271000 1041.259886 23
108 1051.090000 1051.275904 25
109 1061.324000 1062.900282 11
110 1071.092000 1071.439119 25
111 1081.067000 1081.439119 0
112 1090.341000 1164.507886 12
113 1100.264000 1100.355380 17
114 1110.601000 1110.445217 26
115 1120.188000 1119.933991 18
116 1129.695000 1129.291107 19
117 1139.543000 1139.830368 17
118 1148.939000 1149.114364 21
119 1159.306000 1159.364247 15
120 1168.955000 1169.083842 18
121 1178.580000 1177.831389 10
122 1188.580000 1187.831389 0
123 1198.222000 1198.364213 19
124 1208.379000 1208.544150 20
125 1218.491000 1218.544150 0
126 1228.491000 1228.404627 13
127 1237.938000 1237.711471 18
128 1248.097000 1247.711471 0
129 1257.411000 1257.711471 0
130 1267.338000 1267.050201 15
131 1277.474000 1277.551278 17
132 1287.371000 1286.841149 13
133 1295.957000 1295.959323 10
134 1306.140000 1306.505469 17
135 1316.557000 1316.507948 14
136 1325.905000 1326.299630 16
137 1336.205000 1336.467167 25
138 1346.205000 1346.089320 30
139 1355.472000 1355.427272 24
140 1365.786000 1409.526331 8
141 1375.106000 1419.526331 0
142 1384.732000 1456.252062 8
143 1394.373000 1394.305719 21
144 1403.969000 1404.191554 30
145 1413.772000 1411.964113 15
146 1423.807000 1423.040014 8
147 1432.759000 1433.040014 0
148 1442.185000 1442.338756 21
149 1452.185000 1452.405081 32
150 1461.552000 1461.398776 15
151 1469.403000 1468.542382 9
152 1481.218000 1481.597682 18
153 1491.130000 1491.081866 13
154 1501.296000 1501.332924 11
155 1511.430000 1511.116866 13
156 1521.754000 1521.641694 14
157 1531.842000 1531.641694 0
158 1540.884000 1541.641694 0
159 1551.794000 1552.069530 12
160 1561.076000 1561.170851 27
161 1570.996000 1571.161638 13
162 1580.996000 1580.808988 17
163 1590.875000 1590.808988 0
164 1600.220000 1600.808988 0
165 1609.660000 1610.808988 0
166 1616.952000 1573.587563 8
167 1627.628000 1628.735824 12
168 1638.073000 1638.199664 25
169 1647.976000 1648.019015 12
170 1659.699000 1658.019015 0
171 1669.718000 1669.225143 22
172 1680.298000 1680.298922 24
173 1690.007000 1689.909123 20
174 1700.007000 1700.039091 27
175 1710.047000 1710.565041 23
176 1719.833000 1719.725192 17
177 1729.931000 1729.699115 14
178 1740.105000 1740.340289 12
179 1750.008000 1750.448360 20
180 1759.659000 1759.574712 18
181 1768.983000 1768.568184 8
182 1778.325000 1778.121529 9
183 1786.836000 1786.909826 9
184 1796.991000 1796.909826 0
185 1806.991000 1807.478608 20
186 1817.339000 1817.554420 11
187 1826.856000 1826.900661 56
188 1836.740000 1837.580814 14
189 1847.455000 1898.587709 8
190 1858.635000 1908.587709 0
191 1868.326000 1871.607115 8
192 1878.248000 1878.322836 16
193 1887.920000 1887.708110 30
194 1897.340000 1897.259233 21
195 1905.560000 1904.189444 9
196 1915.773000 1914.189444 0
197 1925.308000 1925.996798 20
198 1935.308000 1935.996798 0
199 1945.308000 1945.356340 13
200 1955.077000 1955.115477 10
201 1964.709000 1965.115477 0
202 1974.265000 1972.258552 9
203 1984.091000 1984.464809 32
204 1994.419000 1993.059225 9
205 2003.917000 2002.885776 15
206 2014.342000 2012.885776 0
207 2024.342000 2024.485590 20
208 2034.748000 2034.485590 0
209 2044.497000 2044.495639 16
210 2052.930000 2053.248949 14
211 2063.510000 2063.567364 15
212 2073.510000 2073.168987 22
213 2083.181000 2083.279714 27
214 2092.775000 2124.273018 8
215 2102.699000 2103.151022 22
216 2113.085000 2113.918807 9
217 2122.582000 2122.593547 25
218 2132.582000 2132.650092 10
219 2142.621000 2142.568249 14
220 2152.621000 2145.834975 9
221 2162.408000 2163.508476 8
222 2171.964000 2171.757396 24
223 2181.132000 2180.423775 10
224 2192.079000 2192.960654 12
225 2201.906000 2201.323956 31
226 2212.564000 2212.215035 15
227 2222.486000 2222.568663 28
228 2231.635000 2231.657398 15
229 2240.552000 2240.294032 14
230 2248.869000 2250.294032 0
231 2259.720000 2260.022556 16
232 2269.584000 2299.808269 8
233 2279.663000 2279.763128 12
234 2289.295000 2289.395961 25
235 2299.140000 2298.901521 27
236 2308.309000 2307.943667 34
237 2318.309000 2317.943667 0
238 2328.433000 2328.021564 19
239 2338.700000 2338.796638 25
240 2348.841000 2348.796638 0
241 2357.638000 2357.166937 11
242 2367.556000 2367.310702 10
243 2377.556000 2376.004979 10
244 2387.492000 2387.190938 22
245 2397.492000 2397.190938 0
246 2407.245000 2407.062076 34
247 2416.888000 2416.850691 20
248 2426.625000 2425.985777 23
249 2436.625000 2437.200821 20
250 2446.625000 2447.200821 0
251 2455.791000 2457.200821 0
252 2465.563000 2465.150489 8
253 2475.219000 2475.371737 36
254 2484.752000 2484.214710 23
255 2494.345000 2494.161197 12
256 2503.590000 2503.020668 13
257 2513.327000 2513.020668 0
258 2522.425000 2523.020668 0
259 2532.425000 2533.197610 18
260 2542.010000 2543.163380 17
261 2551.132000 2551.662951 17
262 2560.594000 2559.732112 22
263 2569.813000 2569.019383 11
264 2579.056000 2535.439736 11
265 2588.033000 2587.999252 16
266 2597.181000 2597.022707 8
267 2607.181000 2606.967984 16
268 2616.802000 2616.070080 15
269 2625.949000 2624.997602 17
270 2635.336000 2634.997602 0
271 2645.336000 2646.104136 14
272 2654.752000 2656.104136 0
273 2664.938000 2663.997352 17
274 2673.879000 2662.020813 8
275 2684.329000 2672.020813 0
276 2693.608000 2693.258455 24
277 2703.396000 2703.472166 15
278 2712.325000 2712.867650 12
279 2723.233000 2723.382036 22
280 2733.586000 2733.464683 16
281 2743.313000 2743.129588 19
282 2753.123000 2753.129588 0
283 2760.110000 2760.402539 11
284 2770.319000 2770.524798 9
285 2780.069000 2780.507190 22
286 2790.069000 2790.281149 12
287 2800.298000 2798.481565 9
288 2810.104000 2810.052664 28
289 2819.480000 2819.603225 16
290 2829.025000 2828.191188 20
291 2839.102000 2840.292365 11
292 2849.021000 2849.173911 19
293 2858.916000 2858.615716 20
294 2869.329000 2929.813178 10
295 2877.668000 2939.813178 0
296 2887.442000 2887.511098 29
297 2897.795000 2897.869533 27
298 2907.293000 2907.192915 18
299 2917.175000 2917.326605 27
300 2926.998000 2927.326605 0
301 2935.746000 2932.174893 9
302 2945.436000 2945.039070 15
303 2955.356000 2956.046574 12
304 2964.522000 2964.199309 14
305 2974.983000 2974.860157 13
306 2985.603000 2985.160026 22
307 2995.729000 2995.160026 0
308 3006.629000 3006.059399 16
309 3014.953000 3014.967367 23
310 3024.823000 3024.165317 15
311 3034.477000 3034.527826 9
312 3043.168000 3043.094559 9
313 3051.342000 3051.814823 23
314 3061.468000 3061.577028 12
315 3071.381000 3071.193263 28
316 3080.242000 3080.190778 20
317 3090.518000 3088.942665 15
318 3099.379000 3099.723652 24
319 3109.614000 3109.723652 0
320 3119.010000 3119.723652 0
321 3128.279000 3129.135417 21
322 3137.870000 3136.467010 21
323 3146.021000 3146.385458 20
324 3155.866000 3155.816781 23
325 3165.193000 3164.748859 8
326 3174.701000 3174.748859 0
327 3184.357000 3184.495888 15
328 3194.357000 3195.330260 16
329 3204.267000 3204.474002 22
330 3213.801000 3213.805316 17
331 3224.560000 3224.320225 16
332 3234.264000 3234.130518 20
333 3244.615000 3244.609794 13
334 3253.814000 3253.988466 8
335 3263.814000 3263.552617 18
336 3273.940000 3273.867093 31
337 3283.138000 3283.344133 11
338 3294.383000 3293.344133 0
339 3302.959000 3303.439943 12
340 3312.556000 3313.475726 11
341 3323.005000 3325.367601 19
342 3334.161000 3334.287275 15
343 3344.480000 3343.888058 18
344 3354.582000 3354.368180 17
345 3364.582000 3364.537938 21
346 3374.424000 3374.911056 8
347 3384.424000 3385.725698 8
348 3394.511000 3394.589450 24
349 3404.275000 3403.797559 19
350 3414.420000 3451.460344 9
351 3423.839000 3424.221615 12
352 3434.227000 3433.610750 12
353 3443.973000 3443.804839 24
354 3454.135000 3454.240526 19
355 3463.796000 3463.439868 28
356 3473.317000 3473.353401 13
357 3483.002000 3482.949861 20
358 3491.710000 3492.991792 15
359 3501.231000 3501.313411 20
360 3511.079000 3510.436973 22
361 3520.698000 3520.700406 31
362 3530.154000 3530.700406 0
363 3539.741000 3539.554430 20
364 3549.838000 3549.554430 0
365 3559.823000 3560.483882 10
366 3571.457000 3570.483882 0
367 3581.369000 3578.917430 23
368 3590.500000 3590.626909 13
369 3600.241000 3600.212469 11
370 3610.648000 3682.428342 10
371 3620.496000 3683.912897 8
372 3631.869000 3761.515305 8
373 3640.968000 3771.515305 0
374 3651.042000 3781.515305 0
375 3660.726000 3791.515305 0
376 3667.063000 3801.515305 0
377 3675.057000 3811.515305 0
378 3686.171000 3821.515305 0
379 3694.652000 3831.515305 0
380 3705.060000 3841.515305 0
381 3715.001000 3851.515305 0
382 3725.044000 3861.515305 0
383 3733.674000 3871.515305 0
384 3743.809000 3881.515305 0
385 3753.461000 3858.414974 8
386 3763.193000 3868.414974 0
387 3772.288000 3915.537170 9
388 3781.697000 3925.537170 0
389 3791.239000 3935.537170 0
390 3799.153000 3945.537170 0
391 3809.153000 3973.157751 8
392 3818.946000 3983.157751 0
393 3828.946000 3993.157751 0
394 3839.290000 4003.157751 0
395 3849.127000 4013.157751 0
396 3859.366000 4023.157751 0
397 3869.880000 4033.157751 0
398 3879.793000 4120.170503 11
399 3889.165000 4130.170503 0
400 3898.538000 4104.266447 10
401 3908.473000 4101.636939 10
402 3918.296000 4105.607968 20
403 3928.034000 4115.607968 0
404 3937.025000 4125.607968 0
405 3945.670000 4116.917158 8
406 3954.797000 4126.917158 0
407 3963.756000 4116.798079 9
408 3975.048000 4126.798079 0
409 3981.645000 4136.798079 0
410 3992.690000 4146.798079 0
411 4002.457000 4156.798079 0
412 4011.982000 4246.520408 10
413 4021.430000 4256.520408 0
414 4030.624000 4266.520408 0
415 4040.513000 4295.536107 8
416 4049.727000 4305.536107 0
417 4058.371000 4315.536107 0
418 4068.258000 4325.536107 0
419 4076.974000 4335.536107 0
420 4085.661000 4345.536107 0
421 4096.585000 4355.536107 0
422 4105.894000 4365.536107 0
423 4115.448000 4375.536107 0
424 4123.311000 4385.536107 0
425 4132.804000 4395.536107 0
426 4142.148000 4418.448621 9
427 4151.574000 4428.448621 0
428 4160.897000 4438.448621 0
429 4170.041000 4448.448621 0
430 4180.202000 4458.448621 0
431 4189.466000 4468.448621 0
432 4198.878000 4478.448621 0
433 4208.352000 4488.448621 0
434 4218.124000 4546.730155 9
435 4228.124000 4537.944151 10
436 4237.399000 4547.944151 0
437 4245.914000 4557.944151 0
438 4255.326000 4567.944151 0
439 4264.948000 4577.944151 0
440 4274.331000 4638.486688 8
441 4284.331000 4648.486688 0
442 4294.866000 4640.187607 8
443 4304.488000 4650.187607 0
444 4314.081000 4660.187607 0
445 4323.524000 4670.187607 0
446 4333.314000 4637.365341 10
447 4342.679000 4647.365341 0
448 4351.252000 4584.690373 10
449 4361.175000 4585.668368 8
450 4371.247000 4618.562790 10
451 4380.061000 4583.147711 9
452 4388.724000 4593.147711 0
453 4397.957000 4636.882048 12
454 4408.286000 4646.882048 0
455 4418.401000 4656.882048 0
456 4427.665000 4583.900572 9
457 4437.586000 4593.900572 0
458 4447.586000 4589.851112 11
459 4457.586000 4584.094700 15
460 4466.965000 4606.467839 9
461 4476.557000 4616.467839 0
462 4485.941000 4626.467839 0
463 4495.941000 4609.717978 12
464 4504.556000 4620.844456 13
465 4514.556000 4584.139929 13
466 4524.310000 4594.139929 0
467 4532.555000 4617.700348 9
468 4542.555000 4638.129075 9
469 4551.201000 4648.129075 0
470 4561.332000 4561.147646 14
471 4572.125000 4571.147646 0
472 4581.268000 4581.147646 0
473 4590.771000 4591.121766 22
474 4600.003000 4644.833834 14
475 4610.003000 4610.331307 17
476 4619.399000 4577.851492 14
477 4627.343000 4587.851492 0
478 4636.335000 4636.595557 27
479 4646.109000 4646.069145 28
480 4655.421000 4654.642339 16
481 4665.421000 4665.070102 31
