001 0.000000 -0.037821 69
002 10.000000 10.107333 26
003 20.000000 20.500811 16
004 30.000000 29.441092 18
005 39.500000 39.468529 16
006 49.500000 49.447537 34
007 59.500000 59.383940 26
008 69.500000 69.558224 37
009 79.500000 79.460597 32
010 89.500000 89.456619 41
011 99.500000 99.477530 51
012 109.500000 109.474922 55
013 119.495000 119.554857 42
014 129.495000 129.471106 69
015 139.495000 139.582475 61
016 149.495000 149.512013 49
017 159.495000 159.508165 74
018 169.495000 169.463016 53
019 179.496000 179.475312 57
020 189.496000 189.578250 59
021 199.496000 199.455058 68
022 209.496000 209.462254 51
023 219.496000 219.444535 52
024 229.496000 229.068967 34
025 239.496000 229.555234 25
026 249.496000 250.267593 19
027 257.833000 257.659359 23
028 268.070000 269.686200 14
029 278.273000 277.066429 24
030 288.681000 287.066429 0
031 299.870000 299.867411 25
032 309.155000 308.838207 21
033 319.459000 318.838207 0
034 327.623000 328.838207 0
035 333.710000 338.838207 0
036 343.710000 348.838207 0
037 353.913000 358.838207 0
038 362.483000 371.619076 9
039 374.999000 372.342792 8
040 385.304000 384.795862 21
041 395.507000 394.895594 11
042 405.814000 406.519876 41
043 416.151000 438.625585 10
044 426.151000 448.625585 0
045 436.526000 436.930866 20
046 446.591000 444.581528 9
047 454.821000 496.314467 9
048 464.821000 506.314467 0
049 473.425000 516.314467 0
050 483.288000 483.654701 12
051 493.185000 493.456045 24
052 502.674000 502.926300 29
053 512.129000 512.548401 13
054 521.822000 519.651315 10
055 532.195000 530.042027 8
056 540.665000 540.042027 0
057 550.665000 550.042027 0
058 560.936000 561.158447 11
059 570.219000 570.165776 17
060 580.219000 579.103625 12
061 590.965000 590.567983 13
062 600.454000 600.506185 13
063 610.340000 609.727958 15
064 620.425000 620.875633 40
065 630.553000 630.485921 17
066 641.140000 640.485921 0
067 650.220000 650.485921 0
068 660.064000 660.417643 23
069 670.064000 669.607110 9
070 679.938000 679.694948 21
071 689.580000 689.636169 41
072 699.835000 699.831210 10
073 709.835000 709.327421 19
074 719.292000 719.327421 0
075 729.031000 729.315026 14
076 738.875000 738.812552 11
077 748.746000 748.148212 8
078 758.152000 758.165211 27
079 767.529000 768.165211 0
080 777.609000 778.165211 0
081 787.844000 788.717685 17
082 798.130000 798.559738 29
083 808.001000 807.745021 19
084 818.288000 818.708687 32
085 828.471000 828.193830 18
086 837.900000 838.193830 0
087 848.134000 848.675485 12
088 857.721000 857.451770 8
089 866.734000 867.451770 0
090 875.852000 875.984577 24
091 885.852000 886.027270 18
092 894.867000 896.027270 0
093 904.998000 905.236697 18
094 914.582000 914.519833 18
095 924.168000 924.285966 11
096 934.168000 933.908346 22
097 943.521000 942.848177 9
098 952.743000 952.508275 17
099 962.718000 962.283489 17
100 972.147000 972.422954 20
101 982.147000 982.117039 29
102 991.915000 991.839496 28
103 1002.124000 1000.990056 14
104 1012.593000 1012.054733 18
105 1022.696000 1022.806787 17
106 1032.179000 1032.161585 15
107 1041.271000 1041.335971 21
108 1051.090000 1051.276274 25
109 1061.324000 1061.276274 0
110 1071.092000 1071.225690 21
111 1081.067000 1081.225690 0
112 1090.341000 1090.528010 10
113 1100.264000 1100.651196 22
114 1110.601000 1110.478776 24
115 1120.188000 1120.056658 20
116 1129.695000 1129.433551 20
117 1139.543000 1139.565746 16
118 1148.939000 1149.164427 18
119 1159.306000 1159.364247 15
120 1168.955000 1169.083842 18
121 1178.580000 1177.918557 11
122 1188.580000 1187.918557 0
123 1198.222000 1198.365573 18
124 1208.379000 1208.553632 17
125 1218.491000 1221.067951 8
126 1228.491000 1228.395693 15
127 1237.938000 1237.916208 15
128 1248.097000 1247.916208 0
129 1257.411000 1257.916208 0
130 1267.338000 1266.973232 12
131 1277.474000 1277.411032 18
132 1287.371000 1286.877718 14
133 1295.957000 1294.809428 8
134 1306.140000 1306.478836 18
135 1316.557000 1316.478836 0
136 1325.905000 1326.355302 14
137 1336.205000 1336.515071 22
138 1346.205000 1346.120621 30
139 1355.472000 1355.402148 21
140 1365.786000 1365.402148 0
141 1375.106000 1375.402148 0
142 1384.732000 1384.814271 12
143 1394.373000 1394.327901 20
144 1403.969000 1404.023707 28
145 1413.772000 1411.947852 15
146 1423.807000 1422.452882 10
147 1432.759000 1432.452882 0
148 1442.185000 1442.611956 18
149 1452.185000 1452.387642 32
150 1461.552000 1461.398776 15
151 1469.403000 1469.160054 9
152 1481.218000 1481.597682 18
153 1491.130000 1491.096138 14
154 1501.296000 1501.096138 0
155 1511.430000 1511.072776 12
156 1521.754000 1521.647537 14
157 1531.842000 1531.959792 8
158 1540.884000 1541.959792 0
159 1551.794000 1552.069530 12
160 1561.076000 1561.162441 27
161 1570.996000 1571.373373 14
162 1580.996000 1581.110141 16
163 1590.875000 1591.110141 0
164 1600.220000 1601.110141 0
165 1609.660000 1611.110141 0
166 1616.952000 1573.202598 9
167 1627.628000 1628.735824 12
168 1638.073000 1638.681793 23
169 1647.976000 1648.057905 9
170 1659.699000 1658.057905 0
171 1669.718000 1669.131401 20
172 1680.298000 1680.292657 23
173 1690.007000 1689.912103 19
174 1700.007000 1699.969633 26
175 1710.047000 1710.350797 22
176 1719.833000 1719.719547 15
177 1729.931000 1730.071858 17
178 1740.105000 1740.131492 12
179 1750.008000 1750.124697 20
180 1759.659000 1759.562296 20
181 1768.983000 1769.562296 0
182 1778.325000 1778.042467 12
183 1786.836000 1788.042467 0
184 1796.991000 1798.042467 0
185 1806.991000 1807.561736 20
186 1817.339000 1818.066744 9
187 1826.856000 1826.867894 53
188 1836.740000 1837.592130 13
189 1847.455000 1898.717215 9
190 1858.635000 1908.717215 0
191 1868.326000 1870.224965 14
192 1878.248000 1878.345799 14
193 1887.920000 1887.613731 29
194 1897.340000 1897.159328 22
195 1905.560000 1904.194371 10
196 1915.773000 1914.194371 0
197 1925.308000 1926.130780 20
198 1935.308000 1936.130780 0
199 1945.308000 1945.217483 14
200 1955.077000 1955.115477 10
201 1964.709000 1965.115477 0
202 1974.265000 1975.115477 0
203 1984.091000 1984.289523 32
204 1994.419000 2073.875022 11
205 2003.917000 2002.878410 15
206 2014.342000 2012.878410 0
207 2024.342000 2024.470444 23
208 2034.748000 2034.470444 0
209 2044.497000 2044.492378 17
210 2052.930000 2053.248949 14
211 2063.510000 2063.573218 15
212 2073.510000 2073.216423 24
213 2083.181000 2083.258514 30
214 2092.775000 2092.574014 11
215 2102.699000 2103.006645 23
216 2113.085000 2113.247746 9
217 2122.582000 2122.886151 23
218 2132.582000 2207.762999 12
219 2142.621000 2142.940321 16
220 2152.621000 2146.334060 9
221 2162.408000 2156.334060 0
222 2171.964000 2172.130669 22
223 2181.132000 2180.842194 10
224 2192.079000 2193.086043 9
225 2201.906000 2201.496462 27
226 2212.564000 2212.181135 12
227 2222.486000 2222.555681 29
228 2231.635000 2231.810968 16
229 2240.552000 2240.294032 14
230 2248.869000 2250.294032 0
231 2259.720000 2259.820583 15
232 2269.584000 2268.973557 13
233 2279.663000 2279.821164 11
234 2289.295000 2289.543528 24
235 2299.140000 2298.703679 27
236 2308.309000 2308.094168 35
237 2318.309000 2318.094168 0
238 2328.433000 2327.965094 17
239 2338.700000 2339.361681 18
240 2348.841000 2349.361681 0
241 2357.638000 2357.117085 18
242 2367.556000 2368.866123 9
243 2377.556000 2375.807300 11
244 2387.492000 2387.102810 23
245 2397.492000 2397.102810 0
246 2407.245000 2407.104640 36
247 2416.888000 2416.848640 21
248 2426.625000 2426.077197 28
249 2436.625000 2437.263320 22
250 2446.625000 2444.905507 9
251 2455.791000 2454.799382 21
252 2465.563000 2464.799382 0
253 2475.219000 2475.406626 34
254 2484.752000 2484.055759 22
255 2494.345000 2494.145231 10
256 2503.590000 2502.982486 11
257 2513.327000 2512.982486 0
258 2522.425000 2522.982486 0
259 2532.425000 2533.302543 18
260 2542.010000 2542.708563 18
261 2551.132000 2551.639831 22
262 2560.594000 2559.843213 25
263 2569.813000 2569.134516 13
264 2579.056000 2536.521310 9
265 2588.033000 2588.048817 16
266 2597.181000 2597.276983 11
267 2607.181000 2606.065845 14
268 2616.802000 2616.084805 14
269 2625.949000 2625.746181 26
270 2635.336000 2635.746181 0
271 2645.336000 2645.978953 12
272 2654.752000 2655.978953 0
273 2664.938000 2663.997352 17
274 2673.879000 2673.997352 0
275 2684.329000 2682.859309 13
276 2693.608000 2692.109328 10
277 2703.396000 2703.464403 14
278 2712.325000 2712.896933 11
279 2723.233000 2723.683905 23
280 2733.586000 2733.480063 14
281 2743.313000 2743.310924 18
282 2753.123000 2753.310924 0
283 2760.110000 2760.428073 9
284 2770.319000 2770.524798 9
285 2780.069000 2780.363769 21
286 2790.069000 2790.103511 12
287 2800.298000 2799.084020 9
288 2810.104000 2810.057325 27
289 2819.480000 2819.784980 18
290 2829.025000 2828.233825 21
291 2839.102000 2840.730045 8
292 2849.021000 2849.222018 18
293 2858.916000 2858.695511 20
294 2869.329000 2929.799169 11
295 2877.668000 2939.799169 0
296 2887.442000 2887.809411 28
297 2897.795000 2897.907126 27
298 2907.293000 2907.142345 18
299 2917.175000 2917.366362 25
300 2926.998000 2927.366362 0
301 2935.746000 2932.202375 10
302 2945.436000 2944.841207 14
303 2955.356000 2955.422921 20
304 2964.522000 2964.199309 14
305 2974.983000 2974.758736 10
306 2985.603000 2984.425247 20
307 2995.729000 2994.425247 0
308 3006.629000 3005.716119 21
309 3014.953000 3014.964740 20
310 3024.823000 3024.267161 15
311 3034.477000 3034.450718 10
312 3043.168000 3080.722025 9
313 3051.342000 3051.754702 25
314 3061.468000 3061.576318 13
315 3071.381000 3071.262310 24
316 3080.242000 3080.190778 20
317 3090.518000 3088.860226 14
318 3099.379000 3099.580275 25
319 3109.614000 3109.261002 15
320 3119.010000 3119.261002 0
321 3128.279000 3129.218152 20
322 3137.870000 3136.513931 20
323 3146.021000 3146.208774 18
324 3155.866000 3155.809512 27
325 3165.193000 3165.809512 0
326 3174.701000 3175.809512 0
327 3184.357000 3184.484138 17
328 3194.357000 3195.366511 15
329 3204.267000 3204.562794 16
330 3213.801000 3213.802380 18
331 3224.560000 3224.304663 13
332 3234.264000 3233.913699 20
333 3244.615000 3244.609794 13
334 3253.814000 3253.988466 8
335 3263.814000 3263.574860 20
336 3273.940000 3273.863649 32
337 3283.138000 3283.369344 10
338 3294.383000 3293.369344 0
339 3302.959000 3303.500123 11
340 3312.556000 3313.475726 11
341 3323.005000 3325.648505 20
342 3334.161000 3333.963061 15
343 3344.480000 3343.570385 18
344 3354.582000 3354.847640 15
345 3364.582000 3365.056046 19
346 3374.424000 3374.598014 19
347 3384.424000 3385.725698 8
348 3394.511000 3394.596249 25
349 3404.275000 3403.774469 18
350 3414.420000 3413.774469 0
351 3423.839000 3424.775699 9
352 3434.227000 3433.559809 11
353 3443.973000 3444.014388 24
354 3454.135000 3454.264303 17
355 3463.796000 3463.591040 30
356 3473.317000 3472.838511 15
357 3483.002000 3482.949861 20
358 3491.710000 3492.462793 15
359 3501.231000 3501.140299 17
360 3511.079000 3510.550389 26
361 3520.698000 3520.702957 29
362 3530.154000 3530.702957 0
363 3539.741000 3539.504843 19
364 3549.838000 3549.504843 0
365 3559.823000 3560.540321 9
366 3571.457000 3570.540321 0
367 3581.369000 3579.000323 24
368 3590.500000 3590.612277 14
369 3600.241000 3600.612277 0
370 3610.648000 3681.934745 9
371 3620.496000 3691.934745 0
372 3631.869000 3761.864562 10
373 3640.968000 3771.864562 0
374 3651.042000 3781.864562 0
375 3660.726000 3791.864562 0
376 3667.063000 3801.864562 0
377 3675.057000 3811.864562 0
378 3686.171000 3821.864562 0
379 3694.652000 3831.864562 0
380 3705.060000 3841.864562 0
381 3715.001000 3851.864562 0
382 3725.044000 3861.864562 0
383 3733.674000 3871.864562 0
384 3743.809000 3881.864562 0
385 3753.461000 3858.114452 10
386 3763.193000 3868.114452 0
387 3772.288000 3914.260851 12
388 3781.697000 3924.260851 0
389 3791.239000 3934.260851 0
390 3799.153000 3944.260851 0
391 3809.153000 3901.130027 8
392 3818.946000 3911.130027 0
393 3828.946000 3921.130027 0
394 3839.290000 3918.571203 9
395 3849.127000 3973.508037 8
396 3859.366000 3983.508037 0
397 3869.880000 3974.314422 8
398 3879.793000 3984.314422 0
399 3889.165000 3994.314422 0
400 3898.538000 3976.268953 10
401 3908.473000 3994.023125 9
402 3918.296000 3990.219915 8
403 3928.034000 4000.219915 0
404 3937.025000 4010.219915 0
405 3945.670000 4020.219915 0
406 3954.797000 4049.633212 9
407 3963.756000 4116.798079 9
408 3975.048000 4126.798079 0
409 3981.645000 4136.798079 0
410 3992.690000 4146.798079 0
411 4002.457000 4169.723193 8
412 4011.982000 4181.899738 8
413 4021.430000 4231.721558 9
414 4030.624000 4241.721558 0
415 4040.513000 4251.721558 0
416 4049.727000 4261.721558 0
417 4058.371000 4271.721558 0
418 4068.258000 4281.721558 0
419 4076.974000 4291.721558 0
420 4085.661000 4301.721558 0
421 4096.585000 4288.291451 9
422 4105.894000 4274.993538 9
423 4115.448000 4284.993538 0
424 4123.311000 4294.993538 0
425 4132.804000 4304.993538 0
426 4142.148000 4314.993538 0
427 4151.574000 4324.993538 0
428 4160.897000 4334.993538 0
429 4170.041000 4344.993538 0
430 4180.202000 4346.495523 11
431 4189.466000 4356.495523 0
432 4198.878000 4400.106603 9
433 4208.352000 4397.202358 8
434 4218.124000 4407.202358 0
435 4228.124000 4417.202358 0
436 4237.399000 4457.071701 12
437 4245.914000 4400.990858 12
438 4255.326000 4410.990858 0
439 4264.948000 4420.990858 0
440 4274.331000 4430.990858 0
441 4284.331000 4440.990858 0
442 4294.866000 4450.990858 0
443 4304.488000 4460.990858 0
444 4314.081000 4470.990858 0
445 4323.524000 4480.990858 0
446 4333.314000 4540.543578 9
447 4342.679000 4541.351198 11
448 4351.252000 4539.395901 10
449 4361.175000 4549.395901 0
450 4371.247000 4559.395901 0
451 4380.061000 4541.259268 11
452 4388.724000 4551.259268 0
453 4397.957000 4561.259268 0
454 4408.286000 4571.259268 0
455 4418.401000 4581.259268 0
456 4427.665000 4583.703921 9
457 4437.586000 4593.703921 0
458 4447.586000 4587.675278 9
459 4457.586000 4584.398953 14
460 4466.965000 4594.398953 0
461 4476.557000 4604.398953 0
462 4485.941000 4614.398953 0
463 4495.941000 4609.648164 13
464 4504.556000 4621.270360 13
465 4514.556000 4583.994194 10
466 4524.310000 4593.994194 0
467 4532.555000 4618.581671 12
468 4542.555000 4636.931688 9
469 4551.201000 4646.931688 0
470 4561.332000 4561.147611 13
471 4572.125000 4571.147611 0
472 4581.268000 4581.147611 0
473 4590.771000 4591.053597 15
474 4600.003000 4644.541853 15
475 4610.003000 4610.262302 17
476 4619.399000 4577.307753 13
477 4627.343000 4629.640785 9
478 4636.335000 4636.537338 24
479 4646.109000 4646.068179 27
480 4655.421000 4654.547036 14
481 4665.421000 4665.201350 31
