001 0.000000 -0.078922 69
002 10.000000 10.099400 27
003 20.000000 20.913052 15
004 30.000000 29.529888 19
005 39.500000 39.464374 14
006 49.500000 49.482896 34
007 59.500000 59.383940 26
008 69.500000 69.558224 37
009 79.500000 79.462274 33
010 89.500000 89.456911 40
011 99.500000 99.477530 51
012 109.500000 109.474894 53
013 119.495000 119.467647 42
014 129.495000 129.471737 63
015 139.495000 139.530115 58
016 149.495000 149.512013 49
017 159.495000 159.514312 74
018 169.495000 169.462141 52
019 179.496000 179.588000 58
020 189.496000 189.579966 58
021 199.496000 199.455058 68
022 209.496000 209.462329 53
023 219.496000 219.500451 53
024 229.496000 229.081831 35
025 239.496000 240.964381 25
026 249.496000 250.467397 18
027 257.833000 257.659359 23
028 268.070000 269.713582 16
029 278.273000 277.119775 25
030 288.681000 285.954353 8
031 299.870000 299.805631 27
032 309.155000 308.953871 19
033 319.459000 318.953871 0
034 327.623000 328.953871 0
035 333.710000 338.953871 0
036 343.710000 348.953871 0
037 353.913000 358.953871 0
038 362.483000 371.095883 8
039 374.999000 381.095883 0
040 385.304000 384.904329 18
041 395.507000 394.666979 11
042 405.814000 406.650815 40
043 416.151000 416.650815 0
044 426.151000 425.934870 12
045 436.526000 436.930866 20
046 446.591000 444.581528 9
047 454.821000 496.041318 8
048 464.821000 485.129763 8
049 473.425000 495.129763 0
050 483.288000 483.693543 11
051 493.185000 494.109521 22
052 502.674000 502.926300 29
053 512.129000 512.208293 11
054 521.822000 520.295913 9
055 532.195000 530.295913 0
056 540.665000 540.295913 0
057 550.665000 550.295913 0
058 560.936000 561.140937 12
059 570.219000 570.197292 22
060 580.219000 579.941382 21
061 590.965000 590.566194 13
062 600.454000 600.532530 12
063 610.340000 612.039703 11
064 620.425000 620.774588 38
065 630.553000 630.763040 15
066 641.140000 640.763040 0
067 650.220000 650.763040 0
068 660.064000 660.426169 23
069 670.064000 669.607110 9
070 679.938000 679.934285 23
071 689.580000 689.559742 42
072 699.835000 699.817186 12
073 709.835000 709.328485 19
074 719.292000 719.328485 0
075 729.031000 729.720265 16
076 738.875000 739.488552 11
077 748.746000 748.246375 10
078 758.152000 758.161160 29
079 767.529000 768.161160 0
080 777.609000 778.161160 0
081 787.844000 788.585941 15
082 798.130000 798.446794 29
083 808.001000 807.733395 19
084 818.288000 818.716006 31
085 828.471000 828.359475 21
086 837.900000 838.359475 0
087 848.134000 848.730492 9
088 857.721000 857.403632 9
089 866.734000 867.509320 10
090 875.852000 875.918712 21
091 885.852000 886.073436 13
092 894.867000 896.073436 0
093 904.998000 905.236697 18
094 914.582000 914.520532 15
095 924.168000 925.028364 11
096 934.168000 934.116612 21
097 943.521000 942.943818 10
098 952.743000 952.716540 20
099 962.718000 962.668640 18
100 972.147000 972.706472 20
101 982.147000 982.117039 29
102 991.915000 991.811280 30
103 1002.124000 1000.705899 15
104 1012.593000 1010.705899 0
105 1022.696000 1022.806787 17
106 1032.179000 1032.291360 17
107 1041.271000 1041.352786 21
108 1051.090000 1051.272196 25
109 1061.324000 1062.900282 11
110 1071.092000 1071.225690 21
111 1081.067000 1081.225690 0
112 1090.341000 1090.528010 10
113 1100.264000 1100.322154 18
114 1110.601000 1110.721372 25
115 1120.188000 1120.056658 20
116 1129.695000 1129.221152 20
117 1139.543000 1139.565746 16
118 1148.939000 1149.114364 21
119 1159.306000 1159.364247 15
120 1168.955000 1169.083842 18
121 1178.580000 1179.083842 0
122 1188.580000 1189.083842 0
123 1198.222000 1198.361424 18
124 1208.379000 1208.458394 13
125 1218.491000 1220.249957 8
126 1228.491000 1228.400506 15
127 1237.938000 1237.692977 15
128 1248.097000 1247.692977 0
129 1257.411000 1257.692977 0
130 1267.338000 1267.282916 11
131 1277.474000 1277.282916 0
132 1287.371000 1286.883330 12
133 1295.957000 1296.883330 0
134 1306.140000 1306.478836 18
135 1316.557000 1339.404776 8
136 1325.905000 1326.275667 17
137 1336.205000 1336.487393 23
138 1346.205000 1346.097568 28
139 1355.472000 1355.441477 26
140 1365.786000 1365.441477 0
141 1375.106000 1375.441477 0
142 1384.732000 1384.814271 12
143 1394.373000 1394.340905 21
144 1403.969000 1404.076719 29
145 1413.772000 1411.498321 12
146 1423.807000 1423.040014 8
147 1432.759000 1432.533316 10
148 1442.185000 1443.893776 14
149 1452.185000 1452.275453 29
150 1461.552000 1461.420231 14
151 1469.403000 1468.362841 11
152 1481.218000 1481.597682 18
153 1491.130000 1491.446786 16
154 1501.296000 1501.446786 0
155 1511.430000 1511.257742 11
156 1521.754000 1521.653429 13
157 1531.842000 1531.653429 0
158 1540.884000 1541.653429 0
159 1551.794000 1552.156287 10
160 1561.076000 1561.217113 25
161 1570.996000 1571.147526 13
162 1580.996000 1581.514479 15
163 1590.875000 1591.514479 0
164 1600.220000 1601.514479 0
165 1609.660000 1611.514479 0
166 1616.952000 1573.587563 8
167 1627.628000 1629.845315 13
168 1638.073000 1638.213062 23
169 1647.976000 1648.009147 11
170 1659.699000 1658.009147 0
171 1669.718000 1669.352972 22
172 1680.298000 1680.305879 23
173 1690.007000 1689.909123 20
174 1700.007000 1700.033447 27
175 1710.047000 1710.117004 20
176 1719.833000 1719.808935 21
177 1729.931000 1729.855140 18
178 1740.105000 1740.131492 12
179 1750.008000 1750.135991 19
180 1759.659000 1759.562296 20
181 1768.983000 1769.868851 11
182 1778.325000 1778.121529 9
183 1786.836000 1786.909826 9
184 1796.991000 1796.909826 0
185 1806.991000 1807.373600 19
186 1817.339000 1817.554420 11
187 1826.856000 1826.740338 51
188 1836.740000 1837.333246 13
189 1847.455000 1899.416092 8
190 1858.635000 1909.416092 0
191 1868.326000 1869.935724 12
192 1878.248000 1878.322836 16
193 1887.920000 1887.706296 29
194 1897.340000 1897.255814 20
195 1905.560000 1907.255814 0
196 1915.773000 1917.255814 0
197 1925.308000 1925.887774 24
198 1935.308000 1935.887774 0
199 1945.308000 1944.636474 14
200 1955.077000 1954.986702 8
201 1964.709000 1964.986702 0
202 1974.265000 1972.438021 11
203 1984.091000 1984.605828 32
204 1994.419000 1992.508412 10
205 2003.917000 2002.822478 14
206 2014.342000 2012.822478 0
207 2024.342000 2024.697637 25
208 2034.748000 2034.697637 0
209 2044.497000 2044.492378 17
210 2052.930000 2052.899340 12
211 2063.510000 2063.584466 14
212 2073.510000 2073.137944 22
213 2083.181000 2083.265179 26
214 2092.775000 2092.240824 15
215 2102.699000 2103.006645 23
216 2113.085000 2113.619210 8
217 2122.582000 2122.905026 22
218 2132.582000 2208.003491 12
219 2142.621000 2142.914910 17
220 2152.621000 2146.334060 9
221 2162.408000 2163.098810 13
222 2171.964000 2172.008311 23
223 2181.132000 2180.528737 12
224 2192.079000 2192.841970 11
225 2201.906000 2201.471106 31
226 2212.564000 2211.917146 12
227 2222.486000 2222.562313 28
228 2231.635000 2231.833354 14
229 2240.552000 2240.315047 15
230 2248.869000 2250.315047 0
231 2259.720000 2260.015252 17
232 2269.584000 2301.327438 9
233 2279.663000 2279.839855 10
234 2289.295000 2289.392155 23
235 2299.140000 2298.758876 25
236 2308.309000 2308.395162 29
237 2318.309000 2318.395162 0
238 2328.433000 2327.820792 11
239 2338.700000 2338.929503 27
240 2348.841000 2348.929503 0
241 2357.638000 2357.090092 17
242 2367.556000 2367.916861 14
243 2377.556000 2376.631500 11
244 2387.492000 2386.840810 19
245 2397.492000 2396.840810 0
246 2407.245000 2407.149040 35
247 2416.888000 2416.941618 21
248 2426.625000 2426.078680 26
249 2436.625000 2437.206855 20
250 2446.625000 2447.206855 0
251 2455.791000 2454.378345 20
252 2465.563000 2465.150489 8
253 2475.219000 2475.387582 34
254 2484.752000 2484.223309 24
255 2494.345000 2494.161197 12
256 2503.590000 2503.020668 13
257 2513.327000 2513.020668 0
258 2522.425000 2523.020668 0
259 2532.425000 2533.243858 19
260 2542.010000 2542.592063 16
261 2551.132000 2551.396870 19
262 2560.594000 2559.780647 23
263 2569.813000 2569.134516 13
264 2579.056000 2579.134516 0
265 2588.033000 2588.038866 17
266 2597.181000 2597.273793 12
267 2607.181000 2606.265536 16
268 2616.802000 2616.132189 15
269 2625.949000 2625.664087 26
270 2635.336000 2635.664087 0
271 2645.336000 2646.104136 14
272 2654.752000 2656.104136 0
273 2664.938000 2663.878768 15
274 2673.879000 2661.476330 11
275 2684.329000 2671.476330 0
276 2693.608000 2681.476330 0
277 2703.396000 2703.455073 12
278 2712.325000 2712.891044 11
279 2723.233000 2723.550308 22
280 2733.586000 2733.456268 15
281 2743.313000 2743.129588 19
282 2753.123000 2753.129588 0
283 2760.110000 2760.402539 11
284 2770.319000 2770.562451 8
285 2780.069000 2780.507190 22
286 2790.069000 2789.795493 10
287 2800.298000 2798.788919 11
288 2810.104000 2810.057281 27
289 2819.480000 2819.573620 18
290 2829.025000 2828.273346 22
291 2839.102000 2839.534869 12
292 2849.021000 2849.214382 17
293 2858.916000 2858.670204 19
294 2869.329000 2929.799169 11
295 2877.668000 2939.799169 0
296 2887.442000 2887.360747 32
297 2897.795000 2897.731376 25
298 2907.293000 2907.120354 17
299 2917.175000 2917.344843 29
300 2926.998000 2927.344843 0
301 2935.746000 2932.733054 8
302 2945.436000 2944.856652 15
303 2955.356000 2955.690019 20
304 2964.522000 2964.188567 13
305 2974.983000 2974.860157 13
306 2985.603000 2985.160026 22
307 2995.729000 2995.160026 0
308 3006.629000 3005.559277 22
309 3014.953000 3014.975509 25
310 3024.823000 3023.932665 16
311 3034.477000 3034.478436 13
312 3043.168000 3080.313679 10
313 3051.342000 3051.754702 25
314 3061.468000 3061.572477 12
315 3071.381000 3071.345755 25
316 3080.242000 3080.175863 18
317 3090.518000 3088.902860 12
318 3099.379000 3099.542076 26
319 3109.614000 3109.251735 13
320 3119.010000 3119.251735 0
321 3128.279000 3129.153423 20
322 3137.870000 3136.556653 23
323 3146.021000 3146.265583 17
324 3155.866000 3155.794003 22
325 3165.193000 3165.794003 0
326 3174.701000 3175.794003 0
327 3184.357000 3184.511165 14
328 3194.357000 3195.335480 16
329 3204.267000 3204.456214 22
330 3213.801000 3213.604276 18
331 3224.560000 3223.844559 9
332 3234.264000 3234.130518 20
333 3244.615000 3244.671486 11
334 3253.814000 3253.993909 8
335 3263.814000 3263.586409 19
336 3273.940000 3273.855809 31
337 3283.138000 3283.369344 10
338 3294.383000 3293.369344 0
339 3302.959000 3303.380494 13
340 3312.556000 3313.475726 11
341 3323.005000 3325.593405 19
342 3334.161000 3333.963061 15
343 3344.480000 3343.608943 16
344 3354.582000 3354.694274 13
345 3364.582000 3364.720658 20
346 3374.424000 3374.584284 19
347 3384.424000 3385.623277 9
348 3394.511000 3394.607888 24
349 3404.275000 3403.612030 20
350 3414.420000 3413.612030 0
351 3423.839000 3424.775699 9
352 3434.227000 3433.610750 12
353 3443.973000 3443.920690 25
354 3454.135000 3454.240526 19
355 3463.796000 3463.476566 29
356 3473.317000 3473.353418 15
357 3483.002000 3449.695818 12
358 3491.710000 3493.482717 17
359 3501.231000 3501.151982 22
360 3511.079000 3510.452810 24
361 3520.698000 3520.701742 33
362 3530.154000 3530.701742 0
363 3539.741000 3539.483672 17
364 3549.838000 3549.483672 0
365 3559.823000 3560.483882 10
366 3571.457000 3570.483882 0
367 3581.369000 3579.213466 23
368 3590.500000 3590.612277 14
369 3600.241000 3600.612277 0
370 3610.648000 3682.428342 10
371 3620.496000 3683.912897 8
372 3631.869000 3761.486670 9
373 3640.968000 3771.486670 0
374 3651.042000 3781.486670 0
375 3660.726000 3791.486670 0
376 3667.063000 3801.486670 0
377 3675.057000 3811.486670 0
378 3686.171000 3821.486670 0
379 3694.652000 3831.486670 0
380 3705.060000 3841.486670 0
381 3715.001000 3851.486670 0
382 3725.044000 3861.486670 0
383 3733.674000 3871.486670 0
384 3743.809000 3881.486670 0
385 3753.461000 3857.366142 10
386 3763.193000 3867.366142 0
387 3772.288000 3915.537170 9
388 3781.697000 3925.537170 0
389 3791.239000 3935.537170 0
390 3799.153000 3945.537170 0
391 3809.153000 3901.280016 8
392 3818.946000 3911.280016 0
393 3828.946000 3921.280016 0
394 3839.290000 3917.909577 8
395 3849.127000 3927.909577 0
396 3859.366000 3937.909577 0
397 3869.880000 3973.086339 10
398 3879.793000 3983.086339 0
399 3889.165000 3993.086339 0
400 3898.538000 3976.162802 9
401 3908.473000 3994.891301 10
402 3918.296000 3990.946269 9
403 3928.034000 4000.946269 0
404 3937.025000 4010.946269 0
405 3945.670000 4020.946269 0
406 3954.797000 4050.070831 8
407 3963.756000 4116.798079 9
408 3975.048000 4126.798079 0
409 3981.645000 4136.798079 0
410 3992.690000 4146.798079 0
411 4002.457000 4169.723193 8
412 4011.982000 4182.727591 10
413 4021.430000 4231.721558 9
414 4030.624000 4241.721558 0
415 4040.513000 4251.721558 0
416 4049.727000 4261.721558 0
417 4058.371000 4271.721558 0
418 4068.258000 4281.721558 0
419 4076.974000 4291.721558 0
420 4085.661000 4301.721558 0
421 4096.585000 4289.033178 9
422 4105.894000 4276.479301 10
423 4115.448000 4286.479301 0
424 4123.311000 4296.479301 0
425 4132.804000 4306.479301 0
426 4142.148000 4316.479301 0
427 4151.574000 4326.479301 0
428 4160.897000 4336.479301 0
429 4170.041000 4346.479301 0
430 4180.202000 4345.178330 9
431 4189.466000 4355.178330 0
432 4198.878000 4400.287497 10
433 4208.352000 4410.287497 0
434 4218.124000 4456.715485 11
435 4228.124000 4466.715485 0
436 4237.399000 4457.445915 12
437 4245.914000 4467.445915 0
438 4255.326000 4477.445915 0
439 4264.948000 4487.445915 0
440 4274.331000 4497.445915 0
441 4284.331000 4507.445915 0
442 4294.866000 4517.445915 0
443 4304.488000 4527.445915 0
444 4314.081000 4537.580499 9
445 4323.524000 4547.580499 0
446 4333.314000 4539.804395 8
447 4342.679000 4542.112661 10
448 4351.252000 4584.885253 11
449 4361.175000 4594.885253 0
450 4371.247000 4604.885253 0
451 4380.061000 4583.147711 9
452 4388.724000 4593.147711 0
453 4397.957000 4637.281541 10
454 4408.286000 4647.281541 0
455 4418.401000 4657.281541 0
456 4427.665000 4667.281541 0
457 4437.586000 4677.281541 0
458 4447.586000 4590.068581 12
459 4457.586000 4587.278326 9
460 4466.965000 4597.278326 0
461 4476.557000 4607.278326 0
462 4485.941000 4617.278326 0
463 4495.941000 4609.717978 12
464 4504.556000 4620.859745 14
465 4514.556000 4584.298515 13
466 4524.310000 4594.298515 0
467 4532.555000 4618.149382 10
468 4542.555000 4638.095788 8
469 4551.201000 4648.095788 0
470 4561.332000 4561.206622 15
471 4572.125000 4571.206622 0
472 4581.268000 4581.206622 0
473 4590.771000 4590.985800 22
474 4600.003000 4644.541853 15
475 4610.003000 4610.645724 19
476 4619.399000 4577.851492 14
477 4627.343000 4628.772880 8
478 4636.335000 4636.595557 27
479 4646.109000 4646.069145 28
480 4655.421000 4654.595891 15
481 4665.421000 4665.070102 31
