001 0.000000 -0.110960 70
002 10.000000 9.973104 37
003 20.000000 20.349778 15
004 28.072000 28.140128 11
005 38.058000 38.083991 24
006 48.059000 47.992287 34
007 58.056000 57.925001 18
008 68.056000 68.077466 22
009 78.056000 78.073932 43
010 88.056000 88.072930 39
011 98.056000 98.238786 48
012 108.056000 108.025729 53
013 118.056000 118.079494 43
014 128.056000 128.093346 56
015 138.056000 138.077553 47
016 148.056000 148.076128 53
017 158.056000 158.078567 70
018 168.056000 168.078709 54
019 178.056000 178.252404 54
020 188.056000 188.087171 60
021 198.056000 198.076585 61
022 208.056000 208.080418 59
023 218.056000 218.012437 65
024 228.056000 228.131568 34
025 238.056000 239.462114 27
026 248.056000 248.482272 23
027 258.311000 258.482272 0
028 268.392000 268.482272 0
029 278.457000 278.202132 21
030 288.680000 287.510345 15
031 299.265000 299.869108 18
032 309.265000 309.231419 25
033 319.460000 319.231419 0
034 329.886000 329.231419 0
035 331.489000 339.231419 0
036 341.050000 349.231419 0
037 352.269000 367.822929 16
038 362.269000 370.347713 13
039 372.483000 380.347713 0
040 382.483000 383.018557 18
041 392.844000 391.118568 19
042 403.556000 403.273207 21
043 414.326000 413.273207 0
044 424.449000 424.271456 23
045 434.768000 434.443183 21
046 444.768000 444.240967 8
047 452.651000 454.240967 0
048 462.775000 461.797284 9
049 472.194000 509.001889 9
050 482.194000 482.075662 12
051 491.877000 493.832286 18
052 501.624000 501.851887 20
053 511.427000 511.415018 16
054 520.978000 520.579250 20
055 530.978000 530.739075 10
056 541.619000 540.739075 0
057 550.842000 550.739075 0
058 560.228000 562.695255 12
059 569.286000 572.695255 0
060 578.659000 577.561446 10
061 588.915000 589.510008 17
062 598.555000 599.510008 0
063 608.681000 608.130665 16
064 619.259000 618.452489 35
065 628.721000 628.578936 18
066 638.369000 638.578936 0
067 647.991000 648.578936 0
068 657.851000 658.369814 17
069 666.916000 666.413730 23
070 675.899000 676.148166 17
071 685.573000 685.675890 26
072 695.248000 695.448733 24
073 705.586000 705.653186 21
074 715.395000 715.653186 0
075 725.261000 725.241699 26
076 734.717000 735.065233 11
077 745.217000 744.985426 19
078 755.217000 755.252798 20
079 764.858000 764.327518 13
080 774.506000 807.318378 8
081 785.429000 817.318378 0
082 796.513000 796.753470 27
083 806.746000 806.818602 14
084 816.819000 816.911149 19
085 826.819000 826.577723 31
086 836.249000 836.577723 0
087 846.163000 845.841041 14
088 856.163000 856.657174 8
089 864.873000 864.933749 13
090 873.220000 873.247024 23
091 883.027000 884.142125 12
092 892.860000 892.028759 13
093 902.860000 903.453402 19
094 912.210000 911.471968 19
095 921.433000 921.471968 0
096 931.433000 931.510003 23
097 940.742000 940.678389 13
098 949.547000 948.655618 17
099 958.617000 960.003862 13
100 968.324000 968.191927 20
101 977.329000 977.386015 22
102 987.329000 987.866913 26
103 997.595000 995.897120 16
104 1007.336000 1007.406031 12
105 1017.463000 1017.406031 0
106 1028.014000 1027.406031 0
107 1037.881000 1037.406031 0
108 1046.619000 1046.734957 25
109 1056.878000 1057.205815 23
110 1066.607000 1066.127616 15
111 1076.607000 1076.127616 0
112 1085.691000 1085.728743 10
113 1095.691000 1095.543288 29
114 1104.986000 1105.042680 19
115 1115.086000 1115.220977 28
116 1124.734000 1124.392136 21
117 1133.904000 1133.583764 21
118 1143.738000 1143.595405 32
119 1153.068000 1153.180600 10
120 1162.582000 1162.553568 18
121 1172.470000 1171.964037 16
122 1181.693000 1181.353732 18
123 1191.553000 1191.353732 0
124 1201.148000 1201.591723 22
125 1211.148000 1211.591723 0
126 1220.338000 1220.338164 8
127 1229.986000 1229.869325 10
128 1239.076000 1239.335434 19
129 1249.076000 1249.335434 0
130 1257.800000 1259.335434 0
131 1267.668000 1267.999076 12
132 1278.014000 1278.381621 19
133 1288.014000 1288.055904 12
134 1297.789000 1297.732806 15
135 1307.517000 1307.732806 0
136 1317.517000 1317.732806 0
137 1327.250000 1328.124124 11
138 1336.985000 1337.013503 34
139 1346.985000 1347.411178 24
140 1356.581000 1356.154092 17
141 1365.299000 1396.087497 10
142 1375.105000 1342.215556 11
143 1385.579000 1352.215556 0
144 1395.579000 1395.764124 27
145 1405.579000 1405.764230 25
146 1415.931000 1416.149465 20
147 1425.340000 1422.256012 9
148 1434.351000 1432.256012 0
149 1443.813000 1442.256012 0
150 1453.703000 1454.111269 30
151 1463.450000 1463.678624 10
152 1471.333000 1473.678624 0
153 1481.566000 1545.349052 9
154 1491.044000 1490.920861 24
155 1500.579000 1500.732587 10
156 1510.173000 1508.753511 11
157 1520.607000 1520.551726 8
158 1530.868000 1531.144850 12
159 1540.607000 1540.597078 11
160 1549.968000 1567.476463 12
161 1560.345000 1560.985161 18
162 1570.539000 1569.430875 10
163 1579.858000 1580.064782 14
164 1589.858000 1590.064782 0
165 1599.858000 1600.064782 0
166 1610.086000 1610.064782 0
167 1620.615000 1620.560719 20
168 1631.827000 1635.462806 12
169 1641.168000 1640.594431 23
170 1651.300000 1650.594431 0
171 1663.636000 1660.594431 0
172 1672.749000 1672.709603 20
173 1683.172000 1682.709603 0
174 1693.095000 1693.095476 18
175 1702.956000 1703.127955 29
176 1713.607000 1711.534849 15
177 1724.031000 1724.475649 12
178 1734.031000 1732.695002 13
179 1742.838000 1743.115296 19
180 1752.449000 1751.757777 13
181 1760.542000 1760.499820 13
182 1770.715000 1772.444437 10
183 1780.992000 1766.962780 8
184 1790.832000 1790.504463 20
185 1800.832000 1800.495945 10
186 1810.721000 1811.358660 24
187 1820.617000 1820.548232 9
188 1830.360000 1830.054221 30
189 1840.013000 1839.516612 26
190 1849.209000 1849.516612 0
191 1860.090000 1859.516612 0
192 1869.680000 1869.899121 9
193 1879.478000 1879.853850 17
194 1889.402000 1889.398831 25
195 1899.097000 1899.002248 15
196 1908.417000 1909.002248 0
197 1917.757000 1919.785590 9
198 1926.911000 1927.199555 25
199 1937.293000 1937.813315 18
200 1946.883000 1946.365888 16
201 1954.809000 1954.726778 11
202 1964.620000 1952.310517 9
203 1974.782000 1962.310517 0
204 1985.579000 1985.921859 17
205 1995.308000 1995.615103 16
206 2005.308000 2005.041813 11
207 2015.204000 2015.041813 0
208 2024.919000 2023.878425 22
209 2034.823000 2033.878425 0
210 2044.823000 2045.484170 30
211 2053.733000 2135.739857 10
212 2065.736000 2065.600880 22
213 2075.432000 2075.213468 25
214 2085.432000 2085.912392 16
215 2095.640000 2095.912392 0
216 2105.535000 2105.912392 0
217 2116.249000 2115.912392 0
218 2125.944000 2126.171596 25
219 2135.944000 2136.325179 12
220 2146.477000 2146.175720 15
221 2156.339000 2156.379881 9
222 2166.172000 2165.886425 25
223 2176.248000 2175.994372 8
224 2185.589000 2185.994372 0
225 2195.326000 2195.621127 19
226 2205.520000 2204.339424 19
227 2217.024000 2218.098366 15
228 2227.821000 2227.061538 19
229 2237.286000 2237.084076 32
230 2246.071000 2245.852178 12
231 2256.071000 2252.995018 10
232 2265.092000 2264.256132 17
233 2275.092000 2274.256132 0
234 2284.908000 2284.816407 25
235 2294.908000 2295.795514 27
236 2304.609000 2304.807492 23
237 2314.609000 2314.807492 0
238 2324.304000 2324.144538 13
239 2334.304000 2334.144538 0
240 2344.486000 2344.924344 14
241 2353.057000 2354.924344 0
242 2362.985000 2362.974857 9
243 2372.520000 2372.642789 25
244 2381.683000 2382.642789 0
245 2392.797000 2392.033720 23
246 2402.524000 2402.657928 19
247 2412.524000 2412.383696 34
248 2422.603000 2422.792667 20
249 2432.623000 2432.476354 26
250 2442.623000 2442.092964 24
251 2451.774000 2452.076427 24
252 2461.676000 2462.076427 0
253 2470.754000 2471.328041 16
254 2481.214000 2480.424173 26
255 2491.098000 2490.424173 0
256 2500.447000 2500.084653 17
257 2509.765000 2509.828098 24
258 2518.890000 2519.746340 13
259 2529.280000 2530.174834 8
260 2538.944000 2539.156009 26
261 2548.529000 2549.219081 17
262 2558.036000 2557.726289 11
263 2567.093000 2567.009779 13
264 2575.836000 2577.009779 0
265 2585.931000 2585.912279 13
266 2595.244000 2595.343968 13
267 2605.244000 2605.369506 18
268 2615.042000 2614.788227 29
269 2624.843000 2623.464283 11
270 2635.057000 2633.464283 0
271 2645.270000 2645.538555 23
272 2654.752000 2655.538555 0
273 2664.938000 2664.813876 15
274 2674.439000 2674.278049 13
275 2684.201000 2684.128922 13
276 2693.355000 2693.096669 16
277 2703.021000 2703.773457 13
278 2712.409000 2712.634447 13
279 2722.955000 2722.961277 26
280 2733.351000 2733.255302 28
281 2743.508000 2743.393831 13
282 2753.438000 2753.407254 13
283 2763.906000 2763.407254 0
284 2774.276000 2774.167849 20
285 2783.156000 2783.135331 27
286 2792.350000 2791.285935 13
287 2802.543000 2801.800025 9
288 2812.446000 2810.869427 8
289 2821.794000 2825.649519 9
290 2830.771000 2835.649519 0
291 2841.083000 2845.649519 0
292 2851.257000 2850.674938 10
293 2861.257000 2860.607156 11
294 2871.591000 2870.607156 0
295 2880.480000 2880.607156 0
296 2890.480000 2890.188688 10
297 2900.383000 2900.469585 19
298 2910.232000 2910.393458 11
299 2920.525000 2920.773133 15
300 2930.148000 2930.291780 30
301 2939.843000 2940.149002 19
302 2949.985000 2949.941280 14
303 2959.411000 2960.446555 8
304 2969.411000 2968.855292 19
305 2979.660000 2978.855292 0
306 2989.373000 2988.855292 0
307 2999.373000 2998.855292 0
308 3009.156000 3008.855292 0
309 3018.995000 3019.557948 15
310 3028.707000 3028.810908 17
311 3038.277000 3037.449905 9
312 3046.041000 3041.580611 10
313 3054.913000 3051.580611 0
314 3064.767000 3061.580611 0
315 3074.767000 3074.371197 16
316 3084.516000 3084.459857 10
317 3092.780000 3092.568298 17
318 3102.278000 3101.568385 20
319 3113.010000 3112.966284 17
320 3122.474000 3122.966284 0
321 3132.329000 3131.931228 15
322 3140.879000 3140.415640 20
323 3150.790000 3149.890681 10
324 3160.555000 3159.307666 18
325 3169.624000 3169.307666 0
326 3177.834000 3179.307666 0
327 3187.548000 3187.340231 21
328 3198.656000 3198.920231 22
329 3208.441000 3208.061220 20
330 3217.491000 3217.914237 18
331 3228.026000 3227.914237 0
332 3238.294000 3237.914237 0
333 3248.222000 3248.226395 9
334 3258.222000 3258.233844 30
335 3267.432000 3267.262991 17
336 3277.002000 3276.779254 32
337 3287.002000 3286.779254 0
338 3297.002000 3296.779254 0
339 3307.002000 3308.765068 22
340 3316.855000 3318.765068 0
341 3326.855000 3328.782311 22
342 3335.816000 3335.575026 10
343 3346.780000 3345.817485 14
344 3357.496000 3357.704581 14
345 3367.780000 3367.784873 29
346 3377.690000 3377.487721 9
347 3387.331000 3387.600852 16
348 3397.331000 3397.560502 15
349 3403.895000 3404.757011 11
350 3413.895000 3412.743751 14
351 3423.625000 3423.947301 17
352 3434.501000 3435.029693 9
353 3444.227000 3444.307448 20
354 3454.999000 3454.825828 16
355 3464.135000 3464.506916 29
356 3474.135000 3474.506916 0
357 3484.135000 3484.209548 19
358 3493.815000 3493.940274 25
359 3503.474000 3502.989907 18
360 3513.133000 3513.092421 18
361 3522.614000 3522.510248 28
362 3532.614000 3531.250083 13
363 3540.698000 3540.920814 13
364 3549.319000 3568.489892 9
365 3560.035000 3578.489892 0
366 3570.427000 3588.489892 0
367 3579.853000 3579.982222 23
368 3588.868000 3584.258937 9
369 3597.758000 3598.259761 13
370 3608.598000 3608.259761 0
371 3619.205000 3620.214746 11
372 3630.495000 3630.436097 16
373 3639.841000 3639.693422 26
374 3650.150000 3649.693422 0
375 3658.773000 3659.693422 0
376 3669.988000 3669.693422 0
377 3675.443000 3679.693422 0
378 3686.082000 3686.365036 30
379 3696.082000 3696.365036 0
380 3707.480000 3710.688173 16
381 3717.480000 3711.208113 25
382 3727.480000 3712.923512 16
383 3737.086000 3722.923512 0
384 3746.943000 3813.174446 8
385 3756.241000 3757.627154 25
386 3766.400000 3766.692745 18
387 3776.400000 3760.865745 14
388 3786.400000 3786.446171 15
389 3795.665000 3795.549152 20
390 3803.874000 3803.527769 14
391 3813.588000 3814.024084 24
392 3823.819000 3823.235095 16
393 3833.460000 3833.235095 0
394 3842.278000 3842.256305 28
395 3852.672000 3852.765323 17
396 3863.100000 3863.193194 8
397 3873.868000 3876.270960 12
398 3883.688000 3883.078460 14
399 3892.560000 3892.106569 30
400 3903.079000 3902.955896 27
401 3913.113000 3912.915045 10
402 3922.683000 3921.793380 22
403 3932.467000 3932.582254 16
404 3942.324000 3942.582254 0
405 3950.945000 3951.017035 12
406 3960.478000 3960.460689 17
407 3970.818000 3970.755343 11
408 3980.709000 3980.755343 0
409 3987.524000 3989.076735 10
410 3997.721000 3998.050069 30
411 4007.827000 4007.244468 15
412 4017.827000 4017.244468 0
413 4027.055000 4026.540985 23
414 4036.481000 4037.091639 19
415 4046.481000 4046.095045 11
416 4055.175000 4055.963595 21
417 4064.458000 4064.569092 11
418 4073.867000 4074.569092 0
419 4082.614000 4033.445864 9
420 4093.775000 4094.414756 9
421 4102.647000 4102.943321 18
422 4111.877000 4111.587703 20
423 4121.715000 4121.559314 25
424 4130.747000 4131.559314 0
425 4140.193000 4140.266960 28
426 4150.031000 4150.329605 11
427 4159.457000 4160.329605 0
428 4170.041000 4169.896157 22
429 4179.827000 4179.621224 35
430 4189.240000 4188.413316 16
431 4198.753000 4199.218092 22
432 4208.351000 4208.228707 30
433 4217.789000 4218.016738 17
434 4227.286000 4225.735579 13
435 4236.999000 4237.024751 20
436 4244.888000 4245.216849 20
437 4254.888000 4254.071047 21
438 4264.439000 4264.071047 0
439 4274.258000 4274.471196 25
440 4284.043000 4284.252716 21
441 4294.402000 4294.391133 22
442 4303.916000 4303.786768 37
443 4313.916000 4312.469233 17
444 4323.916000 4327.625833 9
445 4333.452000 4334.009562 22
446 4343.452000 4344.162955 20
447 4353.696000 4351.763082 16
448 4363.535000 4363.756965 22
449 4373.659000 4373.756965 0
450 4384.141000 4383.756965 0
451 4393.800000 4393.543269 15
452 4403.011000 4403.356829 14
453 4412.922000 4412.253724 16
454 4421.741000 4421.004199 26
455 4431.202000 4431.004199 0
456 4440.558000 4441.381947 26
457 4450.718000 4450.990726 25
458 4460.914000 4460.962032 15
459 4468.980000 4469.330309 17
460 4477.834000 4476.512170 16
461 4487.834000 4524.189874 13
462 4496.760000 4510.913697 9
463 4505.714000 4520.913697 0
464 4514.669000 4530.913697 0
465 4522.896000 4540.913697 0
466 4532.554000 4577.339952 11
467 4540.771000 4541.380921 18
468 4549.692000 4549.687297 33
469 4558.663000 4560.313151 12
470 4568.567000 4575.624297 15
471 4579.446000 4577.668102 14
472 4586.385000 4587.018444 24
473 4596.676000 4596.297776 13
474 4606.008000 4605.533407 20
475 4615.820000 4615.533407 0
476 4624.232000 4625.533407 0
477 4633.843000 4633.908903 23
478 4643.506000 4643.378659 32
479 4652.917000 4652.643810 15
480 4662.917000 4662.858185 28
481 4672.917000 4672.768731 31
