001 0.000000 -0.140400 72
002 10.000000 9.971782 37
003 20.000000 20.627113 16
004 28.072000 28.140128 11
005 38.058000 38.085504 25
006 48.059000 48.039350 34
007 58.056000 57.925001 18
008 68.056000 68.079166 23
009 78.056000 78.074469 41
010 88.056000 88.071124 40
011 98.056000 98.187334 47
012 108.056000 108.151815 55
013 118.056000 118.080897 41
014 128.056000 128.092687 62
015 138.056000 138.078035 48
016 148.056000 148.075955 54
017 158.056000 158.050377 71
018 168.056000 168.078830 54
019 178.056000 178.251511 54
020 188.056000 188.087161 62
021 198.056000 198.077614 60
022 208.056000 208.054261 58
023 218.056000 218.010852 64
024 228.056000 228.126422 35
025 238.056000 239.675059 28
026 248.056000 248.594549 23
027 258.311000 258.594549 0
028 268.392000 268.955132 8
029 278.457000 278.442869 21
030 288.680000 287.525636 13
031 299.265000 299.822552 25
032 309.265000 309.225413 26
033 319.460000 318.988671 8
034 329.886000 328.988671 0
035 331.489000 338.988671 0
036 341.050000 348.988671 0
037 352.269000 367.279632 13
038 362.269000 455.288204 12
039 372.483000 465.288204 0
040 382.483000 475.288204 0
041 392.844000 510.785493 13
042 403.556000 520.785493 0
043 414.326000 530.785493 0
044 424.449000 540.785493 0
045 434.768000 624.507407 10
046 444.768000 634.507407 0
047 452.651000 644.507407 0
048 462.775000 620.394964 8
049 472.194000 630.394964 0
050 482.194000 624.725618 11
051 491.877000 620.741556 8
052 501.624000 682.599908 8
053 511.427000 692.599908 0
054 520.978000 702.599908 0
055 530.978000 712.599908 0
056 541.619000 722.599908 0
057 550.842000 732.599908 0
058 560.228000 808.723335 8
059 569.286000 801.488054 12
060 578.659000 811.488054 0
061 588.915000 806.351197 12
062 598.555000 816.351197 0
063 608.681000 888.504389 10
064 619.259000 898.504389 0
065 628.721000 908.504389 0
066 638.369000 918.504389 0
067 647.991000 928.504389 0
068 657.851000 938.504389 0
069 666.916000 948.504389 0
070 675.899000 958.504389 0
071 685.573000 968.504389 0
072 695.248000 978.504389 0
073 705.586000 988.504389 0
074 715.395000 998.504389 0
075 725.261000 1047.926282 8
076 734.717000 1057.926282 0
077 745.217000 1067.926282 0
078 755.217000 1112.970828 16
079 764.858000 1039.074454 8
080 774.506000 1049.074454 0
081 785.429000 1059.074454 0
082 796.513000 1069.074454 0
083 806.746000 1079.074454 0
084 816.819000 1089.074454 0
085 826.819000 1099.074454 0
086 836.249000 1109.845399 8
087 846.163000 1119.845399 0
088 856.163000 1129.845399 0
089 864.873000 1114.185058 8
090 873.220000 1124.185058 0
091 883.027000 1134.185058 0
092 892.860000 1144.185058 0
093 902.860000 1154.185058 0
094 912.210000 1165.372516 8
095 921.433000 1175.372516 0
096 931.433000 1185.372516 0
097 940.742000 1195.372516 0
098 949.547000 1205.372516 0
099 958.617000 1215.372516 0
100 968.324000 1225.372516 0
101 977.329000 1235.372516 0
102 987.329000 1283.611561 11
103 997.595000 1293.611561 0
104 1007.336000 1303.611561 0
105 1017.463000 1341.855651 11
106 1028.014000 1274.408882 9
107 1037.881000 1284.408882 0
108 1046.619000 1294.408882 0
109 1056.878000 1343.310382 9
110 1066.607000 1286.707587 8
111 1076.607000 1296.707587 0
112 1085.691000 1278.036476 9
113 1095.691000 1349.818717 11
114 1104.986000 1359.818717 0
115 1115.086000 1369.818717 0
116 1124.734000 1379.818717 0
117 1133.904000 1410.611542 9
118 1143.738000 1420.611542 0
119 1153.068000 1430.611542 0
120 1162.582000 1452.960405 10
121 1172.470000 1514.784002 8
122 1181.693000 1524.784002 0
123 1191.553000 1534.784002 0
124 1201.148000 1582.608813 8
125 1211.148000 1592.608813 0
126 1220.338000 1584.327047 9
127 1229.986000 1594.327047 0
128 1239.076000 1604.327047 0
129 1249.076000 1671.764990 10
130 1257.800000 1681.764990 0
131 1267.668000 1691.764990 0
132 1278.014000 1701.764990 0
133 1288.014000 1711.764990 0
134 1297.789000 1721.764990 0
135 1307.517000 1731.764990 0
136 1317.517000 1741.764990 0
137 1327.250000 1751.764990 0
138 1336.985000 1761.764990 0
139 1346.985000 1771.764990 0
140 1356.581000 1781.764990 0
141 1365.299000 1791.764990 0
142 1375.105000 1801.764990 0
143 1385.579000 1811.764990 0
144 1395.579000 1875.139719 8
145 1405.579000 1885.139719 0
146 1415.931000 1885.724542 8
147 1425.340000 1895.724542 0
148 1434.351000 1905.724542 0
149 1443.813000 1915.724542 0
150 1453.703000 1925.724542 0
151 1463.450000 1935.724542 0
152 1471.333000 1945.724542 0
153 1481.566000 1955.724542 0
154 1491.044000 1965.724542 0
155 1500.579000 1975.724542 0
156 1510.173000 1985.724542 0
157 1520.607000 1995.724542 0
158 1530.868000 2005.724542 0
159 1540.607000 2015.724542 0
160 1549.968000 2073.437117 9
161 1560.345000 2071.084762 11
162 1570.539000 2081.084762 0
163 1579.858000 2091.084762 0
164 1589.858000 2101.084762 0
165 1599.858000 2111.084762 0
166 1610.086000 2121.084762 0
167 1620.615000 2131.084762 0
168 1631.827000 2141.084762 0
169 1641.168000 2138.949508 8
170 1651.300000 2148.949508 0
171 1663.636000 2158.949508 0
172 1672.749000 2126.055984 8
173 1683.172000 2136.055984 0
174 1693.095000 2146.055984 0
175 1702.956000 2175.541978 9
176 1713.607000 2185.541978 0
177 1724.031000 2195.541978 0
178 1734.031000 2205.541978 0
179 1742.838000 2215.541978 0
180 1752.449000 2225.541978 0
181 1760.542000 2235.541978 0
182 1770.715000 2245.541978 0
183 1780.992000 2255.541978 0
184 1790.832000 2265.541978 0
185 1800.832000 2275.541978 0
186 1810.721000 2251.595780 8
187 1820.617000 2261.595780 0
188 1830.360000 2271.595780 0
189 1840.013000 2281.595780 0
190 1849.209000 2380.072145 11
191 1860.090000 2321.466364 15
192 1869.680000 2331.466364 0
193 1879.478000 2341.466364 0
194 1889.402000 2351.466364 0
195 1899.097000 2441.651510 8
196 1908.417000 2346.946891 12
197 1917.757000 2356.946891 0
198 1926.911000 2437.926896 9
199 1937.293000 2447.926896 0
200 1946.883000 2457.926896 0
201 1954.809000 2467.926896 0
202 1964.620000 2564.097996 8
203 1974.782000 2574.097996 0
204 1985.579000 2541.941613 11
205 1995.308000 2549.417493 12
206 2005.308000 2600.361937 8
207 2015.204000 2610.361937 0
208 2024.919000 2665.101824 8
209 2034.823000 2675.101824 0
210 2044.823000 2709.140712 15
211 2053.733000 2719.140712 0
212 2065.736000 2729.140712 0
213 2075.432000 2723.678779 9
214 2085.432000 2721.247121 8
215 2095.640000 2731.247121 0
216 2105.535000 2781.683182 11
217 2116.249000 2791.683182 0
218 2125.944000 2801.683182 0
219 2135.944000 2811.683182 0
220 2146.477000 2821.683182 0
221 2156.339000 2831.683182 0
222 2166.172000 2841.683182 0
223 2176.248000 2851.683182 0
224 2185.589000 2825.071922 11
225 2195.326000 2835.071922 0
226 2205.520000 2845.071922 0
227 2217.024000 2905.226017 8
228 2227.821000 2915.226017 0
229 2237.286000 2925.226017 0
230 2246.071000 2935.226017 0
231 2256.071000 2945.226017 0
232 2265.092000 2944.954560 12
233 2275.092000 2954.954560 0
234 2284.908000 2964.954560 0
235 2294.908000 3024.247180 10
236 2304.609000 3034.247180 0
237 2314.609000 3044.247180 0
238 2324.304000 3054.247180 0
239 2334.304000 3064.247180 0
240 2344.486000 3074.247180 0
241 2353.057000 3084.247180 0
242 2362.985000 3078.703923 8
243 2372.520000 3088.703923 0
244 2381.683000 3098.703923 0
245 2392.797000 3108.703923 0
246 2402.524000 3118.703923 0
247 2412.524000 3128.703923 0
248 2422.603000 3138.703923 0
249 2432.623000 3204.151436 9
250 2442.623000 3200.358918 9
251 2451.774000 3210.358918 0
252 2461.676000 3220.358918 0
253 2470.754000 3269.000286 10
254 2481.214000 3273.265313 10
255 2491.098000 3283.265313 0
256 2500.447000 3293.265313 0
257 2509.765000 3310.493702 9
258 2518.890000 3320.493702 0
259 2529.280000 3330.493702 0
260 2538.944000 3366.964414 12
261 2548.529000 3336.836412 8
262 2558.036000 3346.836412 0
263 2567.093000 3356.836412 0
264 2575.836000 3366.836412 0
265 2585.931000 3391.694687 8
266 2595.244000 3401.694687 0
267 2605.244000 3450.143444 8
268 2615.042000 3460.143444 0
269 2624.843000 3470.143444 0
270 2635.057000 3480.143444 0
271 2645.270000 3490.143444 0
272 2654.752000 3500.143444 0
273 2664.938000 3505.009467 8
274 2674.439000 3515.009467 0
275 2684.201000 3503.491917 9
276 2693.355000 3513.491917 0
277 2703.021000 3523.491917 0
278 2712.409000 3533.491917 0
279 2722.955000 3543.491917 0
280 2733.351000 3628.446559 9
281 2743.508000 3638.446559 0
282 2753.438000 3627.017302 10
283 2763.906000 3637.017302 0
284 2774.276000 3630.093886 9
285 2783.156000 3640.093886 0
286 2792.350000 3684.558081 11
287 2802.543000 3694.558081 0
288 2812.446000 3704.558081 0
289 2821.794000 3714.558081 0
290 2830.771000 3724.558081 0
291 2841.083000 3754.284474 8
292 2851.257000 3764.284474 0
293 2861.257000 3774.284474 0
294 2871.591000 3749.655626 8
295 2880.480000 3757.431463 11
296 2890.480000 3756.393651 8
297 2900.383000 3766.393651 0
298 2910.232000 3776.393651 0
299 2920.525000 3786.393651 0
300 2930.148000 3854.029364 8
301 2939.843000 3824.072859 10
302 2949.985000 3834.072859 0
303 2959.411000 3844.072859 0
304 2969.411000 3938.853339 8
305 2979.660000 3948.853339 0
306 2989.373000 3958.853339 0
307 2999.373000 3968.853339 0
308 3009.156000 3978.853339 0
309 3018.995000 3988.853339 0
310 3028.707000 3998.853339 0
311 3038.277000 4008.853339 0
312 3046.041000 4049.735089 8
313 3054.913000 4059.735089 0
314 3064.767000 4069.735089 0
315 3074.767000 4079.735089 0
316 3084.516000 4089.735089 0
317 3092.780000 4101.376569 9
318 3102.278000 4182.760841 8
319 3113.010000 4192.760841 0
320 3122.474000 4202.760841 0
321 3132.329000 4212.760841 0
322 3140.879000 4222.760841 0
323 3150.790000 4232.760841 0
324 3160.555000 4242.760841 0
325 3169.624000 4252.760841 0
326 3177.834000 4228.278162 13
327 3187.548000 4238.278162 0
328 3198.656000 4227.250192 8
329 3208.441000 4237.250192 0
330 3217.491000 4247.250192 0
331 3228.026000 4257.250192 0
332 3238.294000 4267.250192 0
333 3248.222000 4277.250192 0
334 3258.222000 4287.250192 0
335 3267.432000 4297.250192 0
336 3277.002000 4307.250192 0
337 3287.002000 4317.250192 0
338 3297.002000 4327.250192 0
339 3307.002000 4337.250192 0
340 3316.855000 4347.250192 0
341 3326.855000 4335.659799 11
342 3335.816000 4345.659799 0
343 3346.780000 4355.659799 0
344 3357.496000 4365.659799 0
345 3367.780000 4375.659799 0
346 3377.690000 4385.659799 0
347 3387.331000 4410.265655 9
348 3397.331000 4420.265655 0
349 3403.895000 4430.265655 0
350 3413.895000 4440.265655 0
351 3423.625000 4450.265655 0
352 3434.501000 4460.265655 0
353 3444.227000 4470.265655 0
354 3454.999000 4480.265655 0
355 3464.135000 4490.265655 0
356 3474.135000 4500.265655 0
357 3484.135000 4510.265655 0
358 3493.815000 4523.256900 8
359 3503.474000 4533.256900 0
360 3513.133000 4543.256900 0
361 3522.614000 4553.256900 0
362 3532.614000 4563.256900 0
363 3540.698000 4573.256900 0
364 3549.319000 4566.444503 8
365 3560.035000 4576.444503 0
366 3570.427000 4586.444503 0
367 3579.853000 4586.382069 8
368 3588.868000 4596.382069 0
369 3597.758000 4587.422796 8
370 3608.598000 4597.422796 0
371 3619.205000 4607.422796 0
372 3630.495000 4637.907237 12
373 3639.841000 4586.756951 10
374 3650.150000 4596.756951 0
375 3658.773000 4606.756951 0
376 3669.988000 4616.756951 0
377 3675.443000 4626.756951 0
378 3686.082000 4585.798451 15
379 3696.082000 4595.798451 0
380 3707.480000 4605.798451 0
381 3717.480000 4615.798451 0
382 3727.480000 4625.798451 0
383 3737.086000 4635.798451 0
384 3746.943000 4636.554962 11
385 3756.241000 4646.554962 0
386 3766.400000 4656.554962 0
387 3776.400000 4586.457335 10
388 3786.400000 4587.957172 23
389 3795.665000 4597.957172 0
390 3803.874000 4607.957172 0
391 3813.588000 4587.963808 10
392 3823.819000 4597.963808 0
393 3833.460000 4607.963808 0
394 3842.278000 4590.654920 9
395 3852.672000 4600.654920 0
396 3863.100000 4610.654920 0
397 3873.868000 4620.654920 0
398 3883.688000 4630.654920 0
399 3892.560000 4585.053743 14
400 3903.079000 4586.048692 9
401 3913.113000 4583.046162 10
402 3922.683000 4593.046162 0
403 3932.467000 4603.046162 0
404 3942.324000 4613.046162 0
405 3950.945000 4623.046162 0
406 3960.478000 4633.046162 0
407 3970.818000 4643.046162 0
408 3980.709000 4653.046162 0
409 3987.524000 4663.046162 0
410 3997.721000 4673.046162 0
411 4007.827000 4587.912927 13
412 4017.827000 4597.912927 0
413 4027.055000 4607.912927 0
414 4036.481000 4588.321424 14
415 4046.481000 4598.321424 0
416 4055.175000 4608.321424 0
417 4064.458000 4618.321424 0
418 4073.867000 4628.321424 0
419 4082.614000 4638.321424 0
420 4093.775000 4648.321424 0
421 4102.647000 4587.834021 14
422 4111.877000 4597.834021 0
423 4121.715000 4586.328383 10
424 4130.747000 4596.328383 0
425 4140.193000 4606.328383 0
426 4150.031000 4616.328383 0
427 4159.457000 4626.328383 0
428 4170.041000 4636.328383 0
429 4179.827000 4638.888310 8
430 4189.240000 4648.888310 0
431 4198.753000 4638.471270 10
432 4208.351000 4648.471270 0
433 4217.789000 4658.471270 0
434 4227.286000 4668.471270 0
435 4236.999000 4678.471270 0
436 4244.888000 4589.125591 8
437 4254.888000 4601.503573 8
438 4264.439000 4611.503573 0
439 4274.258000 4621.503573 0
440 4284.043000 4631.503573 0
441 4294.402000 4641.503573 0
442 4303.916000 4651.503573 0
443 4313.916000 4586.889976 10
444 4323.916000 4596.889976 0
445 4333.452000 4606.889976 0
446 4343.452000 4637.952007 8
447 4353.696000 4647.952007 0
448 4363.535000 4657.952007 0
449 4373.659000 4667.952007 0
450 4384.141000 4677.952007 0
451 4393.800000 4687.952007 0
452 4403.011000 4697.952007 0
453 4412.922000 4707.952007 0
454 4421.741000 4717.952007 0
455 4431.202000 4727.952007 0
456 4440.558000 4581.571002 8
457 4450.718000 4591.127456 8
458 4460.914000 4601.127456 0
459 4468.980000 4611.127456 0
460 4477.834000 4621.127456 0
461 4487.834000 4631.127456 0
462 4496.760000 4641.127456 0
463 4505.714000 4651.127456 0
464 4514.669000 4661.127456 0
465 4522.896000 4671.127456 0
466 4532.554000 4577.078445 10
467 4540.771000 4631.848176 12
468 4549.692000 4584.985459 10
469 4558.663000 4559.246399 16
470 4568.567000 4575.632941 16
471 4579.446000 4577.340691 13
472 4586.385000 4587.716075 19
473 4596.676000 4596.670979 11
474 4606.008000 4605.615507 19
475 4615.820000 4615.615507 0
476 4624.232000 4578.507105 8
477 4633.843000 4633.924724 22
478 4643.506000 4643.378659 32
479 4652.917000 4652.442686 15
480 4662.917000 4662.858185 28
481 4672.917000 4672.768731 31
