001 0.000000 -0.075517 70
002 10.000000 9.960761 36
003 20.000000 20.627113 16
004 28.072000 28.140128 11
005 38.058000 38.083526 24
006 48.059000 48.071345 32
007 58.056000 57.925001 18
008 68.056000 68.077466 22
009 78.056000 78.075334 42
010 88.056000 88.071124 40
011 98.056000 98.141474 47
012 108.056000 108.154465 54
013 118.056000 118.079494 43
014 128.056000 128.092687 62
015 138.056000 138.074230 47
016 148.056000 148.077659 54
017 158.056000 158.080254 70
018 168.056000 168.078631 52
019 178.056000 178.188474 53
020 188.056000 188.085820 62
021 198.056000 198.044985 60
022 208.056000 208.090402 58
023 218.056000 218.056434 65
024 228.056000 228.131568 34
025 238.056000 239.559629 29
026 248.056000 248.596405 23
027 258.311000 258.596405 0
028 268.392000 268.596405 0
029 278.457000 278.440516 22
030 288.680000 287.418975 12
031 299.265000 299.844844 24
032 309.265000 309.231552 25
033 319.460000 318.988671 8
034 329.886000 328.988671 0
035 331.489000 338.988671 0
036 341.050000 385.594652 8
037 352.269000 369.441172 15
038 362.269000 369.659629 11
039 372.483000 379.659629 0
040 382.483000 383.379667 19
041 392.844000 391.737087 21
042 403.556000 403.074447 20
043 414.326000 413.074447 0
044 424.449000 424.269066 23
045 434.768000 434.442591 23
046 444.768000 444.240967 8
047 452.651000 454.489248 9
048 462.775000 461.907258 8
049 472.194000 471.907258 0
050 482.194000 482.342271 13
051 491.877000 493.638490 19
052 501.624000 502.156830 25
053 511.427000 511.373002 19
054 520.978000 520.592628 21
055 530.978000 530.820817 12
056 541.619000 541.551988 15
057 550.842000 551.551988 0
058 560.228000 563.140972 10
059 569.286000 573.140972 0
060 578.659000 577.676248 14
061 588.915000 588.413956 9
062 598.555000 598.413956 0
063 608.681000 608.295286 14
064 619.259000 619.046763 32
065 628.721000 628.381195 17
066 638.369000 638.381195 0
067 647.991000 648.381195 0
068 657.851000 658.381195 0
069 666.916000 666.437175 26
070 675.899000 676.117780 19
071 685.573000 685.626001 26
072 695.248000 695.541753 25
073 705.586000 705.916967 18
074 715.395000 715.916967 0
075 725.261000 725.389557 25
076 734.717000 734.934658 15
077 745.217000 745.003804 21
078 755.217000 755.269436 21
079 764.858000 764.362759 14
080 774.506000 774.362759 0
081 785.429000 784.362759 0
082 796.513000 796.936765 25
083 806.746000 806.123073 11
084 816.819000 816.810898 19
085 826.819000 826.575948 31
086 836.249000 836.575948 0
087 846.163000 846.116796 15
088 856.163000 856.116796 0
089 864.873000 864.912763 12
090 873.220000 873.235752 20
091 883.027000 884.150738 12
092 892.860000 892.085652 13
093 902.860000 903.412386 20
094 912.210000 911.470070 18
095 921.433000 921.470070 0
096 931.433000 931.328193 24
097 940.742000 940.752474 12
098 949.547000 948.655618 17
099 958.617000 959.679063 16
100 968.324000 968.205548 17
101 977.329000 977.388365 21
102 987.329000 987.910181 28
103 997.595000 995.799795 15
104 1007.336000 1007.413672 13
105 1017.463000 1043.962934 9
106 1028.014000 1053.962934 0
107 1037.881000 1063.962934 0
108 1046.619000 1046.739123 23
109 1056.878000 1057.069437 18
110 1066.607000 1066.418636 18
111 1076.607000 1076.418636 0
112 1085.691000 1085.717591 11
113 1095.691000 1095.547412 28
114 1104.986000 1104.916368 20
115 1115.086000 1115.208316 27
116 1124.734000 1124.397672 20
117 1133.904000 1134.397672 0
118 1143.738000 1143.604443 30
119 1153.068000 1153.517963 12
120 1162.582000 1163.127764 14
121 1172.470000 1171.939230 13
122 1181.693000 1181.543782 13
123 1191.553000 1191.543782 0
124 1201.148000 1201.447042 22
125 1211.148000 1211.447042 0
126 1220.338000 1220.852266 8
127 1229.986000 1229.869896 11
128 1239.076000 1239.021003 19
129 1249.076000 1249.021003 0
130 1257.800000 1259.021003 0
131 1267.668000 1269.021003 0
132 1278.014000 1278.210739 18
133 1288.014000 1288.075059 11
134 1297.789000 1298.089073 13
135 1307.517000 1308.089073 0
136 1317.517000 1318.089073 0
137 1327.250000 1328.057025 12
138 1336.985000 1337.067294 35
139 1346.985000 1347.429067 22
140 1356.581000 1356.073856 18
141 1365.299000 1396.087497 10
142 1375.105000 1342.017335 12
143 1385.579000 1352.017335 0
144 1395.579000 1395.772876 26
145 1405.579000 1405.644961 25
146 1415.931000 1416.248223 19
147 1425.340000 1423.437476 10
148 1434.351000 1433.437476 0
149 1443.813000 1443.437476 0
150 1453.703000 1454.038137 29
151 1463.450000 1462.832985 9
152 1471.333000 1472.832985 0
153 1481.566000 1482.832985 0
154 1491.044000 1490.990426 28
155 1500.579000 1500.314622 8
156 1510.173000 1508.437793 12
157 1520.607000 1518.437793 0
158 1530.868000 1530.787585 11
159 1540.607000 1540.382710 9
160 1549.968000 1550.382710 0
161 1560.345000 1560.473202 19
162 1570.539000 1569.560411 12
163 1579.858000 1580.129211 15
164 1589.858000 1590.129211 0
165 1599.858000 1600.129211 0
166 1610.086000 1610.129211 0
167 1620.615000 1620.910478 17
168 1631.827000 1634.327424 9
169 1641.168000 1640.785508 22
170 1651.300000 1651.254604 14
171 1663.636000 1661.254604 0
172 1672.749000 1672.998862 25
173 1683.172000 1682.998862 0
174 1693.095000 1693.474691 19
175 1702.956000 1703.122502 28
176 1713.607000 1711.261454 15
177 1724.031000 1724.453055 13
178 1734.031000 1733.091653 13
179 1742.838000 1743.104833 20
180 1752.449000 1751.713140 12
181 1760.542000 1760.527341 14
182 1770.715000 1772.010779 13
183 1780.992000 1782.010779 0
184 1790.832000 1790.796048 20
185 1800.832000 1800.477685 9
186 1810.721000 1811.410500 19
187 1820.617000 1820.583089 8
188 1830.360000 1830.141384 29
189 1840.013000 1839.662851 26
190 1849.209000 1849.662851 0
191 1860.090000 1859.662851 0
192 1869.680000 1869.662851 0
193 1879.478000 1880.165495 16
194 1889.402000 1889.441051 23
195 1899.097000 1899.001260 16
196 1908.417000 1903.980332 9
197 1917.757000 1913.980332 0
198 1926.911000 1927.499286 24
199 1937.293000 1937.850130 16
200 1946.883000 1946.557994 16
201 1954.809000 1954.735778 10
202 1964.620000 1964.735778 0
203 1974.782000 1974.735778 0
204 1985.579000 1985.865338 20
205 1995.308000 1995.402291 17
206 2005.308000 2002.252079 9
207 2015.204000 2012.252079 0
208 2024.919000 2023.748701 20
209 2034.823000 2033.748701 0
210 2044.823000 2045.688826 26
211 2053.733000 2135.672923 9
212 2065.736000 2065.971128 18
213 2075.432000 2075.380195 25
214 2085.432000 2085.575437 22
215 2095.640000 2095.189542 13
216 2105.535000 2105.189542 0
217 2116.249000 2115.189542 0
218 2125.944000 2125.913905 23
219 2135.944000 2136.263288 11
220 2146.477000 2146.127806 14
221 2156.339000 2156.379881 9
222 2166.172000 2165.994624 23
223 2176.248000 2175.994372 8
224 2185.589000 2185.994372 0
225 2195.326000 2195.757123 19
226 2205.520000 2204.593270 21
227 2217.024000 2218.145847 13
228 2227.821000 2227.124290 17
229 2237.286000 2237.090763 31
230 2246.071000 2245.871907 11
231 2256.071000 2254.043706 9
232 2265.092000 2264.256132 17
233 2275.092000 2274.256132 0
234 2284.908000 2284.835525 25
235 2294.908000 2295.784088 25
236 2304.609000 2304.839679 25
237 2314.609000 2311.155902 9
238 2324.304000 2324.261253 14
239 2334.304000 2334.261253 0
240 2344.486000 2344.362465 17
241 2353.057000 2354.362465 0
242 2362.985000 2362.729526 12
243 2372.520000 2372.600902 29
244 2381.683000 2382.600902 0
245 2392.797000 2391.778134 22
246 2402.524000 2402.656812 23
247 2412.524000 2412.509752 29
248 2422.603000 2422.479131 18
249 2432.623000 2432.302709 26
250 2442.623000 2442.355239 26
251 2451.774000 2452.214206 26
252 2461.676000 2462.214206 0
253 2470.754000 2471.955429 16
254 2481.214000 2480.424173 26
255 2491.098000 2490.424173 0
256 2500.447000 2500.084653 17
257 2509.765000 2509.644391 23
258 2518.890000 2519.814307 14
259 2529.280000 2529.834475 12
260 2538.944000 2539.155878 26
261 2548.529000 2548.887121 17
262 2558.036000 2557.920222 12
263 2567.093000 2566.237517 15
264 2575.836000 2576.237517 0
265 2585.931000 2585.912040 15
266 2595.244000 2595.339081 14
267 2605.244000 2605.362104 18
268 2615.042000 2614.865217 26
269 2624.843000 2623.571888 12
270 2635.057000 2633.571888 0
271 2645.270000 2645.522134 25
272 2654.752000 2655.522134 0
273 2664.938000 2664.813876 15
274 2674.439000 2673.992743 12
275 2684.201000 2684.132814 12
276 2693.355000 2693.458229 16
277 2703.021000 2703.984575 10
278 2712.409000 2712.698178 17
279 2722.955000 2722.851400 28
280 2733.351000 2733.246554 27
281 2743.508000 2743.393831 13
282 2753.438000 2753.260236 8
283 2763.906000 2763.260236 0
284 2774.276000 2774.184423 23
285 2783.156000 2783.135331 27
286 2792.350000 2791.211226 12
287 2802.543000 2801.211226 0
288 2812.446000 2811.211226 0
289 2821.794000 2825.649519 9
290 2830.771000 2830.721318 9
291 2841.083000 2840.721318 0
292 2851.257000 2850.788734 12
293 2861.257000 2860.607156 11
294 2871.591000 2870.607156 0
295 2880.480000 2880.607156 0
296 2890.480000 2890.241350 13
297 2900.383000 2900.469585 19
298 2910.232000 2910.393458 11
299 2920.525000 2920.686500 16
300 2930.148000 2930.271709 32
301 2939.843000 2940.409517 17
302 2949.985000 2949.991062 12
303 2959.411000 2960.628707 9
304 2969.411000 2968.523827 19
305 2979.660000 2978.523827 0
306 2989.373000 2988.523827 0
307 2999.373000 2998.523827 0
308 3009.156000 3008.523827 0
309 3018.995000 3019.637324 13
310 3028.707000 3028.793193 17
311 3038.277000 3037.444760 9
312 3046.041000 3045.359472 14
313 3054.913000 3055.359472 0
314 3064.767000 3065.359472 0
315 3074.767000 3074.109757 20
316 3084.516000 3084.445984 9
317 3092.780000 3092.550048 16
318 3102.278000 3101.644556 22
319 3113.010000 3112.923061 22
320 3122.474000 3082.071373 8
321 3132.329000 3131.940580 20
322 3140.879000 3140.228854 19
323 3150.790000 3150.815357 15
324 3160.555000 3159.330285 18
325 3169.624000 3169.330285 0
326 3177.834000 3179.330285 0
327 3187.548000 3187.306900 19
328 3198.656000 3198.901447 17
329 3208.441000 3208.041126 19
330 3217.491000 3217.914237 18
331 3228.026000 3215.901747 8
332 3238.294000 3225.901747 0
333 3248.222000 3235.901747 0
334 3258.222000 3258.108148 28
335 3267.432000 3267.000055 17
336 3277.002000 3276.502473 24
337 3287.002000 3286.502473 0
338 3297.002000 3296.502473 0
339 3307.002000 3308.765068 22
340 3316.855000 3316.168344 9
341 3326.855000 3328.839171 22
342 3335.816000 3335.387821 12
343 3346.780000 3395.184160 12
344 3357.496000 3357.728264 12
345 3367.780000 3367.775030 31
346 3377.690000 3377.487721 9
347 3387.331000 3387.599103 18
348 3397.331000 3397.496560 17
349 3403.895000 3404.359063 11
350 3413.895000 3414.359063 0
351 3423.625000 3423.947301 17
352 3434.501000 3433.947301 0
353 3444.227000 3444.282491 20
354 3454.999000 3454.844053 18
355 3464.135000 3464.502275 29
356 3474.135000 3474.502275 0
357 3484.135000 3484.363550 13
358 3493.815000 3494.272045 21
359 3503.474000 3503.483311 17
360 3513.133000 3512.780000 25
361 3522.614000 3522.508988 25
362 3532.614000 3531.130288 12
363 3540.698000 3540.412427 11
364 3549.319000 3568.489892 9
365 3560.035000 3578.489892 0
366 3570.427000 3588.489892 0
367 3579.853000 3579.966542 22
368 3588.868000 3587.510033 13
369 3597.758000 3598.045878 22
370 3608.598000 3608.045878 0
371 3619.205000 3620.313001 10
372 3630.495000 3630.426621 18
373 3639.841000 3639.900937 27
374 3650.150000 3649.900937 0
375 3658.773000 3659.900937 0
376 3669.988000 3669.900937 0
377 3675.443000 3679.900937 0
378 3686.082000 3686.387659 32
379 3696.082000 3696.387659 0
380 3707.480000 3710.645462 16
381 3717.480000 3711.222690 25
382 3727.480000 3712.997002 16
383 3737.086000 3722.997002 0
384 3746.943000 3732.997002 0
385 3756.241000 3757.285254 25
386 3766.400000 3766.490802 20
387 3776.400000 3760.874506 14
388 3786.400000 3786.381331 16
389 3795.665000 3795.461000 21
390 3803.874000 3803.419669 16
391 3813.588000 3813.910683 22
392 3823.819000 3823.665950 17
393 3833.460000 3833.665950 0
394 3842.278000 3842.245604 27
395 3852.672000 3852.765323 17
396 3863.100000 3863.177569 8
397 3873.868000 3876.369849 10
398 3883.688000 3883.132638 16
399 3892.560000 3892.042568 24
400 3903.079000 3902.954851 28
401 3913.113000 3912.886949 12
402 3922.683000 3922.110173 20
403 3932.467000 3932.583976 19
404 3942.324000 3942.583976 0
405 3950.945000 3951.021304 13
406 3960.478000 3960.623038 15
407 3970.818000 3970.623038 0
408 3980.709000 3980.777614 9
409 3987.524000 3988.709857 10
410 3997.721000 3997.981222 30
411 4007.827000 4039.527117 10
412 4017.827000 4049.527117 0
413 4027.055000 4026.546082 23
414 4036.481000 4037.173949 17
415 4046.481000 4046.096173 12
416 4055.175000 4056.753449 16
417 4064.458000 4066.753449 0
418 4073.867000 4076.753449 0
419 4082.614000 4086.753449 0
420 4093.775000 4096.753449 0
421 4102.647000 4103.072197 22
422 4111.877000 4111.587703 20
423 4121.715000 4121.741674 27
424 4130.747000 4151.925912 8
425 4140.193000 4140.266960 28
426 4150.031000 4150.312565 16
427 4159.457000 4160.312565 0
428 4170.041000 4169.787502 23
429 4179.827000 4179.618700 35
430 4189.240000 4189.395075 19
431 4198.753000 4199.664706 20
432 4208.351000 4208.260041 29
433 4217.789000 4218.019485 17
434 4227.286000 4225.735579 13
435 4236.999000 4236.854039 21
436 4244.888000 4245.216849 20
437 4254.888000 4254.071047 21
438 4264.439000 4264.071047 0
439 4274.258000 4274.471196 25
440 4284.043000 4284.269158 19
441 4294.402000 4294.280513 21
442 4303.916000 4303.786768 37
443 4313.916000 4313.786768 0
444 4323.916000 4327.625833 9
445 4333.452000 4334.042660 21
446 4343.452000 4344.105365 20
447 4353.696000 4352.491173 18
448 4363.535000 4363.638561 22
449 4373.659000 4373.638561 0
450 4384.141000 4383.638561 0
451 4393.800000 4394.007980 18
452 4403.011000 4403.182738 11
453 4412.922000 4412.256677 14
454 4421.741000 4421.442639 27
455 4431.202000 4431.442639 0
456 4440.558000 4441.428979 24
457 4450.718000 4451.115095 24
458 4460.914000 4460.962032 15
459 4468.980000 4469.216606 17
460 4477.834000 4476.512170 16
461 4487.834000 4523.688666 11
462 4496.760000 4510.736556 8
463 4505.714000 4520.736556 0
464 4514.669000 4530.736556 0
465 4522.896000 4540.736556 0
466 4532.554000 4577.078445 10
467 4540.771000 4541.968063 17
468 4549.692000 4549.484975 27
469 4558.663000 4559.484975 0
470 4568.567000 4574.082126 14
471 4579.446000 4577.668102 14
472 4586.385000 4586.994558 25
473 4596.676000 4597.288790 16
474 4606.008000 4605.510177 19
475 4615.820000 4615.510177 0
476 4624.232000 4625.510177 0
477 4633.843000 4633.908903 23
478 4643.506000 4643.378659 32
479 4652.917000 4652.438603 15
480 4662.917000 4662.858185 28
481 4672.917000 4672.761293 33
