001 0.000000 -0.155239 95
002 10.000000 9.981369 32
003 20.000000 20.477869 22
004 30.000000 29.665541 32
005 39.500000 39.482471 26
006 49.500000 49.469257 50
007 59.500000 59.389452 28
008 69.500000 69.467991 58
009 79.500000 79.462870 35
010 89.500000 89.444243 61
011 99.500000 99.513775 67
012 109.500000 109.497135 67
013 119.495000 119.523171 64
014 129.495000 129.450318 83
015 139.495000 139.513409 77
016 149.495000 149.502374 60
017 159.495000 159.504165 93
018 169.495000 169.462216 61
019 179.496000 179.605599 78
020 189.496000 189.550111 77
021 199.496000 199.457981 89
022 209.496000 209.591734 63
023 219.496000 219.496636 65
024 229.496000 229.290319 40
025 239.496000 240.571684 29
026 249.496000 250.402326 22
027 257.833000 259.627711 19
028 268.070000 269.165684 24
029 278.273000 277.731089 33
030 288.681000 286.515494 18
031 299.870000 300.638095 35
032 309.155000 308.916845 21
033 319.459000 318.916845 0
034 327.623000 328.916845 0
035 333.710000 395.489197 11
036 343.710000 328.354614 8
037 353.913000 367.657126 8
038 362.483000 372.262644 12
039 374.999000 376.517258 8
040 385.304000 384.983926 27
041 395.507000 395.192685 20
042 405.814000 406.392470 52
043 416.151000 394.974137 15
044 426.151000 426.323260 12
045 436.526000 436.700144 33
046 446.591000 444.151573 13
047 454.821000 454.775072 24
048 464.821000 464.775072 0
049 473.425000 474.775072 0
050 483.288000 483.304987 20
051 493.185000 493.736513 34
052 502.674000 502.900100 33
053 512.129000 512.083047 15
054 521.822000 521.844107 19
055 532.195000 530.343008 8
056 540.665000 540.343008 0
057 550.665000 550.343008 0
058 560.936000 561.946754 20
059 570.219000 569.741394 25
060 580.219000 579.767341 19
061 590.965000 588.686550 13
062 600.454000 600.524655 27
063 610.340000 611.647378 27
064 620.425000 620.927978 46
065 630.553000 630.642891 25
066 641.140000 640.642891 0
067 650.220000 650.642891 0
068 660.064000 660.088831 38
069 670.064000 670.088831 0
070 679.938000 679.243246 28
071 689.580000 689.998532 49
072 699.835000 699.822441 13
073 709.835000 709.287794 25
074 719.292000 719.287794 0
075 729.031000 729.125686 16
076 738.875000 738.800449 17
077 748.746000 749.152807 17
078 758.152000 758.023558 33
079 767.529000 805.068283 16
080 777.609000 815.068283 0
081 787.844000 788.097621 25
082 798.130000 798.480138 33
083 808.001000 807.924673 21
084 818.288000 818.501836 40
085 828.471000 827.706787 28
086 837.900000 805.571523 8
087 848.134000 848.664341 17
088 857.721000 857.531866 18
089 866.734000 867.268931 15
090 875.852000 876.420318 29
091 885.852000 885.768095 22
092 894.867000 866.717717 8
093 904.998000 905.158365 21
094 914.582000 914.342182 24
095 924.168000 925.003965 23
096 934.168000 934.107831 25
097 943.521000 944.107831 0
098 952.743000 951.799674 27
099 962.718000 962.588936 23
100 972.147000 972.780005 28
101 982.147000 982.123060 41
102 991.915000 991.828336 32
103 1002.124000 1001.024432 25
104 1012.593000 1011.024432 0
105 1022.696000 1021.024432 0
106 1032.179000 1032.562302 23
107 1041.271000 1041.524417 33
108 1051.090000 1051.386209 34
109 1061.324000 1061.411253 13
110 1071.092000 1071.098122 28
111 1081.067000 1081.098122 0
112 1090.341000 1090.477069 14
113 1100.264000 1101.348154 21
114 1110.601000 1110.615772 30
115 1120.188000 1120.032064 21
116 1129.695000 1129.359223 22
117 1139.543000 1140.260232 26
118 1148.939000 1148.737021 28
119 1159.306000 1159.600569 19
120 1168.955000 1169.013463 26
121 1178.580000 1179.013463 0
122 1188.580000 1189.013463 0
123 1198.222000 1199.292913 22
124 1208.379000 1208.508861 25
125 1218.491000 1219.806977 17
126 1228.491000 1228.047508 18
127 1237.938000 1237.448356 21
128 1248.097000 1274.540421 11
129 1257.411000 1284.540421 0
130 1267.338000 1267.237157 16
131 1277.474000 1277.578710 22
132 1287.371000 1286.571848 16
133 1295.957000 1295.602452 11
134 1306.140000 1306.202933 22
135 1316.557000 1339.404776 8
136 1325.905000 1325.620085 20
137 1336.205000 1336.268119 33
138 1346.205000 1345.738413 37
139 1355.472000 1355.075146 27
140 1365.786000 1365.075146 0
141 1375.106000 1338.252230 10
142 1384.732000 1341.016401 11
143 1394.373000 1394.260357 25
144 1403.969000 1404.042353 33
145 1413.772000 1412.265642 18
146 1423.807000 1421.461704 14
147 1432.759000 1431.461704 0
148 1442.185000 1443.107511 15
149 1452.185000 1452.323215 37
150 1461.552000 1461.167834 17
151 1469.403000 1468.286101 11
152 1481.218000 1481.896881 20
153 1491.130000 1490.700969 18
154 1501.296000 1502.104759 9
155 1511.430000 1512.049718 11
156 1521.754000 1521.682224 9
157 1531.842000 1531.305389 8
158 1540.884000 1541.305389 0
159 1551.794000 1551.866712 19
160 1561.076000 1561.460078 31
161 1570.996000 1571.142185 15
162 1580.996000 1581.555401 27
163 1590.875000 1588.670818 8
164 1600.220000 1662.082377 8
165 1609.660000 1672.082377 0
166 1616.952000 1617.102734 19
167 1627.628000 1630.663706 19
168 1638.073000 1638.391384 37
169 1647.976000 1648.164299 15
170 1659.699000 1658.164299 0
171 1669.718000 1669.362094 28
172 1680.298000 1680.023215 32
173 1690.007000 1689.646778 26
174 1700.007000 1699.805682 38
175 1710.047000 1710.751756 24
176 1719.833000 1720.132058 27
177 1729.931000 1730.180887 27
178 1740.105000 1740.076565 25
179 1750.008000 1749.972524 33
180 1759.659000 1759.557052 18
181 1768.983000 1769.325750 13
182 1778.325000 1777.763039 14
183 1786.836000 1785.136828 13
184 1796.991000 1795.136828 0
185 1806.991000 1807.413410 29
186 1817.339000 1817.434299 17
187 1826.856000 1826.824093 58
188 1836.740000 1837.466516 20
189 1847.455000 1847.466516 0
190 1858.635000 1860.561744 8
191 1868.326000 1870.053702 18
192 1878.248000 1878.837940 28
193 1887.920000 1887.486590 36
194 1897.340000 1896.068100 27
195 1905.560000 1904.581413 11
196 1915.773000 1914.581413 0
197 1925.308000 1925.720117 29
198 1935.308000 1935.984281 12
199 1945.308000 1945.834741 21
200 1955.077000 1954.181063 18
201 1964.709000 1964.181063 0
202 1974.265000 1974.181063 0
203 1984.091000 1984.957095 37
204 1994.419000 1994.215329 13
205 2003.917000 2003.404155 19
206 2014.342000 2013.494655 9
207 2024.342000 2024.711375 25
208 2034.748000 2020.610190 8
209 2044.497000 2044.960865 18
210 2052.930000 2055.950020 9
211 2063.510000 2063.628870 22
212 2073.510000 2073.076931 34
213 2083.181000 2083.155316 29
214 2092.775000 2090.708527 17
215 2102.699000 2102.997013 25
216 2113.085000 2113.523403 15
217 2122.582000 2122.821430 36
218 2132.582000 2207.505891 13
219 2142.621000 2142.871763 23
220 2152.621000 2144.299371 14
221 2162.408000 2162.678011 23
222 2171.964000 2171.884112 27
223 2181.132000 2180.627830 19
224 2192.079000 2192.675763 19
225 2201.906000 2201.703124 31
226 2212.564000 2208.483984 13
227 2222.486000 2222.268081 36
228 2231.635000 2231.561054 22
229 2240.552000 2240.084346 18
230 2248.869000 2248.876761 10
231 2259.720000 2260.190860 24
232 2269.584000 2301.909139 9
233 2279.663000 2279.645662 14
234 2289.295000 2289.442635 33
235 2299.140000 2298.130877 32
236 2308.309000 2308.262758 40
237 2318.309000 2317.145586 13
238 2328.433000 2328.268559 18
239 2338.700000 2338.588122 36
240 2348.841000 2348.588122 0
241 2357.638000 2357.974889 22
242 2367.556000 2366.830094 21
243 2377.556000 2375.900400 16
244 2387.492000 2387.527708 33
245 2397.492000 2397.527708 0
246 2407.245000 2407.129725 49
247 2416.888000 2416.993800 28
248 2426.625000 2426.360052 36
249 2436.625000 2436.727925 35
250 2446.625000 2445.503753 16
251 2455.791000 2476.554900 11
252 2465.563000 2465.120887 10
253 2475.219000 2475.624163 48
254 2484.752000 2484.298726 26
255 2494.345000 2494.157013 13
256 2503.590000 2503.155360 20
257 2513.327000 2502.215036 8
258 2522.425000 2532.548504 9
259 2532.425000 2533.981040 25
260 2542.010000 2542.759573 21
261 2551.132000 2551.431285 30
262 2560.594000 2558.810507 31
263 2569.813000 2568.885634 16
264 2579.056000 2578.885634 0
265 2588.033000 2587.513656 32
266 2597.181000 2597.205341 13
267 2607.181000 2607.176661 20
268 2616.802000 2616.077749 30
269 2625.949000 2625.775687 29
270 2635.336000 2635.775687 0
271 2645.336000 2646.109842 18
272 2654.752000 2710.411894 11
273 2664.938000 2665.366183 18
274 2673.879000 2672.733579 14
275 2684.329000 2683.085425 16
276 2693.608000 2692.919914 27
277 2703.396000 2703.305916 23
278 2712.325000 2713.100093 13
279 2723.233000 2723.686014 38
280 2733.586000 2733.458775 18
281 2743.313000 2742.864023 23
282 2753.123000 2752.864023 0
283 2760.110000 2760.329659 19
284 2770.319000 2771.608630 13
285 2780.069000 2780.141744 28
286 2790.069000 2789.725440 18
287 2800.298000 2798.611222 14
288 2810.104000 2810.137976 32
289 2819.480000 2819.934802 28
290 2829.025000 2827.101063 24
291 2839.102000 2839.971366 15
292 2849.021000 2849.020617 23
293 2858.916000 2858.871026 19
294 2869.329000 2868.871026 0
295 2877.668000 2878.871026 0
296 2887.442000 2887.669497 26
297 2897.795000 2897.605689 33
298 2907.293000 2907.222949 24
299 2917.175000 2917.190177 34
300 2926.998000 2924.079505 12
301 2935.746000 2931.873299 10
302 2945.436000 2944.529684 11
303 2955.356000 2957.015814 17
304 2964.522000 2964.066733 21
305 2974.983000 2974.896993 16
306 2985.603000 2984.865814 26
307 2995.729000 2994.865814 0
308 3006.629000 3005.932460 22
309 3014.953000 3015.403079 22
310 3024.823000 3023.721652 27
311 3034.477000 3034.430091 15
312 3043.168000 3079.604198 12
313 3051.342000 3051.387181 28
314 3061.468000 3061.110625 19
315 3071.381000 3071.121257 26
316 3080.242000 3080.348607 23
317 3090.518000 3088.878338 16
318 3099.379000 3099.462483 31
319 3109.614000 3108.556754 21
320 3119.010000 3118.718201 10
321 3128.279000 3128.828219 30
322 3137.870000 3136.428791 28
323 3146.021000 3146.467290 30
324 3155.866000 3155.226657 43
325 3165.193000 3163.756313 14
326 3174.701000 3173.756313 0
327 3184.357000 3184.310893 21
328 3194.357000 3195.202807 21
329 3204.267000 3204.210967 22
330 3213.801000 3213.898663 27
331 3224.560000 3224.370838 19
332 3234.264000 3231.444503 11
333 3244.615000 3244.183429 20
334 3253.814000 3254.863528 19
335 3263.814000 3263.833332 23
336 3273.940000 3273.941336 39
337 3283.138000 3282.741123 14
338 3294.383000 3292.741123 0
339 3302.959000 3303.103251 13
340 3312.556000 3313.103251 0
341 3323.005000 3326.300658 18
342 3334.161000 3333.724229 17
343 3344.480000 3344.238575 24
344 3354.582000 3354.238575 0
345 3364.582000 3364.968112 25
346 3374.424000 3374.530342 18
347 3384.424000 3385.089720 20
348 3394.511000 3394.582402 29
349 3404.275000 3403.558353 22
350 3414.420000 3413.558353 0
351 3423.839000 3423.558353 0
352 3434.227000 3433.468860 16
353 3443.973000 3443.847739 33
354 3454.135000 3454.219554 27
355 3463.796000 3463.535184 44
356 3473.317000 3473.535184 0
357 3483.002000 3482.864574 20
358 3491.710000 3492.170361 24
359 3501.231000 3501.365138 22
360 3511.079000 3510.709098 35
361 3520.698000 3520.621906 41
362 3530.154000 3528.064761 10
363 3539.741000 3539.745934 28
364 3549.838000 3549.745934 0
365 3559.823000 3560.083722 11
366 3571.457000 3571.500738 16
367 3581.369000 3578.025642 22
368 3590.500000 3591.088349 15
369 3600.241000 3601.088349 0
370 3610.648000 3609.987137 15
371 3620.496000 3620.035557 11
372 3631.869000 3631.389314 37
373 3640.968000 3640.753973 27
374 3651.042000 3649.978249 12
375 3660.726000 3660.543341 8
376 3667.063000 3665.041624 15
377 3675.057000 3677.098465 8
378 3686.171000 3685.568144 19
379 3694.652000 3695.568144 0
380 3705.060000 3708.097395 12
381 3715.001000 3712.682131 33
382 3725.044000 3711.821962 29
383 3733.674000 3721.821962 0
384 3743.809000 3744.211566 23
385 3753.461000 3753.536275 33
386 3763.193000 3762.985404 22
387 3772.288000 3756.612961 8
388 3781.697000 3782.359261 32
389 3791.239000 3791.098970 39
390 3799.153000 3801.291792 16
391 3809.153000 3809.775870 17
392 3818.946000 3857.498161 10
393 3828.946000 3823.319588 10
394 3839.290000 3839.408738 36
395 3849.127000 3849.247960 24
396 3859.366000 3858.640019 25
397 3869.880000 3869.916842 29
398 3879.793000 3879.559387 23
399 3889.165000 3888.929472 25
400 3898.538000 3900.501068 22
401 3908.473000 3908.649245 18
402 3918.296000 3918.363592 33
403 3928.034000 3927.847808 12
404 3937.025000 3936.382627 21
405 3945.670000 3945.429345 29
406 3954.797000 3953.212577 14
407 3963.756000 3963.894213 30
408 3975.048000 3974.888724 27
409 3981.645000 3984.888724 0
410 3992.690000 3992.654872 32
411 4002.457000 4002.382241 27
412 4011.982000 4010.927037 29
413 4021.430000 4022.023598 15
414 4030.624000 4031.185908 22
415 4040.513000 4040.421644 23
416 4049.727000 4048.238240 27
417 4058.371000 4055.355425 10
418 4068.258000 4067.002158 15
419 4076.974000 4118.650850 13
420 4085.661000 4085.401611 10
421 4096.585000 4097.021442 19
422 4105.894000 4106.051686 45
423 4115.448000 4114.534907 22
424 4123.311000 4122.467127 26
425 4132.804000 4132.086368 18
426 4142.148000 4142.382300 38
427 4151.574000 4151.144809 18
428 4160.897000 4160.337297 23
429 4170.041000 4170.450738 25
430 4180.202000 4179.522935 30
431 4189.466000 4189.179654 36
432 4198.878000 4199.995386 18
433 4208.352000 4207.881326 30
434 4218.124000 4218.375671 43
435 4228.124000 4227.569783 32
436 4237.399000 4236.910079 17
437 4245.914000 4245.791761 27
438 4255.326000 4257.811741 19
439 4264.948000 4264.570725 27
440 4274.331000 4274.776709 41
441 4284.331000 4284.754712 30
442 4294.866000 4294.567675 31
443 4304.488000 4304.016468 45
444 4314.081000 4302.245376 12
445 4323.524000 4325.074811 11
446 4333.314000 4333.486008 35
447 4342.679000 4343.325183 33
448 4351.252000 4352.763448 23
449 4361.175000 4360.478247 29
450 4371.247000 4385.032603 9
451 4380.061000 4380.416793 14
452 4388.724000 4388.211721 28
453 4397.957000 4398.194871 23
454 4408.286000 4408.481347 17
455 4418.401000 4417.538949 41
456 4427.665000 4426.956336 8
457 4437.586000 4438.171897 28
458 4447.586000 4447.774858 36
459 4457.586000 4456.766033 31
460 4466.965000 4467.192563 43
461 4476.557000 4475.858841 15
462 4485.941000 4485.219147 17
463 4495.941000 4526.769136 15
464 4504.556000 4536.769136 0
465 4514.556000 4546.769136 0
466 4524.310000 4521.626373 13
467 4532.555000 4532.501916 11
468 4542.555000 4538.930907 16
469 4551.201000 4550.778561 37
470 4561.332000 4561.195965 16
471 4572.125000 4647.910770 9
472 4581.268000 4584.453460 16
473 4590.771000 4590.821359 28
474 4600.003000 4641.766973 15
475 4610.003000 4609.893656 30
476 4619.399000 4576.532009 19
477 4627.343000 4628.259324 16
478 4636.335000 4636.668638 41
479 4646.109000 4645.325451 29
480 4655.421000 4654.815963 24
481 4665.421000 4664.989943 41
