001 0.000000 -0.155239 95
002 10.000000 9.981369 32
003 20.000000 20.591200 21
004 30.000000 29.665541 32
005 39.500000 39.482471 26
006 49.500000 49.440483 50
007 59.500000 59.389452 28
008 69.500000 69.468078 58
009 79.500000 79.464799 35
010 89.500000 89.488548 63
011 99.500000 99.582066 63
012 109.500000 109.497486 68
013 119.495000 119.524205 62
014 129.495000 129.393326 84
015 139.495000 139.555657 78
016 149.495000 149.502152 61
017 159.495000 159.503199 94
018 169.495000 169.461578 63
019 179.496000 179.549568 79
020 189.496000 189.550136 77
021 199.496000 199.457981 89
022 209.496000 209.593082 62
023 219.496000 219.452955 66
024 229.496000 229.315311 40
025 239.496000 229.517715 27
026 249.496000 250.182653 22
027 257.833000 259.968945 16
028 268.070000 269.218275 23
029 278.273000 277.696716 30
030 288.681000 287.866853 20
031 299.870000 300.710805 34
032 309.155000 308.946239 22
033 319.459000 318.946239 0
034 327.623000 328.946239 0
035 333.710000 395.368428 10
036 343.710000 405.368428 0
037 353.913000 367.657126 8
038 362.483000 372.262644 12
039 374.999000 454.364789 9
040 385.304000 384.992056 29
041 395.507000 395.704487 20
042 405.814000 406.283401 53
043 416.151000 394.643318 16
044 426.151000 404.643318 0
045 436.526000 436.960522 33
046 446.591000 444.130976 15
047 454.821000 454.775072 24
048 464.821000 453.961545 8
049 473.425000 463.961545 0
050 483.288000 483.304987 20
051 493.185000 493.635247 32
052 502.674000 503.834654 33
053 512.129000 512.083047 15
054 521.822000 521.880200 20
055 532.195000 530.929920 8
056 540.665000 540.929920 0
057 550.665000 555.191141 11
058 560.936000 561.694155 17
059 570.219000 570.607550 29
060 580.219000 579.926211 20
061 590.965000 625.111666 14
062 600.454000 600.513313 27
063 610.340000 611.507325 26
064 620.425000 620.589908 48
065 630.553000 630.805782 23
066 641.140000 626.658886 8
067 650.220000 636.658886 0
068 660.064000 660.278717 36
069 670.064000 670.278717 0
070 679.938000 679.357219 27
071 689.580000 689.695889 50
072 699.835000 699.822441 13
073 709.835000 709.374534 22
074 719.292000 719.374534 0
075 729.031000 729.367590 16
076 738.875000 738.815498 18
077 748.746000 748.924652 16
078 758.152000 758.023558 33
079 767.529000 804.839846 15
080 777.609000 814.839846 0
081 787.844000 788.422823 25
082 798.130000 798.481396 34
083 808.001000 807.914819 22
084 818.288000 818.607118 40
085 828.471000 827.836764 28
086 837.900000 805.571523 8
087 848.134000 848.980115 13
088 857.721000 857.108374 18
089 866.734000 867.094826 15
090 875.852000 876.188720 28
091 885.852000 885.778411 21
092 894.867000 870.475273 9
093 904.998000 905.133188 23
094 914.582000 914.443044 22
095 924.168000 925.003072 22
096 934.168000 933.777314 27
097 943.521000 938.776561 8
098 952.743000 952.179693 23
099 962.718000 962.739961 23
100 972.147000 972.555541 30
101 982.147000 982.137975 36
102 991.915000 991.828336 32
103 1002.124000 1001.274367 24
104 1012.593000 1011.274367 0
105 1022.696000 1022.199750 15
106 1032.179000 1032.519475 25
107 1041.271000 1041.528983 32
108 1051.090000 1051.442971 32
109 1061.324000 1061.618743 21
110 1071.092000 1070.901195 29
111 1081.067000 1080.901195 0
112 1090.341000 1164.231369 12
113 1100.264000 1101.270444 19
114 1110.601000 1110.435251 36
115 1120.188000 1120.030384 22
116 1129.695000 1129.314018 22
117 1139.543000 1140.088664 26
118 1148.939000 1148.773986 20
119 1159.306000 1159.497504 20
120 1168.955000 1169.094286 25
121 1178.580000 1179.094286 0
122 1188.580000 1189.094286 0
123 1198.222000 1198.366040 24
124 1208.379000 1208.511181 24
125 1218.491000 1219.790232 18
126 1228.491000 1227.652750 16
127 1237.938000 1237.421985 20
128 1248.097000 1275.530350 11
129 1257.411000 1259.632997 9
130 1267.338000 1267.202974 12
131 1277.474000 1277.670310 13
132 1287.371000 1287.087327 14
133 1295.957000 1297.087327 0
134 1306.140000 1305.844521 22
135 1316.557000 1315.844521 0
136 1325.905000 1325.604486 21
137 1336.205000 1336.298538 38
138 1346.205000 1345.472038 37
139 1355.472000 1355.434461 25
140 1365.786000 1365.434461 0
141 1375.106000 1338.443138 9
142 1384.732000 1340.762269 10
143 1394.373000 1394.311413 24
144 1403.969000 1404.140674 34
145 1413.772000 1412.576276 19
146 1423.807000 1421.767234 14
147 1432.759000 1451.349529 9
148 1442.185000 1443.112839 15
149 1452.185000 1452.139371 37
150 1461.552000 1461.309290 16
151 1469.403000 1468.095194 12
152 1481.218000 1481.830761 21
153 1491.130000 1490.727167 19
154 1501.296000 1500.727167 0
155 1511.430000 1511.430424 12
156 1521.754000 1521.705146 8
157 1531.842000 1531.340037 9
158 1540.884000 1541.340037 0
159 1551.794000 1551.270704 17
160 1561.076000 1561.447102 32
161 1570.996000 1571.526523 22
162 1580.996000 1581.306513 31
163 1590.875000 1591.306513 0
164 1600.220000 1662.368478 12
165 1609.660000 1672.368478 0
166 1616.952000 1617.109302 22
167 1627.628000 1630.258979 19
168 1638.073000 1638.166181 37
169 1647.976000 1648.150294 16
170 1659.699000 1658.150294 0
171 1669.718000 1669.574437 30
172 1680.298000 1680.091862 31
173 1690.007000 1690.280225 23
174 1700.007000 1699.645345 32
175 1710.047000 1710.286392 24
176 1719.833000 1719.869678 27
177 1729.931000 1730.026891 28
178 1740.105000 1740.176786 26
179 1750.008000 1749.973315 34
180 1759.659000 1759.562955 19
181 1768.983000 1769.403525 17
182 1778.325000 1777.984752 13
183 1786.836000 1786.131239 17
184 1796.991000 1796.131239 0
185 1806.991000 1807.312466 29
186 1817.339000 1818.019853 18
187 1826.856000 1826.952099 56
188 1836.740000 1837.565079 18
189 1847.455000 1847.565079 0
190 1858.635000 1829.428227 11
191 1868.326000 1870.027515 21
192 1878.248000 1878.460763 28
193 1887.920000 1887.570521 36
194 1897.340000 1896.025782 25
195 1905.560000 1904.754757 10
196 1915.773000 1914.754757 0
197 1925.308000 1925.702521 30
198 1935.308000 1936.555822 13
199 1945.308000 1945.603155 22
200 1955.077000 1954.644673 17
201 1964.709000 1964.824229 10
202 1974.265000 1974.824229 0
203 1984.091000 1985.010442 38
204 1994.419000 1994.309501 13
205 2003.917000 2003.354826 19
206 2014.342000 2013.354826 0
207 2024.342000 2024.321869 24
208 2034.748000 2020.091597 8
209 2044.497000 2044.960294 17
210 2052.930000 2054.676605 15
211 2063.510000 2063.503352 20
212 2073.510000 2073.100857 34
213 2083.181000 2083.146377 32
214 2092.775000 2091.464583 18
215 2102.699000 2103.109938 25
216 2113.085000 2113.449454 16
217 2122.582000 2122.984274 32
218 2132.582000 2132.650092 10
219 2142.621000 2142.934629 23
220 2152.621000 2145.229273 15
221 2162.408000 2162.228460 22
222 2171.964000 2171.627421 25
223 2181.132000 2180.603598 18
224 2192.079000 2192.411680 20
225 2201.906000 2201.428208 38
226 2212.564000 2211.070903 19
227 2222.486000 2222.261842 35
228 2231.635000 2231.527176 24
229 2240.552000 2240.517720 20
230 2248.869000 2248.837583 11
231 2259.720000 2260.441189 22
232 2269.584000 2301.623343 8
233 2279.663000 2279.346421 9
234 2289.295000 2289.566605 31
235 2299.140000 2298.411772 31
236 2308.309000 2308.354752 44
237 2318.309000 2317.639044 11
238 2328.433000 2327.490417 18
239 2338.700000 2338.522378 33
240 2348.841000 2348.522378 0
241 2357.638000 2357.496636 28
242 2367.556000 2367.172966 22
243 2377.556000 2375.763736 13
244 2387.492000 2387.299004 28
245 2397.492000 2397.299004 0
246 2407.245000 2407.251532 47
247 2416.888000 2416.843990 29
248 2426.625000 2426.390506 36
249 2436.625000 2436.816371 33
250 2446.625000 2445.148531 11
251 2455.791000 2475.982821 13
252 2465.563000 2465.454593 12
253 2475.219000 2475.439247 49
254 2484.752000 2484.300230 28
255 2494.345000 2494.157013 13
256 2503.590000 2503.314418 20
257 2513.327000 2522.449896 11
258 2522.425000 2532.548504 9
259 2532.425000 2533.740998 25
260 2542.010000 2542.683190 23
261 2551.132000 2551.310058 29
262 2560.594000 2558.711612 31
263 2569.813000 2568.791860 14
264 2579.056000 2535.598054 11
265 2588.033000 2587.615973 30
266 2597.181000 2597.280610 16
267 2607.181000 2606.948336 21
268 2616.802000 2615.683754 33
269 2625.949000 2625.614496 29
270 2635.336000 2635.614496 0
271 2645.336000 2645.837465 18
272 2654.752000 2655.240271 10
273 2664.938000 2665.100804 16
274 2673.879000 2671.916942 10
275 2684.329000 2682.732022 12
276 2693.608000 2695.589872 17
277 2703.396000 2703.311990 22
278 2712.325000 2712.783441 15
279 2723.233000 2723.843084 38
280 2733.586000 2733.457514 19
281 2743.313000 2742.864023 23
282 2753.123000 2788.059319 8
283 2760.110000 2760.215169 19
284 2770.319000 2770.795698 13
285 2780.069000 2780.018882 28
286 2790.069000 2789.763168 18
287 2800.298000 2798.692903 14
288 2810.104000 2809.995945 33
289 2819.480000 2819.769876 25
290 2829.025000 2826.862323 25
291 2839.102000 2839.971366 15
292 2849.021000 2849.180135 23
293 2858.916000 2858.566589 21
294 2869.329000 2868.566589 0
295 2877.668000 2878.566589 0
296 2887.442000 2887.850318 25
297 2897.795000 2897.612335 32
298 2907.293000 2907.235383 23
299 2917.175000 2916.986599 36
300 2926.998000 2922.011040 14
301 2935.746000 2932.011040 0
302 2945.436000 2945.272858 12
303 2955.356000 2956.816158 16
304 2964.522000 2963.828852 21
305 2974.983000 2974.896993 16
306 2985.603000 2984.531326 24
307 2995.729000 2994.531326 0
308 3006.629000 3005.353105 26
309 3014.953000 3015.014830 21
310 3024.823000 3025.255192 24
311 3034.477000 3033.935572 17
312 3043.168000 3043.250301 16
313 3051.342000 3051.337354 28
314 3061.468000 3061.258070 20
315 3071.381000 3071.020671 31
316 3080.242000 3079.918923 22
317 3090.518000 3089.561131 15
318 3099.379000 3099.441349 29
319 3109.614000 3108.935094 26
320 3119.010000 3118.935094 0
321 3128.279000 3128.784306 31
322 3137.870000 3136.687532 26
323 3146.021000 3146.467731 27
324 3155.866000 3155.345410 42
325 3165.193000 3163.039219 12
326 3174.701000 3173.039219 0
327 3184.357000 3184.341145 21
328 3194.357000 3195.040128 20
329 3204.267000 3204.463548 23
330 3213.801000 3213.906863 26
331 3224.560000 3224.313795 18
332 3234.264000 3231.931282 9
333 3244.615000 3244.172570 19
334 3253.814000 3254.863528 19
335 3263.814000 3263.814272 22
336 3273.940000 3273.944850 40
337 3283.138000 3282.661467 12
338 3294.383000 3292.661467 0
339 3302.959000 3303.282712 14
340 3312.556000 3313.282712 0
341 3323.005000 3325.956196 19
342 3334.161000 3333.705116 16
343 3344.480000 3343.717126 20
344 3354.582000 3340.215087 8
345 3364.582000 3365.228190 25
346 3374.424000 3374.269491 22
347 3384.424000 3385.362939 21
348 3394.511000 3394.578335 27
349 3404.275000 3403.410995 21
350 3414.420000 3413.410995 0
351 3423.839000 3423.410995 0
352 3434.227000 3433.468860 16
353 3443.973000 3444.033135 31
354 3454.135000 3454.219554 27
355 3463.796000 3463.520769 42
356 3473.317000 3473.520769 0
357 3483.002000 3482.864574 20
358 3491.710000 3492.391721 22
359 3501.231000 3501.178033 21
360 3511.079000 3510.756373 37
361 3520.698000 3520.648004 43
362 3530.154000 3527.764190 11
363 3539.741000 3539.755533 27
364 3549.838000 3549.755533 0
365 3559.823000 3560.095593 10
366 3571.457000 3571.501618 16
367 3581.369000 3578.475158 19
368 3590.500000 3590.887171 14
369 3600.241000 3554.130878 8
370 3610.648000 3609.952599 14
371 3620.496000 3619.525175 12
372 3631.869000 3631.554117 38
373 3640.968000 3640.770702 28
374 3651.042000 3650.130571 16
375 3660.726000 3660.543341 8
376 3667.063000 3664.915087 16
377 3675.057000 3677.098465 8
378 3686.171000 3685.454536 16
379 3694.652000 3695.454536 0
380 3705.060000 3708.097395 12
381 3715.001000 3712.682131 33
382 3725.044000 3711.908446 28
383 3733.674000 3721.908446 0
384 3743.809000 3744.492700 20
385 3753.461000 3753.601435 32
386 3763.193000 3762.976137 23
387 3772.288000 3756.024752 8
388 3781.697000 3782.538526 35
389 3791.239000 3791.096799 40
390 3799.153000 3800.769305 16
391 3809.153000 3809.564040 17
392 3818.946000 3817.669482 10
393 3828.946000 3876.435518 14
394 3839.290000 3839.249784 30
395 3849.127000 3849.241005 25
396 3859.366000 3859.400295 21
397 3869.880000 3870.088559 30
398 3879.793000 3879.609834 23
399 3889.165000 3888.755810 21
400 3898.538000 3900.364829 25
401 3908.473000 3908.822564 17
402 3918.296000 3918.411070 36
403 3928.034000 3927.847808 12
404 3937.025000 3936.259866 17
405 3945.670000 3945.537022 32
406 3954.797000 3951.758240 17
407 3963.756000 3966.112744 20
408 3975.048000 3974.890859 30
409 3981.645000 3987.219091 8
410 3992.690000 3992.582893 27
411 4002.457000 4002.386635 26
412 4011.982000 4010.056363 25
413 4021.430000 4021.876717 17
414 4030.624000 4031.248870 20
415 4040.513000 4040.522636 23
416 4049.727000 4048.399078 27
417 4058.371000 4056.120741 9
418 4068.258000 4067.101183 16
419 4076.974000 4119.059167 13
420 4085.661000 4023.446366 8
421 4096.585000 4097.015288 19
422 4105.894000 4106.332180 41
423 4115.448000 4114.193906 20
424 4123.311000 4122.899802 26
425 4132.804000 4132.645287 16
426 4142.148000 4143.263330 39
427 4151.574000 4151.075255 17
428 4160.897000 4160.072953 22
429 4170.041000 4170.465035 24
430 4180.202000 4179.522529 30
431 4189.466000 4188.208331 29
432 4198.878000 4199.826318 18
433 4208.352000 4207.848772 25
434 4218.124000 4218.504465 39
435 4228.124000 4227.697787 30
436 4237.399000 4237.051949 17
437 4245.914000 4245.913225 29
438 4255.326000 4257.811741 19
439 4264.948000 4264.570294 28
440 4274.331000 4274.726486 42
441 4284.331000 4284.687294 32
442 4294.866000 4294.567675 31
443 4304.488000 4303.810888 41
444 4314.081000 4302.027747 10
445 4323.524000 4324.573809 13
446 4333.314000 4333.412487 37
447 4342.679000 4343.454202 34
448 4351.252000 4352.277984 23
449 4361.175000 4360.328665 30
450 4371.247000 4370.328665 0
451 4380.061000 4380.328665 0
452 4388.724000 4388.160547 27
453 4397.957000 4398.476790 23
454 4408.286000 4408.258829 19
455 4418.401000 4417.577597 43
456 4427.665000 4427.577597 0
457 4437.586000 4438.225036 30
458 4447.586000 4447.260217 40
459 4457.586000 4456.999945 31
460 4466.965000 4467.242207 41
461 4476.557000 4476.280949 15
462 4485.941000 4521.945665 10
463 4495.941000 4527.499487 13
464 4504.556000 4537.499487 0
465 4514.556000 4515.262442 12
466 4524.310000 4522.522065 14
467 4532.555000 4531.573432 12
468 4542.555000 4538.540827 17
469 4551.201000 4550.597547 38
470 4561.332000 4562.384460 14
471 4572.125000 4572.384460 0
472 4581.268000 4584.162477 14
473 4590.771000 4591.121365 23
474 4600.003000 4643.871525 16
475 4610.003000 4610.397741 34
476 4619.399000 4576.325497 16
477 4627.343000 4628.487673 15
478 4636.335000 4636.598850 40
479 4646.109000 4644.962954 31
480 4655.421000 4654.679293 28
481 4665.421000 4664.989943 41
