001 0.000000 -0.155239 95
002 10.000000 9.981369 32
003 20.000000 20.591200 21
004 30.000000 29.547016 32
005 39.500000 39.482471 26
006 49.500000 49.447814 51
007 59.500000 59.389452 28
008 69.500000 69.469551 59
009 79.500000 79.462870 35
010 89.500000 89.496469 64
011 99.500000 99.576382 66
012 109.500000 109.497250 67
013 119.495000 119.524521 63
014 129.495000 129.393326 84
015 139.495000 139.513409 77
016 149.495000 149.496186 62
017 159.495000 159.503199 94
018 169.495000 169.462507 60
019 179.496000 179.549568 79
020 189.496000 189.548447 79
021 199.496000 199.457981 89
022 209.496000 209.588590 65
023 219.496000 219.421930 65
024 229.496000 229.310158 40
025 239.496000 240.452814 31
026 249.496000 250.280952 23
027 257.833000 259.157612 21
028 268.070000 269.267741 22
029 278.273000 277.444327 32
030 288.681000 283.657076 12
031 299.870000 300.927775 33
032 309.155000 308.853890 22
033 319.459000 318.853890 0
034 327.623000 328.853890 0
035 333.710000 338.853890 0
036 343.710000 348.853890 0
037 353.913000 367.320043 9
038 362.483000 372.048173 11
039 374.999000 376.517258 8
040 385.304000 384.719402 27
041 395.507000 395.702282 20
042 405.814000 406.298621 52
043 416.151000 394.463121 17
044 426.151000 426.093814 17
045 436.526000 436.552294 31
046 446.591000 444.109675 12
047 454.821000 454.926855 21
048 464.821000 485.340996 11
049 473.425000 500.468628 8
050 483.288000 483.805528 14
051 493.185000 493.926878 35
052 502.674000 503.179270 31
053 512.129000 512.083047 15
054 521.822000 521.881775 22
055 532.195000 531.881775 0
056 540.665000 541.881775 0
057 550.665000 555.344036 10
058 560.936000 561.694155 17
059 570.219000 570.296865 28
060 580.219000 579.812039 22
061 590.965000 625.326982 13
062 600.454000 600.511174 27
063 610.340000 611.213835 27
064 620.425000 620.677597 50
065 630.553000 630.839358 21
066 641.140000 640.839358 0
067 650.220000 650.839358 0
068 660.064000 660.434619 34
069 670.064000 670.434619 0
070 679.938000 679.709315 27
071 689.580000 689.589418 46
072 699.835000 699.793294 11
073 709.835000 709.228226 25
074 719.292000 719.228226 0
075 729.031000 729.160084 19
076 738.875000 738.796358 16
077 748.746000 749.397379 17
078 758.152000 758.023558 33
079 767.529000 804.152778 14
080 777.609000 778.133762 9
081 787.844000 788.215071 26
082 798.130000 798.492732 32
083 808.001000 807.771484 22
084 818.288000 818.612098 39
085 828.471000 828.351367 27
086 837.900000 805.571523 8
087 848.134000 848.793645 18
088 857.721000 857.504024 19
089 866.734000 867.095806 15
090 875.852000 876.179971 28
091 885.852000 885.755344 21
092 894.867000 869.582059 8
093 904.998000 905.115364 23
094 914.582000 914.427790 22
095 924.168000 924.965350 24
096 934.168000 934.108453 28
097 943.521000 944.108453 0
098 952.743000 952.164654 23
099 962.718000 962.632042 23
100 972.147000 972.562360 29
101 982.147000 982.171595 40
102 991.915000 991.788436 33
103 1002.124000 1001.177154 21
104 1012.593000 1011.177154 0
105 1022.696000 1021.177154 0
106 1032.179000 1032.771820 25
107 1041.271000 1041.684385 31
108 1051.090000 1051.458646 29
109 1061.324000 1061.643251 20
110 1071.092000 1070.827658 28
111 1081.067000 1080.827658 0
112 1090.341000 1090.196069 15
113 1100.264000 1101.405725 21
114 1110.601000 1110.205315 32
115 1120.188000 1120.044245 24
116 1129.695000 1129.478625 24
117 1139.543000 1140.088664 26
118 1148.939000 1148.875489 28
119 1159.306000 1159.283477 24
120 1168.955000 1169.022639 28
121 1178.580000 1179.022639 0
122 1188.580000 1189.022639 0
123 1198.222000 1198.946069 24
124 1208.379000 1208.474042 21
125 1218.491000 1220.383931 17
126 1228.491000 1228.753230 16
127 1237.938000 1237.439319 20
128 1248.097000 1274.508496 10
129 1257.411000 1259.889056 9
130 1267.338000 1267.236766 16
131 1277.474000 1277.625642 14
132 1287.371000 1286.746677 17
133 1295.957000 1294.809425 8
134 1306.140000 1305.548696 14
135 1316.557000 1315.548696 0
136 1325.905000 1325.815073 19
137 1336.205000 1336.196824 37
138 1346.205000 1345.969071 31
139 1355.472000 1355.264512 24
140 1365.786000 1409.638936 9
141 1375.106000 1419.638936 0
142 1384.732000 1459.101703 8
143 1394.373000 1394.282892 23
144 1403.969000 1404.108996 35
145 1413.772000 1412.403109 16
146 1423.807000 1421.729522 15
147 1432.759000 1431.729522 0
148 1442.185000 1443.289619 18
149 1452.185000 1452.210609 39
150 1461.552000 1461.002284 18
151 1469.403000 1467.443765 12
152 1481.218000 1482.033362 23
153 1491.130000 1490.698703 18
154 1501.296000 1502.068559 12
155 1511.430000 1512.030449 12
156 1521.754000 1522.030449 0
157 1531.842000 1531.721768 10
158 1540.884000 1541.721768 0
159 1551.794000 1551.257237 16
160 1561.076000 1561.482817 30
161 1570.996000 1570.978862 19
162 1580.996000 1581.320203 27
163 1590.875000 1591.320203 0
164 1600.220000 1601.320203 0
165 1609.660000 1611.320203 0
166 1616.952000 1617.359207 23
167 1627.628000 1630.405274 18
168 1638.073000 1638.430543 33
169 1647.976000 1648.150294 16
170 1659.699000 1658.150294 0
171 1669.718000 1669.367560 31
172 1680.298000 1680.695351 16
173 1690.007000 1689.578214 24
174 1700.007000 1699.822708 32
175 1710.047000 1710.153079 22
176 1719.833000 1720.215156 29
177 1729.931000 1730.020179 22
178 1740.105000 1740.076565 25
179 1750.008000 1749.958046 36
180 1759.659000 1759.567501 19
181 1768.983000 1769.668166 13
182 1778.325000 1776.677264 14
183 1786.836000 1785.490290 11
184 1796.991000 1799.995787 8
185 1806.991000 1807.571746 27
186 1817.339000 1817.435864 18
187 1826.856000 1826.876075 56
188 1836.740000 1837.466516 20
189 1847.455000 1847.466516 0
190 1858.635000 1860.561744 8
191 1868.326000 1869.494616 20
192 1878.248000 1878.616967 25
193 1887.920000 1887.432452 38
194 1897.340000 1896.333889 24
195 1905.560000 1904.904518 15
196 1915.773000 1918.487239 17
197 1925.308000 1925.664115 28
198 1935.308000 1936.584281 10
199 1945.308000 1945.683457 22
200 1955.077000 1954.766634 16
201 1964.709000 1964.758598 11
202 1974.265000 1974.758598 0
203 1984.091000 1984.119738 35
204 1994.419000 2073.128414 13
205 2003.917000 2003.025787 22
206 2014.342000 2013.362880 8
207 2024.342000 2024.707397 24
208 2034.748000 2034.707397 0
209 2044.497000 2044.263858 19
210 2052.930000 2054.676605 15
211 2063.510000 2063.165706 19
212 2073.510000 2073.119264 34
213 2083.181000 2083.260653 30
214 2092.775000 2092.090280 20
215 2102.699000 2102.947949 29
216 2113.085000 2113.504545 14
217 2122.582000 2122.912022 30
218 2132.582000 2207.794621 12
219 2142.621000 2142.893370 22
220 2152.621000 2145.797518 11
221 2162.408000 2162.606392 24
222 2171.964000 2171.789147 27
223 2181.132000 2180.528518 17
224 2192.079000 2192.675763 19
225 2201.906000 2201.575035 39
226 2212.564000 2210.348276 19
227 2222.486000 2222.139257 35
228 2231.635000 2231.581091 22
229 2240.552000 2240.237739 20
230 2248.869000 2248.913061 11
231 2259.720000 2259.802454 22
232 2269.584000 2267.170813 9
233 2279.663000 2279.666142 16
234 2289.295000 2289.484098 30
235 2299.140000 2298.192315 31
236 2308.309000 2308.501762 42
237 2318.309000 2317.148023 12
238 2328.433000 2327.531101 19
239 2338.700000 2338.405439 38
240 2348.841000 2348.405439 0
241 2357.638000 2357.800849 24
242 2367.556000 2367.424169 21
243 2377.556000 2374.601763 13
244 2387.492000 2387.528766 33
245 2397.492000 2409.742014 9
246 2407.245000 2406.964754 45
247 2416.888000 2416.868927 25
248 2426.625000 2426.309102 37
249 2436.625000 2436.832481 32
250 2446.625000 2445.381313 14
251 2455.791000 2476.623800 14
252 2465.563000 2465.259488 15
253 2475.219000 2475.508761 48
254 2484.752000 2484.327112 28
255 2494.345000 2494.157013 13
256 2503.590000 2503.289291 19
257 2513.327000 2522.449896 11
258 2522.425000 2532.414845 8
259 2532.425000 2534.000328 18
260 2542.010000 2542.656345 24
261 2551.132000 2551.294513 28
262 2560.594000 2558.783872 32
263 2569.813000 2568.482304 15
264 2579.056000 2578.482304 0
265 2588.033000 2587.474064 33
266 2597.181000 2597.110767 13
267 2607.181000 2606.937030 19
268 2616.802000 2616.085075 29
269 2625.949000 2625.502816 30
270 2635.336000 2614.229294 9
271 2645.336000 2645.837465 18
272 2654.752000 2655.735887 12
273 2664.938000 2665.309589 17
274 2673.879000 2672.104466 11
275 2684.329000 2682.041412 14
276 2693.608000 2691.810295 22
277 2703.396000 2703.311990 22
278 2712.325000 2713.081204 14
279 2723.233000 2723.950208 35
280 2733.586000 2733.457514 19
281 2743.313000 2743.143143 23
282 2753.123000 2753.143143 0
283 2760.110000 2760.251355 15
284 2770.319000 2770.850211 13
285 2780.069000 2780.301748 29
286 2790.069000 2789.788120 19
287 2800.298000 2798.777915 11
288 2810.104000 2809.914093 31
289 2819.480000 2819.757200 26
290 2829.025000 2827.099787 24
291 2839.102000 2839.971366 15
292 2849.021000 2849.185367 21
293 2858.916000 2858.886674 20
294 2869.329000 2868.886674 0
295 2877.668000 2878.886674 0
296 2887.442000 2887.928805 22
297 2897.795000 2897.513439 34
298 2907.293000 2907.241380 23
299 2917.175000 2916.954207 34
300 2926.998000 2924.580657 16
301 2935.746000 2932.100777 9
302 2945.436000 2945.330394 11
303 2955.356000 2955.691126 19
304 2964.522000 2963.919768 18
305 2974.983000 2974.896993 16
306 2985.603000 2984.787972 23
307 2995.729000 2994.787972 0
308 3006.629000 3005.932460 22
309 3014.953000 3014.979120 24
310 3024.823000 3024.032145 28
311 3034.477000 3034.417600 14
312 3043.168000 3042.124191 17
313 3051.342000 3051.392697 29
314 3061.468000 3061.167486 20
315 3071.381000 3071.199941 28
316 3080.242000 3080.360349 22
317 3090.518000 3088.942832 16
318 3099.379000 3099.735110 34
319 3109.614000 3108.780926 24
320 3119.010000 3118.780926 0
321 3128.279000 3128.698822 30
322 3137.870000 3136.428791 28
323 3146.021000 3146.361905 28
324 3155.866000 3155.334911 41
325 3165.193000 3163.039219 12
326 3174.701000 3173.039219 0
327 3184.357000 3184.441044 22
328 3194.357000 3195.226204 22
329 3204.267000 3204.390596 20
330 3213.801000 3213.898663 27
331 3224.560000 3224.396162 20
332 3234.264000 3232.478013 10
333 3244.615000 3244.183429 20
334 3253.814000 3254.863528 19
335 3263.814000 3263.842086 24
336 3273.940000 3274.013716 38
337 3283.138000 3282.622326 11
338 3294.383000 3292.622326 0
339 3302.959000 3303.080016 14
340 3312.556000 3313.080016 0
341 3323.005000 3325.166382 19
342 3334.161000 3333.442127 17
343 3344.480000 3343.758541 21
344 3354.582000 3338.188416 8
345 3364.582000 3365.202203 26
346 3374.424000 3374.536175 17
347 3384.424000 3385.225747 20
348 3394.511000 3394.584803 28
349 3404.275000 3403.608850 19
350 3414.420000 3413.608850 0
351 3423.839000 3423.608850 0
352 3434.227000 3433.646409 13
353 3443.973000 3443.859028 32
354 3454.135000 3454.224523 26
355 3463.796000 3463.613772 44
356 3473.317000 3470.215214 11
357 3483.002000 3482.864574 20
358 3491.710000 3492.440405 24
359 3501.231000 3501.302788 23
360 3511.079000 3510.770063 36
361 3520.698000 3520.610052 43
362 3530.154000 3529.969122 13
363 3539.741000 3539.613607 27
364 3549.838000 3549.613607 0
365 3559.823000 3559.731668 12
366 3571.457000 3571.557718 14
367 3581.369000 3578.071647 20
368 3590.500000 3590.859601 15
369 3600.241000 3600.859601 0
370 3610.648000 3609.911089 13
371 3620.496000 3620.331999 14
372 3631.869000 3631.563128 37
373 3640.968000 3640.854375 29
374 3651.042000 3650.118267 17
375 3660.726000 3660.543341 8
376 3667.063000 3665.295539 15
377 3675.057000 3677.070402 8
378 3686.171000 3686.182103 18
379 3694.652000 3696.182103 0
380 3705.060000 3718.771500 12
381 3715.001000 3712.682131 33
382 3725.044000 3711.821962 29
383 3733.674000 3721.821962 0
384 3743.809000 3744.901703 23
385 3753.461000 3754.019561 29
386 3763.193000 3763.100211 23
387 3772.288000 3755.254750 11
388 3781.697000 3782.881411 32
389 3791.239000 3791.094514 39
390 3799.153000 3800.867262 17
391 3809.153000 3809.717018 18
392 3818.946000 3858.825027 9
393 3828.946000 3877.108625 12
394 3839.290000 3839.401936 29
395 3849.127000 3849.247907 23
396 3859.366000 3858.430281 25
397 3869.880000 3869.858249 29
398 3879.793000 3879.594471 22
399 3889.165000 3888.975351 31
400 3898.538000 3900.386906 24
401 3908.473000 3908.806018 18
402 3918.296000 3918.353943 34
403 3928.034000 3927.847808 12
404 3937.025000 3936.410482 22
405 3945.670000 3945.501388 30
406 3954.797000 3952.713743 15
407 3963.756000 3964.926262 19
408 3975.048000 3974.890859 30
409 3981.645000 3984.890859 0
410 3992.690000 3992.777084 33
411 4002.457000 4002.080689 30
412 4011.982000 4010.918009 29
413 4021.430000 4021.687702 17
414 4030.624000 4031.217286 21
415 4040.513000 4040.516058 24
416 4049.727000 4048.420149 28
417 4058.371000 4055.355425 10
418 4068.258000 4067.057568 15
419 4076.974000 4118.275753 12
420 4085.661000 4085.553071 11
421 4096.585000 4096.992816 20
422 4105.894000 4106.137418 43
423 4115.448000 4114.506194 21
424 4123.311000 4122.861251 27
425 4132.804000 4132.051554 17
426 4142.148000 4142.901289 38
427 4151.574000 4151.144809 18
428 4160.897000 4160.437125 24
429 4170.041000 4170.480208 24
430 4180.202000 4179.348944 28
431 4189.466000 4189.034781 35
432 4198.878000 4200.593626 18
433 4208.352000 4208.059831 29
434 4218.124000 4218.487615 40
435 4228.124000 4227.695936 30
436 4237.399000 4236.747562 16
437 4245.914000 4245.789610 27
438 4255.326000 4257.050025 25
439 4264.948000 4264.569250 27
440 4274.331000 4274.684312 40
441 4284.331000 4284.733475 32
442 4294.866000 4294.559486 30
443 4304.488000 4303.827361 43
444 4314.081000 4302.300503 12
445 4323.524000 4325.042680 15
446 4333.314000 4333.288818 35
447 4342.679000 4343.214547 32
448 4351.252000 4352.048561 22
449 4361.175000 4360.492538 31
450 4371.247000 4364.420145 10
451 4380.061000 4374.420145 0
452 4388.724000 4388.115288 25
453 4397.957000 4398.671740 22
454 4408.286000 4408.258829 19
455 4418.401000 4417.299353 36
456 4427.665000 4427.094271 9
457 4437.586000 4438.050919 28
458 4447.586000 4447.263242 40
459 4457.586000 4457.046674 29
460 4466.965000 4467.221936 40
461 4476.557000 4475.885918 16
462 4485.941000 4485.203671 17
463 4495.941000 4526.513462 16
464 4504.556000 4536.513462 0
465 4514.556000 4584.222702 12
466 4524.310000 4521.632880 16
467 4532.555000 4531.573432 12
468 4542.555000 4539.100759 20
469 4551.201000 4550.638189 36
470 4561.332000 4561.584005 15
471 4572.125000 4571.584005 0
472 4581.268000 4584.620390 16
473 4590.771000 4590.801002 23
474 4600.003000 4643.716791 17
475 4610.003000 4610.178927 33
476 4619.399000 4576.476412 16
477 4627.343000 4628.298361 17
478 4636.335000 4636.646280 42
479 4646.109000 4645.197957 34
480 4655.421000 4654.837475 25
481 4665.421000 4664.989943 41
