001 0.000000 -0.096169 91
002 10.000000 9.971414 38
003 20.000000 18.528751 28
004 28.072000 28.148791 23
005 38.058000 38.084266 28
006 48.059000 48.045797 39
007 58.056000 57.954053 22
008 68.056000 67.976714 42
009 78.056000 78.074127 49
010 88.056000 88.084003 50
011 98.056000 98.158713 66
012 108.056000 108.184266 72
013 118.056000 118.079019 58
014 128.056000 128.092262 75
015 138.056000 138.075887 69
016 148.056000 148.081274 68
017 158.056000 158.279912 88
018 168.056000 168.079767 62
019 178.056000 178.229689 62
020 188.056000 188.089129 81
021 198.056000 198.172097 80
022 208.056000 208.077202 75
023 218.056000 218.135404 76
024 228.056000 227.779384 41
025 238.056000 238.894379 39
026 248.056000 248.632077 28
027 258.311000 260.244216 16
028 268.392000 268.827971 14
029 278.457000 278.272834 32
030 288.680000 287.683154 19
031 299.265000 299.502359 31
032 309.265000 309.231552 25
033 319.460000 318.957853 9
034 329.886000 328.957853 0
035 331.489000 338.957853 0
036 341.050000 348.957853 0
037 352.269000 366.531889 16
038 362.269000 368.985356 14
039 372.483000 378.985356 0
040 382.483000 382.828850 31
041 392.844000 393.189067 30
042 403.556000 404.936130 47
043 414.326000 414.936130 0
044 424.449000 424.175988 30
045 434.768000 434.404695 31
046 444.768000 518.311066 8
047 452.651000 453.776214 19
048 462.775000 460.957544 10
049 472.194000 507.716444 9
050 482.194000 482.408295 19
051 491.877000 493.343210 32
052 501.624000 502.181091 34
053 511.427000 510.488464 26
054 520.978000 520.623843 24
055 530.978000 530.973868 18
056 541.619000 542.013676 9
057 550.842000 563.934154 8
058 560.228000 562.139907 21
059 569.286000 569.980933 16
060 578.659000 576.969451 22
061 588.915000 626.822187 9
062 598.555000 568.678904 8
063 608.681000 609.247625 19
064 619.259000 618.828970 40
065 628.721000 628.404416 27
066 638.369000 636.262456 8
067 647.991000 646.262456 0
068 657.851000 662.223514 10
069 666.916000 666.403061 30
070 675.899000 675.489203 24
071 685.573000 685.788167 36
072 695.248000 695.627249 26
073 705.586000 705.891395 28
074 715.395000 715.891395 0
075 725.261000 725.264430 37
076 734.717000 820.093350 17
077 745.217000 745.225179 26
078 755.217000 755.288878 32
079 764.858000 763.876890 17
080 774.506000 773.876890 0
081 785.429000 786.527331 13
082 796.513000 796.713347 38
083 806.746000 806.822799 17
084 816.819000 816.814053 23
085 826.819000 826.372403 38
086 836.249000 836.372403 0
087 846.163000 847.102949 25
088 856.163000 855.408652 9
089 864.873000 864.825467 14
090 873.220000 873.135520 30
091 883.027000 883.924105 16
092 892.860000 918.007720 8
093 902.860000 903.501188 27
094 912.210000 911.379661 29
095 921.433000 923.288654 12
096 931.433000 930.973715 33
097 940.742000 940.690252 17
098 949.547000 949.343685 18
099 958.617000 960.198302 11
100 968.324000 968.141152 22
101 977.329000 978.332223 34
102 987.329000 987.550814 36
103 997.595000 995.982307 21
104 1007.336000 1007.518275 17
105 1017.463000 1017.518275 0
106 1028.014000 1030.055340 16
107 1037.881000 1112.085835 12
108 1046.619000 1046.654695 29
109 1056.878000 1057.216841 23
110 1066.607000 1066.228880 24
111 1076.607000 1076.228880 0
112 1085.691000 1086.236596 15
113 1095.691000 1095.898793 45
114 1104.986000 1106.324844 25
115 1115.086000 1114.824523 33
116 1124.734000 1124.035644 27
117 1133.904000 1132.682411 14
118 1143.738000 1143.438172 36
119 1153.068000 1153.061545 17
120 1162.582000 1162.996500 19
121 1172.470000 1171.938180 19
122 1181.693000 1181.350366 18
123 1191.553000 1191.350366 0
124 1201.148000 1201.729191 19
125 1211.148000 1210.574329 13
126 1220.338000 1220.184428 18
127 1229.986000 1229.826036 16
128 1239.076000 1238.312252 24
129 1249.076000 1277.279171 14
130 1257.800000 1262.756540 11
131 1267.668000 1270.534136 11
132 1278.014000 1278.073957 27
133 1288.014000 1288.032721 13
134 1297.789000 1297.994406 25
135 1307.517000 1345.351718 9
136 1317.517000 1325.308880 8
137 1327.250000 1327.873421 23
138 1336.985000 1336.898450 42
139 1346.985000 1346.462310 29
140 1356.581000 1356.194051 18
141 1365.299000 1366.194051 0
142 1375.105000 1377.532553 18
143 1385.579000 1339.901349 8
144 1395.579000 1395.644253 28
145 1405.579000 1405.742366 29
146 1415.931000 1416.273711 18
147 1425.340000 1422.736938 12
148 1434.351000 1432.736938 0
149 1443.813000 1445.031180 15
150 1453.703000 1453.854682 32
151 1463.450000 1462.831970 9
152 1471.333000 1473.262955 9
153 1481.566000 1483.262955 0
154 1491.044000 1490.205824 34
155 1500.579000 1501.381691 13
156 1510.173000 1508.437793 12
157 1520.607000 1520.671504 15
158 1530.868000 1531.393675 13
159 1540.607000 1540.631017 10
160 1549.968000 1566.033711 13
161 1560.345000 1560.780053 21
162 1570.539000 1570.336305 20
163 1579.858000 1580.011086 24
164 1589.858000 1590.011086 0
165 1599.858000 1599.002677 8
166 1610.086000 1608.695153 12
167 1620.615000 1621.247618 29
168 1631.827000 1633.489712 15
169 1641.168000 1640.927896 26
170 1651.300000 1651.258413 13
171 1663.636000 1661.258413 0
172 1672.749000 1672.277173 29
173 1683.172000 1689.426231 11
174 1693.095000 1694.291009 23
175 1702.956000 1702.641127 32
176 1713.607000 1710.701328 17
177 1724.031000 1724.422762 17
178 1734.031000 1732.880640 15
179 1742.838000 1743.387850 22
180 1752.449000 1752.036828 15
181 1760.542000 1761.873694 12
182 1770.715000 1771.141414 17
183 1780.992000 1767.325126 10
184 1790.832000 1790.524091 20
185 1800.832000 1800.315211 18
186 1810.721000 1810.972932 31
187 1820.617000 1820.526362 28
188 1830.360000 1829.997473 31
189 1840.013000 1839.778355 30
190 1849.209000 1849.778355 0
191 1860.090000 1861.866797 17
192 1869.680000 1869.721135 14
193 1879.478000 1880.167538 22
194 1889.402000 1889.528583 31
195 1899.097000 1897.973988 25
196 1908.417000 1950.594598 13
197 1917.757000 1920.258713 23
198 1926.911000 1927.173461 35
199 1937.293000 1937.243573 21
200 1946.883000 1945.660569 20
201 1954.809000 1953.841781 19
202 1964.620000 1951.832720 13
203 1974.782000 1993.068301 8
204 1985.579000 1985.921631 28
205 1995.308000 1995.382355 25
206 2005.308000 2004.982533 9
207 2015.204000 2060.545583 8
208 2024.919000 2023.757110 29
209 2034.823000 2033.757110 0
210 2044.823000 2045.295924 39
211 2053.733000 2135.333540 12
212 2065.736000 2066.430822 26
213 2075.432000 2074.898596 28
214 2085.432000 2085.207330 31
215 2095.640000 2095.207330 0
216 2105.535000 2074.889275 11
217 2116.249000 2117.368751 13
218 2125.944000 2126.359450 35
219 2135.944000 2136.406853 22
220 2146.477000 2146.361936 21
221 2156.339000 2156.883771 21
222 2166.172000 2166.923976 32
223 2176.248000 2175.938586 14
224 2185.589000 2183.256681 13
225 2195.326000 2195.312393 25
226 2205.520000 2204.866940 30
227 2217.024000 2217.729563 29
228 2227.821000 2227.543437 25
229 2237.286000 2237.054992 37
230 2246.071000 2245.897043 15
231 2256.071000 2254.329122 19
232 2265.092000 2264.175825 19
233 2275.092000 2276.000656 13
234 2284.908000 2284.864242 29
235 2294.908000 2295.404446 32
236 2304.609000 2304.505614 31
237 2314.609000 2311.793525 11
238 2324.304000 2323.983316 20
239 2334.304000 2333.983316 0
240 2344.486000 2345.052236 18
241 2353.057000 2356.558623 13
242 2362.985000 2362.742666 12
243 2372.520000 2372.269966 32
244 2381.683000 2379.958637 15
245 2392.797000 2384.227783 9
246 2402.524000 2402.587985 31
247 2412.524000 2412.537615 40
248 2422.603000 2422.479207 31
249 2432.623000 2431.981588 30
250 2442.623000 2441.881223 27
251 2451.774000 2450.416072 28
252 2461.676000 2460.416072 0
253 2470.754000 2558.803087 9
254 2481.214000 2480.876069 36
255 2491.098000 2490.834634 13
256 2500.447000 2499.953615 18
257 2509.765000 2509.522926 28
258 2518.890000 2520.491557 12
259 2529.280000 2529.649546 14
260 2538.944000 2539.213452 33
261 2548.529000 2549.842642 27
262 2558.036000 2557.010344 18
263 2567.093000 2567.009779 13
264 2575.836000 2598.455038 9
265 2585.931000 2586.135856 27
266 2595.244000 2595.338330 20
267 2605.244000 2605.759492 25
268 2615.042000 2614.864237 29
269 2624.843000 2623.834562 15
270 2635.057000 2611.649924 8
271 2645.270000 2645.461661 24
272 2654.752000 2656.417225 8
273 2664.938000 2664.083667 22
274 2674.439000 2674.220564 14
275 2684.201000 2684.109977 11
276 2693.355000 2696.560086 22
277 2703.021000 2703.339384 19
278 2712.409000 2712.497642 15
279 2722.955000 2723.639344 33
280 2733.351000 2733.267144 36
281 2743.508000 2743.302689 22
282 2753.438000 2753.302689 0
283 2763.906000 2764.557514 11
284 2774.276000 2774.333186 21
285 2783.156000 2783.160116 28
286 2792.350000 2790.438578 16
287 2802.543000 2800.811445 10
288 2812.446000 2810.811445 0
289 2821.794000 2824.310059 16
290 2830.771000 2830.738444 11
291 2841.083000 2843.314087 8
292 2851.257000 2850.144527 12
293 2861.257000 2859.654797 11
294 2871.591000 2869.654797 0
295 2880.480000 2881.322493 17
296 2890.480000 2890.804989 22
297 2900.383000 2900.882414 30
298 2910.232000 2909.244783 18
299 2920.525000 2920.623798 17
300 2930.148000 2930.279012 34
301 2939.843000 2940.130870 24
302 2949.985000 2949.836299 19
303 2959.411000 2959.911215 19
304 2969.411000 2968.312954 22
305 2979.660000 2979.105739 29
306 2989.373000 2989.105739 0
307 2999.373000 3000.560083 10
308 3009.156000 3010.028864 9
309 3018.995000 3020.016581 28
310 3028.707000 3028.131974 24
311 3038.277000 3037.532762 10
312 3046.041000 3045.900110 16
313 3054.913000 3055.900110 0
314 3064.767000 3065.900110 0
315 3074.767000 3074.567681 27
316 3084.516000 3084.203738 17
317 3092.780000 3092.799284 25
318 3102.278000 3101.781766 21
319 3113.010000 3110.713039 26
320 3122.474000 3082.157832 11
321 3132.329000 3131.958508 23
322 3140.879000 3140.296551 32
323 3150.790000 3150.768219 19
324 3160.555000 3159.095900 20
325 3169.624000 3169.095900 0
326 3177.834000 3179.095900 0
327 3187.548000 3188.139458 24
328 3198.656000 3198.794831 22
329 3208.441000 3208.217941 16
330 3217.491000 3217.651287 23
331 3228.026000 3225.036275 11
332 3238.294000 3235.036275 0
333 3248.222000 3248.306315 18
334 3258.222000 3257.802898 33
335 3267.432000 3267.053887 21
336 3277.002000 3276.241096 30
337 3287.002000 3286.241096 0
338 3297.002000 3296.241096 0
339 3307.002000 3308.441612 23
340 3316.855000 3315.837952 10
341 3326.855000 3328.736392 22
342 3335.816000 3336.014762 15
343 3346.780000 3346.004082 17
344 3357.496000 3357.955621 19
345 3367.780000 3367.753228 36
346 3377.690000 3377.487722 9
347 3387.331000 3387.616487 18
348 3397.331000 3397.492754 25
349 3403.895000 3404.338307 22
350 3413.895000 3414.338307 0
351 3423.625000 3423.904154 20
352 3434.501000 3434.832116 13
353 3444.227000 3444.613593 23
354 3454.999000 3454.832975 18
355 3464.135000 3464.526902 38
356 3474.135000 3474.526902 0
357 3484.135000 3484.212344 19
358 3493.815000 3494.331115 24
359 3503.474000 3503.310038 25
360 3513.133000 3512.800650 26
361 3522.614000 3521.932289 29
362 3532.614000 3531.932289 0
363 3540.698000 3540.800897 22
364 3549.319000 3549.523872 14
365 3560.035000 3558.797594 9
366 3570.427000 3570.581102 19
367 3579.853000 3579.749927 25
368 3588.868000 3582.543183 12
369 3597.758000 3598.098015 22
370 3608.598000 3610.267169 13
371 3619.205000 3619.170824 14
372 3630.495000 3630.370806 25
373 3639.841000 3639.900822 27
374 3650.150000 3649.900822 0
375 3658.773000 3661.286862 10
376 3669.988000 3666.364810 8
377 3675.443000 3676.267932 11
378 3686.082000 3686.511315 34
379 3696.082000 3696.511315 0
380 3707.480000 3709.500153 27
381 3717.480000 3720.939695 35
382 3727.480000 3721.365167 18
383 3737.086000 3799.237774 11
384 3746.943000 3750.548387 18
385 3756.241000 3756.896761 28
386 3766.400000 3765.974537 22
387 3776.400000 3759.692951 18
388 3786.400000 3786.954205 21
389 3795.665000 3795.335011 23
390 3803.874000 3801.773896 22
391 3813.588000 3814.019810 36
392 3823.819000 3823.428036 17
393 3833.460000 3868.134005 9
394 3842.278000 3842.344139 30
395 3852.672000 3852.220462 23
396 3863.100000 3863.693783 11
397 3873.868000 3873.738830 18
398 3883.688000 3882.433862 19
399 3892.560000 3890.943087 28
400 3903.079000 3902.962155 27
401 3913.113000 3913.904062 14
402 3922.683000 3922.451808 29
403 3932.467000 3932.253648 27
404 3942.324000 3938.329686 9
405 3950.945000 3950.986133 16
406 3960.478000 3966.179280 12
407 3970.818000 3970.768657 13
408 3980.709000 3980.777614 9
409 3987.524000 3988.132748 21
410 3997.721000 3998.179769 35
411 4007.827000 4006.688868 16
412 4017.827000 4023.878449 9
413 4027.055000 4026.836390 26
414 4036.481000 4037.085116 21
415 4046.481000 4045.962227 16
416 4055.175000 4054.353127 22
417 4064.458000 4064.504092 14
418 4073.867000 4074.504092 0
419 4082.614000 4084.504092 0
420 4093.775000 4095.393322 8
421 4102.647000 4102.936616 26
422 4111.877000 4112.135642 27
423 4121.715000 4121.713775 36
424 4130.747000 4153.162807 12
425 4140.193000 4140.263801 30
426 4150.031000 4150.201317 16
427 4159.457000 4160.138390 18
428 4170.041000 4169.887480 29
429 4179.827000 4179.511603 40
430 4189.240000 4189.224934 26
431 4198.753000 4199.377881 29
432 4208.351000 4208.351821 35
433 4217.789000 4217.600364 28
434 4227.286000 4226.660432 23
435 4236.999000 4237.067672 23
436 4244.888000 4245.454234 20
437 4254.888000 4251.840982 13
438 4264.439000 4261.840982 0
439 4274.258000 4274.720826 27
440 4284.043000 4284.220696 28
441 4294.402000 4294.253949 28
442 4303.916000 4303.582690 42
443 4313.916000 4310.573772 21
444 4323.916000 4325.361183 17
445 4333.452000 4333.900541 27
446 4343.452000 4344.070001 25
447 4353.696000 4352.793036 19
448 4363.535000 4363.790166 25
449 4373.659000 4388.946294 8
450 4384.141000 4385.915078 16
451 4393.800000 4393.903558 22
452 4403.011000 4403.474395 21
453 4412.922000 4412.059827 23
454 4421.741000 4421.038034 32
455 4431.202000 4471.941794 10
456 4440.558000 4441.241946 35
457 4450.718000 4450.673547 37
458 4460.914000 4460.813530 18
459 4468.980000 4469.061386 23
460 4477.834000 4476.531429 16
461 4487.834000 4524.136102 16
462 4496.760000 4534.136102 0
463 4505.714000 4578.999159 9
464 4514.669000 4593.548925 9
465 4522.896000 4603.548925 0
466 4532.554000 4575.929883 10
467 4540.771000 4633.155555 9
468 4549.692000 4643.155555 0
469 4558.663000 4566.183921 10
470 4568.567000 4574.970568 22
471 4579.446000 4577.478151 16
472 4586.385000 4586.959240 31
473 4596.676000 4596.744821 19
474 4606.008000 4606.268572 31
475 4615.820000 4575.294122 12
476 4624.232000 4623.539280 10
477 4633.843000 4633.715850 30
478 4643.506000 4643.431571 42
479 4652.917000 4652.449935 23
480 4662.917000 4662.860704 33
481 4672.917000 4672.801779 29
