001 0.000000 -0.094381 92
002 10.000000 9.966172 37
003 20.000000 18.528751 28
004 28.072000 28.060717 22
005 38.058000 37.927433 29
006 48.059000 48.046999 40
007 58.056000 57.954053 22
008 68.056000 67.976714 42
009 78.056000 78.073484 48
010 88.056000 88.073112 52
011 98.056000 98.159672 66
012 108.056000 108.184266 72
013 118.056000 118.078399 57
014 128.056000 128.092009 73
015 138.056000 138.075887 69
016 148.056000 148.081161 70
017 158.056000 158.243816 89
018 168.056000 168.079310 60
019 178.056000 178.173783 61
020 188.056000 188.089129 81
021 198.056000 198.080947 79
022 208.056000 208.077202 75
023 218.056000 218.098642 79
024 228.056000 227.772225 40
025 238.056000 239.010071 40
026 248.056000 248.482530 29
027 258.311000 260.168573 17
028 268.392000 268.994004 15
029 278.457000 278.269081 31
030 288.680000 287.940193 21
031 299.265000 299.823911 31
032 309.265000 309.195268 25
033 319.460000 317.386742 10
034 329.886000 327.386742 0
035 331.489000 337.386742 0
036 341.050000 307.121759 8
037 352.269000 344.731296 16
038 362.269000 368.985356 14
039 372.483000 368.307992 12
040 382.483000 383.414747 31
041 392.844000 393.457579 23
042 403.556000 404.964830 47
043 414.326000 414.964830 0
044 424.449000 424.183105 31
045 434.768000 434.344909 31
046 444.768000 513.823312 9
047 452.651000 453.096366 18
048 462.775000 460.748748 10
049 472.194000 507.090997 9
050 482.194000 482.202892 20
051 491.877000 493.488079 33
052 501.624000 502.251350 37
053 511.427000 510.482344 25
054 520.978000 520.420950 24
055 530.978000 530.973868 18
056 541.619000 541.651909 12
057 550.842000 563.934154 8
058 560.228000 562.124511 14
059 569.286000 570.075971 16
060 578.659000 576.803437 21
061 588.915000 627.684865 10
062 598.555000 569.732988 8
063 608.681000 610.199119 15
064 619.259000 618.857761 41
065 628.721000 628.293077 29
066 638.369000 635.450788 9
067 647.991000 645.450788 0
068 657.851000 663.374265 8
069 666.916000 666.433353 27
070 675.899000 675.420223 26
071 685.573000 685.987506 36
072 695.248000 695.549520 24
073 705.586000 705.891395 28
074 715.395000 715.891395 0
075 725.261000 725.372572 35
076 734.717000 819.446853 15
077 745.217000 745.233234 25
078 755.217000 755.288878 32
079 764.858000 763.876890 17
080 774.506000 773.876890 0
081 785.429000 786.628546 12
082 796.513000 796.770007 32
083 806.746000 806.718939 17
084 816.819000 816.721159 24
085 826.819000 826.330300 41
086 836.249000 836.330300 0
087 846.163000 846.794782 24
088 856.163000 855.437966 10
089 864.873000 864.912763 12
090 873.220000 873.087827 29
091 883.027000 883.590341 17
092 892.860000 909.605856 11
093 902.860000 903.258183 28
094 912.210000 911.300813 26
095 921.433000 923.439709 11
096 931.433000 931.201456 32
097 940.742000 940.805257 18
098 949.547000 949.473914 27
099 958.617000 959.452441 15
100 968.324000 968.010858 22
101 977.329000 978.414910 34
102 987.329000 987.552020 35
103 997.595000 996.245072 22
104 1007.336000 1007.559681 17
105 1017.463000 1041.636894 9
106 1028.014000 1029.753879 15
107 1037.881000 1036.861517 9
108 1046.619000 1046.665721 32
109 1056.878000 1057.180904 23
110 1066.607000 1065.818174 20
111 1076.607000 1075.818174 0
112 1085.691000 1086.236596 15
113 1095.691000 1095.692104 45
114 1104.986000 1105.828774 31
115 1115.086000 1114.975308 31
116 1124.734000 1123.895547 26
117 1133.904000 1133.895547 0
118 1143.738000 1143.414003 37
119 1153.068000 1153.081892 19
120 1162.582000 1162.775542 21
121 1172.470000 1171.953237 20
122 1181.693000 1181.093741 19
123 1191.553000 1191.093741 0
124 1201.148000 1201.461667 24
125 1211.148000 1210.594416 12
126 1220.338000 1220.046878 21
127 1229.986000 1229.823957 15
128 1239.076000 1238.657918 28
129 1249.076000 1278.285698 10
130 1257.800000 1261.562896 10
131 1267.668000 1269.448590 11
132 1278.014000 1278.073957 27
133 1288.014000 1288.546035 15
134 1297.789000 1297.727594 25
135 1307.517000 1344.598123 8
136 1317.517000 1354.598123 0
137 1327.250000 1327.871770 24
138 1336.985000 1336.970725 42
139 1346.985000 1346.426495 27
140 1356.581000 1356.421226 19
141 1365.299000 1397.119204 8
142 1375.105000 1377.329315 17
143 1385.579000 1387.043731 9
144 1395.579000 1395.660067 29
145 1405.579000 1405.728897 30
146 1415.931000 1415.870177 20
147 1425.340000 1422.733391 14
148 1434.351000 1432.733391 0
149 1443.813000 1445.324738 18
150 1453.703000 1453.847685 33
151 1463.450000 1462.828593 10
152 1471.333000 1472.743618 9
153 1481.566000 1482.743618 0
154 1491.044000 1490.087418 36
155 1500.579000 1501.381691 13
156 1510.173000 1509.364779 10
157 1520.607000 1521.738251 16
158 1530.868000 1530.984955 14
159 1540.607000 1540.603911 12
160 1549.968000 1566.343714 14
161 1560.345000 1560.694899 25
162 1570.539000 1569.088436 19
163 1579.858000 1580.135403 27
164 1589.858000 1590.135403 0
165 1599.858000 1599.100604 8
166 1610.086000 1610.438637 19
167 1620.615000 1622.310588 28
168 1631.827000 1632.953243 14
169 1641.168000 1640.899378 25
170 1651.300000 1651.258413 13
171 1663.636000 1661.258413 0
172 1672.749000 1672.395983 28
173 1683.172000 1686.004467 13
174 1693.095000 1694.845340 20
175 1702.956000 1703.045404 32
176 1713.607000 1710.752229 19
177 1724.031000 1724.445949 16
178 1734.031000 1732.653592 17
179 1742.838000 1743.178664 23
180 1752.449000 1751.017134 14
181 1760.542000 1760.642435 12
182 1770.715000 1770.996053 17
183 1780.992000 1766.832389 10
184 1790.832000 1789.657534 20
185 1800.832000 1800.313856 18
186 1810.721000 1810.954786 33
187 1820.617000 1820.495431 30
188 1830.360000 1830.261058 35
189 1840.013000 1839.593288 31
190 1849.209000 1849.593288 0
191 1860.090000 1861.395844 16
192 1869.680000 1869.517399 13
193 1879.478000 1880.142892 24
194 1889.402000 1889.582749 33
195 1899.097000 1898.423897 25
196 1908.417000 1904.232381 12
197 1917.757000 1920.380407 22
198 1926.911000 1927.396159 36
199 1937.293000 1937.432172 22
200 1946.883000 1945.581518 14
201 1954.809000 1953.760676 18
202 1964.620000 1951.832720 13
203 1974.782000 1993.474232 8
204 1985.579000 1985.656720 31
205 1995.308000 1995.375813 25
206 2005.308000 2004.966009 9
207 2015.204000 2015.248072 8
208 2024.919000 2023.936005 28
209 2034.823000 2033.936005 0
210 2044.823000 2045.172618 38
211 2053.733000 2135.333540 12
212 2065.736000 2066.677656 26
213 2075.432000 2074.893072 28
214 2085.432000 2085.514136 29
215 2095.640000 2095.514136 0
216 2105.535000 2105.864484 11
217 2116.249000 2116.570889 11
218 2125.944000 2126.185212 33
219 2135.944000 2136.423507 20
220 2146.477000 2146.154257 22
221 2156.339000 2156.911101 21
222 2166.172000 2166.844731 33
223 2176.248000 2176.530164 14
224 2185.589000 2183.074462 12
225 2195.326000 2195.264742 26
226 2205.520000 2204.681032 28
227 2217.024000 2217.763851 27
228 2227.821000 2227.614979 26
229 2237.286000 2237.039006 38
230 2246.071000 2245.549331 16
231 2256.071000 2254.588989 19
232 2265.092000 2264.395348 18
233 2275.092000 2275.933111 14
234 2284.908000 2285.110943 29
235 2294.908000 2295.440453 27
236 2304.609000 2304.183422 27
237 2314.609000 2311.403279 11
238 2324.304000 2324.069543 19
239 2334.304000 2332.059826 8
240 2344.486000 2344.866885 18
241 2353.057000 2355.039972 10
242 2362.985000 2362.987832 14
243 2372.520000 2372.282272 33
244 2381.683000 2379.587991 14
245 2392.797000 2387.813641 10
246 2402.524000 2402.586011 32
247 2412.524000 2412.530997 42
248 2422.603000 2422.480495 32
249 2432.623000 2432.034820 29
250 2442.623000 2441.906422 28
251 2451.774000 2449.965028 25
252 2461.676000 2459.965028 0
253 2470.754000 2472.308356 14
254 2481.214000 2480.579929 35
255 2491.098000 2558.689560 10
256 2500.447000 2499.953615 18
257 2509.765000 2509.286481 27
258 2518.890000 2520.344032 13
259 2529.280000 2529.603129 16
260 2538.944000 2539.219875 34
261 2548.529000 2549.619485 30
262 2558.036000 2557.138115 18
263 2567.093000 2567.009779 13
264 2575.836000 2597.589103 9
265 2585.931000 2585.782606 27
266 2595.244000 2595.277719 21
267 2605.244000 2605.726371 24
268 2615.042000 2615.049675 31
269 2624.843000 2624.314581 14
270 2635.057000 2611.649924 8
271 2645.270000 2646.379443 30
272 2654.752000 2656.379443 0
273 2664.938000 2664.755868 26
274 2674.439000 2674.050109 14
275 2684.201000 2684.825591 14
276 2693.355000 2697.872327 15
277 2703.021000 2703.465820 20
278 2712.409000 2712.217072 19
279 2722.955000 2723.558240 34
280 2733.351000 2733.264421 35
281 2743.508000 2743.324602 18
282 2753.438000 2753.324602 0
283 2763.906000 2764.521130 12
284 2774.276000 2774.003858 25
285 2783.156000 2783.074231 29
286 2792.350000 2790.306024 15
287 2802.543000 2800.933995 11
288 2812.446000 2810.933995 0
289 2821.794000 2822.655026 16
290 2830.771000 2830.724042 10
291 2841.083000 2842.690709 9
292 2851.257000 2850.434264 9
293 2861.257000 2860.434264 0
294 2871.591000 2912.692539 8
295 2880.480000 2881.125677 15
296 2890.480000 2890.320995 20
297 2900.383000 2900.849212 28
298 2910.232000 2910.042243 15
299 2920.525000 2920.664346 17
300 2930.148000 2930.287768 34
301 2939.843000 2939.943374 23
302 2949.985000 2949.829904 18
303 2959.411000 2959.611247 23
304 2969.411000 2968.312954 22
305 2979.660000 2979.101719 30
306 2989.373000 2978.248952 9
307 2999.373000 3000.163143 9
308 3009.156000 3009.078909 14
309 3018.995000 3019.663484 27
310 3028.707000 3028.579613 22
311 3038.277000 3037.444760 9
312 3046.041000 3045.923559 17
313 3054.913000 3055.923559 0
314 3064.767000 3065.665488 17
315 3074.767000 3075.129256 28
316 3084.516000 3084.136514 19
317 3092.780000 3092.306062 22
318 3102.278000 3101.781766 21
319 3113.010000 3110.771990 26
320 3122.474000 3081.708962 11
321 3132.329000 3131.685360 28
322 3140.879000 3140.592558 31
323 3150.790000 3150.768219 19
324 3160.555000 3159.662183 18
325 3169.624000 3169.662183 0
326 3177.834000 3179.662183 0
327 3187.548000 3187.943462 21
328 3198.656000 3198.887946 24
329 3208.441000 3207.990213 17
330 3217.491000 3217.100636 22
331 3228.026000 3269.908083 12
332 3238.294000 3279.908083 0
333 3248.222000 3248.230872 10
334 3258.222000 3257.792010 35
335 3267.432000 3266.933460 21
336 3277.002000 3276.513257 36
337 3287.002000 3286.848383 12
338 3297.002000 3263.458275 8
339 3307.002000 3308.874388 22
340 3316.855000 3318.874388 0
341 3326.855000 3328.284618 20
342 3335.816000 3335.375836 16
343 3346.780000 3345.333906 16
344 3357.496000 3357.955621 19
345 3367.780000 3367.756322 34
346 3377.690000 3377.487722 9
347 3387.331000 3387.602270 21
348 3397.331000 3397.494612 26
349 3403.895000 3404.338307 22
350 3413.895000 3414.338307 0
351 3423.625000 3423.892832 21
352 3434.501000 3434.794580 14
353 3444.227000 3444.540603 25
354 3454.999000 3454.858518 20
355 3464.135000 3464.437021 36
356 3474.135000 3474.437021 0
357 3484.135000 3484.113705 22
358 3493.815000 3494.089507 28
359 3503.474000 3503.201462 27
360 3513.133000 3512.788513 29
361 3522.614000 3521.996404 29
362 3532.614000 3530.174990 14
363 3540.698000 3540.707620 22
364 3549.319000 3549.143790 14
365 3560.035000 3559.105432 10
366 3570.427000 3570.533386 19
367 3579.853000 3579.788717 24
368 3588.868000 3583.361031 11
369 3597.758000 3598.085831 23
370 3608.598000 3611.880344 11
371 3619.205000 3688.322203 13
372 3630.495000 3630.190805 29
373 3639.841000 3639.898352 24
374 3650.150000 3649.898352 0
375 3658.773000 3661.548542 9
376 3669.988000 3666.364810 8
377 3675.443000 3676.176415 10
378 3686.082000 3686.668625 35
379 3696.082000 3666.470384 8
380 3707.480000 3718.732322 27
381 3717.480000 3720.759671 34
382 3727.480000 3721.461589 16
383 3737.086000 3738.130364 13
384 3746.943000 3755.349768 12
385 3756.241000 3757.536705 28
386 3766.400000 3766.103229 23
387 3776.400000 3759.791337 18
388 3786.400000 3787.225457 20
389 3795.665000 3794.878547 23
390 3803.874000 3802.592701 24
391 3813.588000 3813.932203 33
392 3823.819000 3823.272219 17
393 3833.460000 3867.530330 8
394 3842.278000 3842.366187 28
395 3852.672000 3852.189231 22
396 3863.100000 3864.341808 14
397 3873.868000 3874.997466 18
398 3883.688000 3882.932947 15
399 3892.560000 3891.242308 27
400 3903.079000 3902.958262 29
401 3913.113000 3913.914296 14
402 3922.683000 3922.407632 30
403 3932.467000 3932.268907 27
404 3942.324000 3938.816976 9
405 3950.945000 3950.991198 17
406 3960.478000 3963.009224 22
407 3970.818000 3971.105917 13
408 3980.709000 3980.346938 10
409 3987.524000 3988.003962 23
410 3997.721000 3998.093322 34
411 4007.827000 4006.457050 17
412 4017.827000 4023.531241 10
413 4027.055000 4026.649853 26
414 4036.481000 4036.653333 25
415 4046.481000 4046.276723 17
416 4055.175000 4054.915135 25
417 4064.458000 4064.184629 14
418 4073.867000 4074.184629 0
419 4082.614000 4084.184629 0
420 4093.775000 4093.977763 9
421 4102.647000 4102.730455 26
422 4111.877000 4111.983655 27
423 4121.715000 4121.774478 36
424 4130.747000 4153.162807 12
425 4140.193000 4140.264561 29
426 4150.031000 4150.192386 17
427 4159.457000 4160.138390 18
428 4170.041000 4169.811854 31
429 4179.827000 4179.443983 37
430 4189.240000 4189.052591 26
431 4198.753000 4199.419972 27
432 4208.351000 4208.303889 37
433 4217.789000 4218.113598 28
434 4227.286000 4227.213384 23
435 4236.999000 4236.949222 25
436 4244.888000 4243.450126 13
437 4254.888000 4253.522900 23
438 4264.439000 4263.522900 0
439 4274.258000 4274.708007 28
440 4284.043000 4284.213500 29
441 4294.402000 4294.236751 29
442 4303.916000 4303.759443 40
443 4313.916000 4310.774076 20
444 4323.916000 4325.348245 17
445 4333.452000 4333.887958 28
446 4343.452000 4344.014657 25
447 4353.696000 4352.480622 18
448 4363.535000 4363.792736 24
449 4373.659000 4353.824075 8
450 4384.141000 4386.166100 14
451 4393.800000 4393.879105 20
452 4403.011000 4403.591129 19
453 4412.922000 4412.255547 24
454 4421.741000 4421.032996 32
455 4431.202000 4471.381274 11
456 4440.558000 4441.362288 33
457 4450.718000 4450.719067 31
458 4460.914000 4460.439556 21
459 4468.980000 4469.022252 21
460 4477.834000 4476.606555 17
461 4487.834000 4524.136102 16
462 4496.760000 4534.136102 0
463 4505.714000 4579.887671 10
464 4514.669000 4515.793490 15
465 4522.896000 4524.345049 10
466 4532.554000 4531.903428 15
467 4540.771000 4541.481466 26
468 4549.692000 4549.469408 33
469 4558.663000 4565.833352 9
470 4568.567000 4575.378293 24
471 4579.446000 4577.556793 15
472 4586.385000 4587.009229 30
473 4596.676000 4597.079181 21
474 4606.008000 4606.277577 32
475 4615.820000 4575.714625 10
476 4624.232000 4623.492779 9
477 4633.843000 4633.721914 30
478 4643.506000 4643.448447 36
479 4652.917000 4652.367873 21
480 4662.917000 4662.861580 34
481 4672.917000 4672.801779 29
