001 0.000000 -0.111206 92
002 10.000000 9.971414 38
003 20.000000 18.528751 28
004 28.072000 28.060717 22
005 38.058000 38.084266 28
006 48.059000 48.046999 40
007 58.056000 57.954053 22
008 68.056000 67.970230 41
009 78.056000 78.074127 49
010 88.056000 88.073112 52
011 98.056000 98.157787 67
012 108.056000 108.184266 72
013 118.056000 118.079019 58
014 128.056000 128.091439 74
015 138.056000 138.075887 69
016 148.056000 148.082288 69
017 158.056000 158.177334 87
018 168.056000 168.080362 61
019 178.056000 178.184015 62
020 188.056000 188.088298 79
021 198.056000 198.088066 79
022 208.056000 208.077202 75
023 218.056000 218.179662 79
024 228.056000 227.840379 41
025 238.056000 239.183613 39
026 248.056000 248.522888 27
027 258.311000 301.131217 18
028 268.392000 268.969489 16
029 278.457000 278.280988 31
030 288.680000 287.369220 21
031 299.265000 299.830125 28
032 309.265000 309.192274 24
033 319.460000 318.285960 9
034 329.886000 350.057737 9
035 331.489000 391.065357 8
036 341.050000 401.065357 0
037 352.269000 366.531889 16
038 362.269000 454.666433 14
039 372.483000 368.173604 11
040 382.483000 383.156670 32
041 392.844000 393.249227 32
042 403.556000 404.888374 48
043 414.326000 414.888374 0
044 424.449000 424.183355 31
045 434.768000 434.317534 32
046 444.768000 444.665639 9
047 452.651000 453.222524 18
048 462.775000 461.872513 10
049 472.194000 507.090997 9
050 482.194000 482.198968 19
051 491.877000 493.729107 33
052 501.624000 502.374420 34
053 511.427000 510.469159 24
054 520.978000 520.707280 22
055 530.978000 530.116412 14
056 541.619000 541.802713 12
057 550.842000 563.934154 8
058 560.228000 562.375994 16
059 569.286000 570.100726 15
060 578.659000 575.702076 20
061 588.915000 627.760986 11
062 598.555000 599.030297 10
063 608.681000 609.563906 13
064 619.259000 618.861270 43
065 628.721000 628.292203 28
066 638.369000 635.174083 11
067 647.991000 645.174083 0
068 657.851000 659.358927 19
069 666.916000 666.363294 28
070 675.899000 675.439177 27
071 685.573000 685.772643 35
072 695.248000 695.355388 21
073 705.586000 705.897484 27
074 715.395000 715.897484 0
075 725.261000 725.599986 34
076 734.717000 735.850724 14
077 745.217000 744.904232 27
078 755.217000 755.319472 30
079 764.858000 763.876890 17
080 774.506000 773.876890 0
081 785.429000 786.449500 14
082 796.513000 796.719551 37
083 806.746000 806.815079 16
084 816.819000 816.805433 23
085 826.819000 826.326508 40
086 836.249000 836.326508 0
087 846.163000 846.451055 24
088 856.163000 855.984597 10
089 864.873000 864.933749 13
090 873.220000 873.217748 29
091 883.027000 883.626190 15
092 892.860000 890.640907 12
093 902.860000 903.949025 20
094 912.210000 911.323601 28
095 921.433000 923.173372 11
096 931.433000 931.172436 32
097 940.742000 940.089951 14
098 949.547000 949.265431 26
099 958.617000 959.627675 16
100 968.324000 968.141152 22
101 977.329000 978.181961 33
102 987.329000 987.547129 33
103 997.595000 996.453939 18
104 1007.336000 1007.372587 19
105 1017.463000 1041.121943 10
106 1028.014000 1028.961192 20
107 1037.881000 1112.197048 12
108 1046.619000 1046.661700 33
109 1056.878000 1057.404707 20
110 1066.607000 1066.236164 25
111 1076.607000 1102.916820 8
112 1085.691000 1086.016105 15
113 1095.691000 1095.831439 48
114 1104.986000 1105.677217 33
115 1115.086000 1114.545523 29
116 1124.734000 1123.900338 26
117 1133.904000 1133.900338 0
118 1143.738000 1143.423616 37
119 1153.068000 1153.007105 21
120 1162.582000 1162.945756 21
121 1172.470000 1171.938180 19
122 1181.693000 1180.841028 18
123 1191.553000 1190.841028 0
124 1201.148000 1201.068487 27
125 1211.148000 1210.595725 14
126 1220.338000 1220.410969 19
127 1229.986000 1229.826036 16
128 1239.076000 1238.855592 31
129 1249.076000 1278.151360 11
130 1257.800000 1258.584120 11
131 1267.668000 1269.680596 11
132 1278.014000 1278.718095 26
133 1288.014000 1288.546035 15
134 1297.789000 1297.588959 18
135 1307.517000 1345.351718 9
136 1317.517000 1355.351718 0
137 1327.250000 1327.845347 24
138 1336.985000 1336.970725 42
139 1346.985000 1346.478417 29
140 1356.581000 1356.098530 19
141 1365.299000 1396.588410 13
142 1375.105000 1377.622661 18
143 1385.579000 1339.901349 8
144 1395.579000 1395.644253 28
145 1405.579000 1405.894061 29
146 1415.931000 1416.078083 24
147 1425.340000 1421.705122 12
148 1434.351000 1431.705122 0
149 1443.813000 1444.853220 15
150 1453.703000 1453.847685 33
151 1463.450000 1463.965048 15
152 1471.333000 1473.965048 0
153 1481.566000 1483.965048 0
154 1491.044000 1489.994472 33
155 1500.579000 1501.381691 13
156 1510.173000 1508.242057 12
157 1520.607000 1520.670848 14
158 1530.868000 1530.762291 14
159 1540.607000 1540.635387 11
160 1549.968000 1566.717467 17
161 1560.345000 1560.694899 25
162 1570.539000 1569.305260 18
163 1579.858000 1580.067504 25
164 1589.858000 1590.067504 0
165 1599.858000 1630.497072 8
166 1610.086000 1610.457551 18
167 1620.615000 1622.264394 29
168 1631.827000 1633.754133 13
169 1641.168000 1640.846569 26
170 1651.300000 1651.251864 11
171 1663.636000 1661.251864 0
172 1672.749000 1672.289404 30
173 1683.172000 1687.612575 15
174 1693.095000 1694.099034 24
175 1702.956000 1702.828973 31
176 1713.607000 1710.707102 19
177 1724.031000 1724.215619 17
178 1734.031000 1731.644371 10
179 1742.838000 1743.386711 20
180 1752.449000 1751.531587 13
181 1760.542000 1761.875273 11
182 1770.715000 1770.701661 14
183 1780.992000 1780.701661 0
184 1790.832000 1790.002064 21
185 1800.832000 1800.325374 19
186 1810.721000 1810.964991 32
187 1820.617000 1820.504715 28
188 1830.360000 1830.256429 33
189 1840.013000 1839.612037 32
190 1849.209000 1849.612037 0
191 1860.090000 1861.395844 16
192 1869.680000 1869.517399 13
193 1879.478000 1880.156710 26
194 1889.402000 1889.569341 34
195 1899.097000 1898.682111 22
196 1908.417000 1905.052219 13
197 1917.757000 1918.536332 19
198 1926.911000 1927.237815 38
199 1937.293000 1937.455069 22
200 1946.883000 1946.035524 20
201 1954.809000 1954.087994 16
202 1964.620000 1952.178185 14
203 1974.782000 1937.433178 11
204 1985.579000 1985.527200 28
205 1995.308000 1996.147114 24
206 2005.308000 2002.830069 13
207 2015.204000 2060.363187 9
208 2024.919000 2023.759875 26
209 2034.823000 2033.759875 0
210 2044.823000 2045.286840 40
211 2053.733000 2135.724123 10
212 2065.736000 2066.642550 27
213 2075.432000 2074.917465 29
214 2085.432000 2085.514136 29
215 2095.640000 2074.351132 8
216 2105.535000 2076.615503 9
217 2116.249000 2117.398123 15
218 2125.944000 2126.037137 34
219 2135.944000 2136.379996 24
220 2146.477000 2146.285172 17
221 2156.339000 2157.208064 21
222 2166.172000 2167.073450 28
223 2176.248000 2176.000726 14
224 2185.589000 2182.358835 13
225 2195.326000 2195.097728 27
226 2205.520000 2204.797326 28
227 2217.024000 2217.763925 27
228 2227.821000 2226.986275 27
229 2237.286000 2236.903144 38
230 2246.071000 2245.864727 13
231 2256.071000 2254.556378 20
232 2265.092000 2264.167652 19
233 2275.092000 2275.933111 14
234 2284.908000 2284.888218 28
235 2294.908000 2295.679270 29
236 2304.609000 2304.502924 30
237 2314.609000 2312.663929 11
238 2324.304000 2324.069543 19
239 2334.304000 2331.879957 9
240 2344.486000 2344.875092 17
241 2353.057000 2356.845724 14
242 2362.985000 2362.496649 11
243 2372.520000 2372.275220 32
244 2381.683000 2379.514823 15
245 2392.797000 2386.572199 8
246 2402.524000 2402.586011 32
247 2412.524000 2412.533329 43
248 2422.603000 2422.463683 29
249 2432.623000 2432.034820 29
250 2442.623000 2441.931942 28
251 2451.774000 2450.635030 27
252 2461.676000 2460.635030 0
253 2470.754000 2472.308356 14
254 2481.214000 2480.478181 42
255 2491.098000 2490.295600 11
256 2500.447000 2499.925133 17
257 2509.765000 2509.352160 30
258 2518.890000 2520.465754 12
259 2529.280000 2529.649546 14
260 2538.944000 2539.143690 32
261 2548.529000 2549.495017 27
262 2558.036000 2557.010344 18
263 2567.093000 2567.009779 13
264 2575.836000 2599.135060 8
265 2585.931000 2585.880681 27
266 2595.244000 2595.293435 23
267 2605.244000 2605.219398 22
268 2615.042000 2614.575676 29
269 2624.843000 2624.281118 16
270 2635.057000 2611.593253 8
271 2645.270000 2646.379443 30
272 2654.752000 2656.379443 0
273 2664.938000 2664.107858 23
274 2674.439000 2674.026473 13
275 2684.201000 2684.781978 15
276 2693.355000 2696.448041 22
277 2703.021000 2703.465271 20
278 2712.409000 2712.252903 18
279 2722.955000 2723.868029 32
280 2733.351000 2733.264421 35
281 2743.508000 2743.350231 18
282 2753.438000 2753.350231 0
283 2763.906000 2765.127130 13
284 2774.276000 2774.105586 27
285 2783.156000 2783.148643 27
286 2792.350000 2790.357643 16
287 2802.543000 2802.143366 11
288 2812.446000 2812.143366 0
289 2821.794000 2824.150821 15
290 2830.771000 2830.722283 9
291 2841.083000 2842.690709 9
292 2851.257000 2851.280033 12
293 2861.257000 2861.280033 0
294 2871.591000 2913.605457 10
295 2880.480000 2880.970693 14
296 2890.480000 2890.324123 20
297 2900.383000 2900.858047 27
298 2910.232000 2909.520116 18
299 2920.525000 2920.726908 16
300 2930.148000 2930.185653 31
301 2939.843000 2940.130870 24
302 2949.985000 2950.129787 20
303 2959.411000 2959.891439 20
304 2969.411000 2968.412233 22
305 2979.660000 2979.110098 30
306 2989.373000 2977.348119 8
307 2999.373000 2972.843204 8
308 3009.156000 2960.805490 8
309 3018.995000 3020.063676 25
310 3028.707000 3028.589042 19
311 3038.277000 3037.857057 9
312 3046.041000 3045.875082 16
313 3054.913000 3055.875082 0
314 3064.767000 3065.665488 17
315 3074.767000 3074.347578 27
316 3084.516000 3084.158924 20
317 3092.780000 3092.645068 23
318 3102.278000 3102.022219 22
319 3113.010000 3110.928910 24
320 3122.474000 3082.134731 11
321 3132.329000 3131.859047 26
322 3140.879000 3140.495442 35
323 3150.790000 3150.931316 18
324 3160.555000 3159.389721 19
325 3169.624000 3169.389721 0
326 3177.834000 3179.389721 0
327 3187.548000 3187.650944 28
328 3198.656000 3199.301979 23
329 3208.441000 3207.857773 21
330 3217.491000 3217.686905 25
331 3228.026000 3226.384248 13
332 3238.294000 3236.384248 0
333 3248.222000 3248.157184 16
334 3258.222000 3257.602435 33
335 3267.432000 3266.966349 22
336 3277.002000 3276.442740 34
337 3287.002000 3286.848383 12
338 3297.002000 3296.848383 0
339 3307.002000 3308.629652 25
340 3316.855000 3318.629652 0
341 3326.855000 3328.777318 24
342 3335.816000 3336.024119 14
343 3346.780000 3346.004082 17
344 3357.496000 3357.955621 19
345 3367.780000 3367.753228 36
346 3377.690000 3378.659256 13
347 3387.331000 3387.599121 19
348 3397.331000 3397.485366 26
349 3403.895000 3404.338307 22
350 3413.895000 3411.832938 11
351 3423.625000 3423.904154 20
352 3434.501000 3434.312767 14
353 3444.227000 3444.538968 25
354 3454.999000 3454.839491 19
355 3464.135000 3464.573188 36
356 3474.135000 3474.573188 0
357 3484.135000 3484.206259 21
358 3493.815000 3494.286115 26
359 3503.474000 3503.373269 27
360 3513.133000 3512.919359 30
361 3522.614000 3522.004500 29
362 3532.614000 3532.004500 0
363 3540.698000 3540.686434 20
364 3549.319000 3550.154169 13
365 3560.035000 3559.322836 8
366 3570.427000 3570.514226 20
367 3579.853000 3579.794733 22
368 3588.868000 3628.886275 11
369 3597.758000 3598.049808 20
370 3608.598000 3610.700585 13
371 3619.205000 3619.112467 12
372 3630.495000 3630.045612 27
373 3639.841000 3639.898373 25
374 3650.150000 3649.898373 0
375 3658.773000 3661.694192 10
376 3669.988000 3666.364810 8
377 3675.443000 3676.267932 11
378 3686.082000 3686.408944 30
379 3696.082000 3668.333716 8
380 3707.480000 3709.500153 27
381 3717.480000 3720.759671 34
382 3727.480000 3721.523691 14
383 3737.086000 3799.583083 12
384 3746.943000 3749.946130 14
385 3756.241000 3757.452328 29
386 3766.400000 3766.252872 23
387 3776.400000 3759.328003 18
388 3786.400000 3787.500087 22
389 3795.665000 3795.059681 22
390 3803.874000 3801.688243 21
391 3813.588000 3813.924128 34
392 3823.819000 3823.199890 15
393 3833.460000 3868.134005 9
394 3842.278000 3842.364934 27
395 3852.672000 3852.205600 23
396 3863.100000 3864.420673 12
397 3873.868000 3874.161327 20
398 3883.688000 3883.463961 18
399 3892.560000 3890.847906 29
400 3903.079000 3902.850456 28
401 3913.113000 3913.914296 14
402 3922.683000 3922.494373 27
403 3932.467000 3932.268907 27
404 3942.324000 3938.816976 9
405 3950.945000 3951.013119 15
406 3960.478000 3963.030338 22
407 3970.818000 3971.049909 13
408 3980.709000 3980.777614 9
409 3987.524000 3988.088827 23
410 3997.721000 3998.020143 34
411 4007.827000 4006.766122 14
412 4017.827000 4022.742028 8
413 4027.055000 4026.844470 26
414 4036.481000 4036.687861 22
415 4046.481000 4045.910142 18
416 4055.175000 4055.220370 26
417 4064.458000 4064.541402 11
418 4073.867000 4042.337240 8
419 4082.614000 4052.337240 0
420 4093.775000 4093.981463 9
421 4102.647000 4102.891918 24
422 4111.877000 4111.441126 25
423 4121.715000 4121.432617 34
424 4130.747000 4153.162807 12
425 4140.193000 4140.264460 29
426 4150.031000 4150.053861 14
427 4159.457000 4160.138390 18
428 4170.041000 4169.802124 30
429 4179.827000 4179.414665 36
430 4189.240000 4189.442638 23
431 4198.753000 4199.187784 22
432 4208.351000 4208.352075 38
433 4217.789000 4218.564352 25
434 4227.286000 4227.213384 23
435 4236.999000 4236.940168 23
436 4244.888000 4243.869610 11
437 4254.888000 4251.690381 19
438 4264.439000 4261.690381 0
439 4274.258000 4274.932233 30
440 4284.043000 4284.407992 30
441 4294.402000 4293.745873 30
442 4303.916000 4303.800563 40
443 4313.916000 4311.134214 21
444 4323.916000 4325.987024 14
445 4333.452000 4333.636397 27
446 4343.452000 4343.982886 27
447 4353.696000 4352.416660 19
448 4363.535000 4363.383750 25
449 4373.659000 4391.047203 9
450 4384.141000 4401.047203 0
451 4393.800000 4393.566036 17
452 4403.011000 4403.427455 21
453 4412.922000 4412.194786 21
454 4421.741000 4421.036125 29
455 4431.202000 4472.513886 10
456 4440.558000 4441.361947 33
457 4450.718000 4451.004047 35
458 4460.914000 4460.693692 19
459 4468.980000 4469.065030 22
460 4477.834000 4476.531429 16
461 4487.834000 4486.048145 15
462 4496.760000 4496.048145 0
463 4505.714000 4506.048145 0
464 4514.669000 4540.492335 12
465 4522.896000 4524.410878 10
466 4532.554000 4531.804568 14
467 4540.771000 4541.666471 25
468 4549.692000 4549.710420 36
469 4558.663000 4565.696848 10
470 4568.567000 4574.973473 21
471 4579.446000 4577.234171 17
472 4586.385000 4586.747707 31
473 4596.676000 4596.744821 19
474 4606.008000 4605.837568 33
475 4615.820000 4575.622136 11
476 4624.232000 4623.547692 10
477 4633.843000 4633.722238 30
478 4643.506000 4643.396874 42
479 4652.917000 4652.063294 20
480 4662.917000 4662.864354 35
481 4672.917000 4672.653311 30
