001 0.000000 0.114534 25
002 10.000000 9.696967 12
003 20.000000 19.696967 0
004 30.000000 30.920779 8
005 39.500000 41.787029 9
006 49.500000 48.599524 12
007 59.500000 58.599524 0
008 69.500000 69.464133 14
009 79.500000 79.464133 0
010 89.500000 89.217559 21
011 99.500000 99.199718 19
012 109.500000 109.482950 28
013 119.495000 119.698107 18
014 129.495000 129.201159 20
015 139.495000 139.145559 22
016 149.495000 149.037224 23
017 159.495000 159.225440 30
018 169.495000 169.225440 0
019 179.496000 179.682931 24
020 189.496000 189.581906 26
021 199.496000 199.523994 30
022 209.496000 209.480755 25
023 219.496000 219.683257 16
024 229.496000 241.651156 12
025 239.496000 240.629687 16
026 249.496000 250.629687 0
027 257.833000 258.612113 10
028 268.070000 268.657196 9
029 278.273000 270.476474 9
030 288.681000 280.476474 0
031 299.870000 299.428107 11
032 309.155000 309.428107 0
033 319.459000 319.428107 0
034 327.623000 329.428107 0
035 333.710000 339.428107 0
036 343.710000 349.428107 0
037 353.913000 359.428107 0
038 362.483000 369.428107 0
039 374.999000 379.428107 0
040 385.304000 391.526777 9
041 395.507000 393.567341 12
042 405.814000 405.942731 18
043 416.151000 415.942731 0
044 426.151000 425.942731 0
045 436.526000 436.646234 20
046 446.591000 521.009477 9
047 454.821000 455.296854 14
048 464.821000 465.296854 0
049 473.425000 475.296854 0
050 483.288000 483.634054 9
051 493.185000 492.828491 8
052 502.674000 502.280242 11
053 512.129000 512.280242 0
054 521.822000 522.280242 0
055 532.195000 532.280242 0
056 540.665000 542.280242 0
057 550.665000 552.280242 0
058 560.936000 562.280242 0
059 570.219000 572.280242 0
060 580.219000 582.280242 0
061 590.965000 592.280242 0
062 600.454000 602.280242 0
063 610.340000 611.960753 12
064 620.425000 621.013216 13
065 630.553000 631.013216 0
066 641.140000 641.013216 0
067 650.220000 651.013216 0
068 660.064000 660.360888 16
069 670.064000 670.360888 0
070 679.938000 679.983264 8
071 689.580000 690.165714 14
072 699.835000 700.165714 0
073 709.835000 710.165714 0
074 719.292000 720.165714 0
075 729.031000 728.941060 9
076 738.875000 738.941060 0
077 748.746000 748.941060 0
078 758.152000 757.156458 12
079 767.529000 767.156458 0
080 777.609000 777.156458 0
081 787.844000 790.177841 10
082 798.130000 800.177841 0
083 808.001000 809.322293 9
084 818.288000 817.059844 10
085 828.471000 828.489062 21
086 837.900000 838.489062 0
087 848.134000 849.339862 8
088 857.721000 857.247983 9
089 866.734000 867.247983 0
090 875.852000 875.996962 13
091 885.852000 885.996962 0
092 894.867000 895.996962 0
093 904.998000 905.996962 0
094 914.582000 915.996962 0
095 924.168000 924.464943 10
096 934.168000 934.193739 9
097 943.521000 944.193739 0
098 952.743000 954.193739 0
099 962.718000 964.193739 0
100 972.147000 972.317855 9
101 982.147000 981.580975 15
102 991.915000 992.347490 11
103 1002.124000 1000.965727 13
104 1012.593000 1010.965727 0
105 1022.696000 1021.898322 11
106 1032.179000 1032.221593 9
107 1041.271000 1041.553470 20
108 1051.090000 1051.357788 16
109 1061.324000 1061.357788 0
110 1071.092000 1071.357788 0
111 1081.067000 1081.357788 0
112 1090.341000 1091.249626 9
113 1100.264000 1101.249626 0
114 1110.601000 1109.718691 9
115 1120.188000 1119.718691 0
116 1129.695000 1129.475187 8
117 1139.543000 1139.475187 0
118 1148.939000 1149.367103 13
119 1159.306000 1159.367103 0
120 1168.955000 1169.367103 0
121 1178.580000 1179.367103 0
122 1188.580000 1189.367103 0
123 1198.222000 1199.367103 0
124 1208.379000 1209.367103 0
125 1218.491000 1219.367103 0
126 1228.491000 1227.558305 8
127 1237.938000 1238.044351 8
128 1248.097000 1248.044351 0
129 1257.411000 1259.203490 9
130 1267.338000 1269.203490 0
131 1277.474000 1276.892622 17
132 1287.371000 1286.892622 0
133 1295.957000 1296.892622 0
134 1306.140000 1306.892622 0
135 1316.557000 1316.624069 8
136 1325.905000 1326.624069 0
137 1336.205000 1335.955191 12
138 1346.205000 1346.024413 13
139 1355.472000 1355.687490 10
140 1365.786000 1365.687490 0
141 1375.106000 1375.687490 0
142 1384.732000 1385.687490 0
143 1394.373000 1394.930886 16
144 1403.969000 1404.538391 28
145 1413.772000 1414.538391 0
146 1423.807000 1424.538391 0
147 1432.759000 1434.538391 0
148 1442.185000 1404.878465 13
149 1452.185000 1452.346788 23
150 1461.552000 1462.346788 0
151 1469.403000 1472.346788 0
152 1481.218000 1483.101875 10
153 1491.130000 1491.935235 10
154 1501.296000 1501.935235 0
155 1511.430000 1511.935235 0
156 1521.754000 1521.935235 0
157 1531.842000 1531.935235 0
158 1540.884000 1541.935235 0
159 1551.794000 1549.026511 9
160 1561.076000 1561.038455 12
161 1570.996000 1571.038455 0
162 1580.996000 1582.042127 16
163 1590.875000 1592.042127 0
164 1600.220000 1602.042127 0
165 1609.660000 1612.042127 0
166 1616.952000 1619.244997 10
167 1627.628000 1629.244997 0
168 1638.073000 1638.089989 11
169 1647.976000 1648.089989 0
170 1659.699000 1658.089989 0
171 1669.718000 1669.693147 11
172 1680.298000 1679.693147 0
173 1690.007000 1690.419616 12
174 1700.007000 1700.789573 15
175 1710.047000 1710.789573 0
176 1719.833000 1720.789573 0
177 1729.931000 1730.789573 0
178 1740.105000 1740.950575 14
179 1750.008000 1749.828413 15
180 1759.659000 1761.719536 8
181 1768.983000 1771.753060 8
182 1778.325000 1777.450801 14
183 1786.836000 1787.450801 0
184 1796.991000 1797.450801 0
185 1806.991000 1807.786210 11
186 1817.339000 1817.786210 0
187 1826.856000 1827.014957 24
188 1836.740000 1836.164591 9
189 1847.455000 1846.164591 0
190 1858.635000 1856.164591 0
191 1868.326000 1866.164591 0
192 1878.248000 1877.043765 10
193 1887.920000 1886.143835 10
194 1897.340000 1896.143835 0
195 1905.560000 1906.143835 0
196 1915.773000 1917.505348 12
197 1925.308000 1925.346950 14
198 1935.308000 1935.346950 0
199 1945.308000 1946.692355 11
200 1955.077000 2020.204661 10
201 1964.709000 2030.204661 0
202 1974.265000 2040.204661 0
203 1984.091000 2050.204661 0
204 1994.419000 2060.204661 0
205 2003.917000 2070.204661 0
206 2014.342000 2080.204661 0
207 2024.342000 2090.204661 0
208 2034.748000 2100.204661 0
209 2044.497000 2110.204661 0
210 2052.930000 2120.204661 0
211 2063.510000 2130.204661 0
212 2073.510000 2163.766673 11
213 2083.181000 2173.766673 0
214 2092.775000 2183.766673 0
215 2102.699000 2193.766673 0
216 2113.085000 2203.766673 0
217 2122.582000 2213.766673 0
218 2132.582000 2223.766673 0
219 2142.621000 2233.766673 0
220 2152.621000 2243.766673 0
221 2162.408000 2253.766673 0
222 2171.964000 2263.766673 0
223 2181.132000 2273.766673 0
224 2192.079000 2283.766673 0
225 2201.906000 2293.766673 0
226 2212.564000 2303.766673 0
227 2222.486000 2313.766673 0
228 2231.635000 2323.766673 0
229 2240.552000 2333.766673 0
230 2248.869000 2343.766673 0
231 2259.720000 2353.766673 0
232 2269.584000 2363.766673 0
233 2279.663000 2373.766673 0
234 2289.295000 2383.766673 0
235 2299.140000 2393.766673 0
236 2308.309000 2403.766673 0
237 2318.309000 2413.766673 0
238 2328.433000 2423.766673 0
239 2338.700000 2433.766673 0
240 2348.841000 2443.766673 0
241 2357.638000 2453.766673 0
242 2367.556000 2463.766673 0
243 2377.556000 2473.766673 0
244 2387.492000 2483.766673 0
245 2397.492000 2493.766673 0
246 2407.245000 2503.766673 0
247 2416.888000 2513.766673 0
248 2426.625000 2523.766673 0
249 2436.625000 2533.766673 0
250 2446.625000 2543.766673 0
251 2455.791000 2553.766673 0
252 2465.563000 2563.766673 0
253 2475.219000 2573.766673 0
254 2484.752000 2583.766673 0
255 2494.345000 2593.766673 0
256 2503.590000 2603.766673 0
257 2513.327000 2613.766673 0
258 2522.425000 2623.766673 0
259 2532.425000 2633.766673 0
260 2542.010000 2643.766673 0
261 2551.132000 2653.766673 0
262 2560.594000 2663.766673 0
263 2569.813000 2660.993714 8
264 2579.056000 2670.993714 0
265 2588.033000 2680.993714 0
266 2597.181000 2690.993714 0
267 2607.181000 2700.993714 0
268 2616.802000 2710.993714 0
269 2625.949000 2720.993714 0
270 2635.336000 2730.993714 0
271 2645.336000 2740.993714 0
272 2654.752000 2707.189525 9
273 2664.938000 2717.189525 0
274 2673.879000 2727.189525 0
275 2684.329000 2737.189525 0
276 2693.608000 2747.189525 0
277 2703.396000 2703.458849 8
278 2712.325000 2713.458849 0
279 2723.233000 2723.257776 12
280 2733.586000 2732.872007 9
281 2743.313000 2743.142731 9
282 2753.123000 2753.142731 0
283 2760.110000 2760.978386 8
284 2770.319000 2770.978386 0
285 2780.069000 2779.154684 9
286 2790.069000 2789.154684 0
287 2800.298000 2799.154684 0
288 2810.104000 2809.154684 0
289 2819.480000 2819.154684 0
290 2829.025000 2829.154684 0
291 2839.102000 2839.154684 0
292 2849.021000 2849.154684 0
293 2858.916000 2859.154684 0
294 2869.329000 2869.154684 0
295 2877.668000 2879.154684 0
296 2887.442000 2899.788599 9
297 2897.795000 2897.771712 12
298 2907.293000 2908.348553 8
299 2917.175000 2917.348935 19
300 2926.998000 2927.348935 0
301 2935.746000 2937.348935 0
302 2945.436000 2947.348935 0
303 2955.356000 2956.061514 14
304 2964.522000 2964.170242 10
305 2974.983000 2974.170242 0
306 2985.603000 2985.110953 11
307 2995.729000 3046.568122 10
308 3006.629000 3056.568122 0
309 3014.953000 3015.069616 10
310 3024.823000 3024.580591 11
311 3034.477000 3034.580591 0
312 3043.168000 3044.580591 0
313 3051.342000 3051.809778 14
314 3061.468000 3061.809778 0
315 3071.381000 3071.809778 0
316 3080.242000 3081.809778 0
317 3090.518000 3089.395765 8
318 3099.379000 3099.882810 17
319 3109.614000 3109.882810 0
320 3119.010000 3119.882810 0
321 3128.279000 3129.006798 14
322 3137.870000 3137.183587 14
323 3146.021000 3145.638077 9
324 3155.866000 3155.701433 25
325 3165.193000 3165.701433 0
326 3174.701000 3175.701433 0
327 3184.357000 3185.701433 0
328 3194.357000 3195.072852 11
329 3204.267000 3204.656609 8
330 3213.801000 3214.656609 0
331 3224.560000 3223.651902 12
332 3234.264000 3233.651902 0
333 3244.615000 3243.651902 0
334 3253.814000 3254.704160 9
335 3263.814000 3262.199140 13
336 3273.940000 3273.967876 11
337 3283.138000 3283.967876 0
338 3294.383000 3293.967876 0
339 3302.959000 3305.841260 10
340 3312.556000 3315.841260 0
341 3323.005000 3325.841260 0
342 3334.161000 3334.103300 14
343 3344.480000 3344.103300 0
344 3354.582000 3354.103300 0
345 3364.582000 3364.762931 14
346 3374.424000 3375.445570 9
347 3384.424000 3385.445570 0
348 3394.511000 3394.784660 10
349 3404.275000 3402.423679 11
350 3414.420000 3412.423679 0
351 3423.839000 3422.423679 0
352 3434.227000 3432.423679 0
353 3443.973000 3444.984879 11
354 3454.135000 3454.535368 11
355 3463.796000 3463.188004 15
356 3473.317000 3471.898564 8
357 3483.002000 3481.898564 0
358 3491.710000 3491.383072 16
359 3501.231000 3501.361640 16
360 3511.079000 3511.174745 15
361 3520.698000 3520.891233 10
362 3530.154000 3530.891233 0
363 3539.741000 3539.896506 18
364 3549.838000 3549.896506 0
365 3559.823000 3559.896506 0
366 3571.457000 3569.896506 0
367 3581.369000 3626.944385 8
368 3590.500000 3636.944385 0
369 3600.241000 3646.944385 0
370 3610.648000 3656.944385 0
371 3620.496000 3666.944385 0
372 3631.869000 3676.944385 0
373 3640.968000 3762.427837 9
374 3651.042000 3661.754093 8
375 3660.726000 3671.754093 0
376 3667.063000 3681.754093 0
377 3675.057000 3691.754093 0
378 3686.171000 3685.777559 8
379 3694.652000 3695.777559 0
380 3705.060000 3705.777559 0
381 3715.001000 3715.777559 0
382 3725.044000 3725.777559 0
383 3733.674000 3736.943758 8
384 3743.809000 3743.843463 12
385 3753.461000 3756.191482 9
386 3763.193000 3763.153920 13
387 3772.288000 3773.153920 0
388 3781.697000 3782.900958 15
389 3791.239000 3791.093426 16
390 3799.153000 3798.083661 9
391 3809.153000 3808.083661 0
392 3818.946000 3818.083661 0
393 3828.946000 3828.083661 0
394 3839.290000 3839.260670 11
395 3849.127000 3849.422156 9
396 3859.366000 3861.843228 8
397 3869.880000 3871.843228 0
398 3879.793000 3879.878949 8
399 3889.165000 3888.093554 11
400 3898.538000 3898.093554 0
401 3908.473000 3909.188295 9
402 3918.296000 3917.722836 10
403 3928.034000 3927.722836 0
404 3937.025000 3934.654483 9
405 3945.670000 3944.654483 0
406 3954.797000 3954.654483 0
407 3963.756000 3964.654483 0
408 3975.048000 3975.470842 15
409 3981.645000 3987.342371 8
410 3992.690000 3993.118194 13
411 4002.457000 4003.120571 9
412 4011.982000 4013.120571 0
413 4021.430000 4023.120571 0
414 4030.624000 4033.120571 0
415 4040.513000 4043.120571 0
416 4049.727000 4050.546789 12
417 4058.371000 4060.546789 0
418 4068.258000 4067.822183 9
419 4076.974000 4077.822183 0
420 4085.661000 4087.822183 0
421 4096.585000 4097.304927 9
422 4105.894000 4106.662274 16
423 4115.448000 4114.780236 9
424 4123.311000 4124.780236 0
425 4132.804000 4134.780236 0
426 4142.148000 4140.209231 11
427 4151.574000 4150.209231 0
428 4160.897000 4160.209231 0
429 4170.041000 4170.209231 0
430 4180.202000 4180.209231 0
431 4189.466000 4190.209231 0
432 4198.878000 4200.209231 0
433 4208.352000 4210.209231 0
434 4218.124000 4220.209231 0
435 4228.124000 4227.714534 11
436 4237.399000 4237.253699 9
437 4245.914000 4247.253699 0
438 4255.326000 4257.253699 0
439 4264.948000 4265.016325 11
440 4274.331000 4274.501063 17
441 4284.331000 4285.143942 9
442 4294.866000 4294.055208 19
443 4304.488000 4304.341683 15
444 4314.081000 4314.341683 0
445 4323.524000 4324.341683 0
446 4333.314000 4408.801299 8
447 4342.679000 4343.195429 8
448 4351.252000 4353.195429 0
449 4361.175000 4361.938443 17
450 4371.247000 4371.938443 0
451 4380.061000 4381.938443 0
452 4388.724000 4389.414752 11
453 4397.957000 4395.193481 8
454 4408.286000 4405.193481 0
455 4418.401000 4418.685548 19
456 4427.665000 4428.685548 0
457 4437.586000 4438.685548 0
458 4447.586000 4448.685548 0
459 4457.586000 4458.685548 0
460 4466.965000 4467.015580 11
461 4476.557000 4477.015580 0
462 4485.941000 4518.399090 8
463 4495.941000 4528.399090 0
464 4504.556000 4538.399090 0
465 4514.556000 4548.399090 0
466 4524.310000 4595.514966 8
467 4532.555000 4605.514966 0
468 4542.555000 4615.514966 0
469 4551.201000 4625.514966 0
470 4561.332000 4635.514966 0
471 4572.125000 4645.514966 0
472 4581.268000 4655.514966 0
473 4590.771000 4665.514966 0
474 4600.003000 4675.514966 0
475 4610.003000 4608.167962 12
476 4619.399000 4618.167962 0
477 4627.343000 4628.167962 0
478 4636.335000 4635.651749 15
479 4646.109000 4646.318476 17
480 4655.421000 4655.340843 8
481 4665.421000 4665.340843 0
