001 0.000000 0.960967 14
002 10.000000 10.960967 0
003 20.000000 20.960967 0
004 30.000000 30.960967 0
005 39.500000 40.960967 0
006 49.500000 50.960967 0
007 59.500000 60.960967 0
008 69.500000 70.960967 0
009 79.500000 77.562588 8
010 89.500000 89.625183 14
011 99.500000 98.865496 16
012 109.500000 108.502199 17
013 119.495000 118.502199 0
014 129.495000 128.502199 0
015 139.495000 139.421271 10
016 149.495000 149.345082 15
017 159.495000 158.040977 11
018 169.495000 168.040977 0
019 179.496000 179.184503 12
020 189.496000 189.381194 18
021 199.496000 199.558233 18
022 209.496000 209.399448 19
023 219.496000 219.399448 0
024 229.496000 229.399448 0
025 239.496000 240.595548 12
026 249.496000 250.595548 0
027 257.833000 260.595548 0
028 268.070000 268.899294 11
029 278.273000 277.656078 10
030 288.681000 287.656078 0
031 299.870000 299.755036 14
032 309.155000 309.755036 0
033 319.459000 319.755036 0
034 327.623000 329.755036 0
035 333.710000 339.755036 0
036 343.710000 349.755036 0
037 353.913000 359.755036 0
038 362.483000 369.755036 0
039 374.999000 379.755036 0
040 385.304000 404.359484 12
041 395.507000 395.262167 8
042 405.814000 404.813021 18
043 416.151000 414.813021 0
044 426.151000 424.813021 0
045 436.526000 437.112775 13
046 446.591000 447.112775 0
047 454.821000 457.112775 0
048 464.821000 467.112775 0
049 473.425000 429.720102 8
050 483.288000 439.720102 0
051 493.185000 449.720102 0
052 502.674000 502.479510 11
053 512.129000 512.479510 0
054 521.822000 522.479510 0
055 532.195000 532.479510 0
056 540.665000 542.479510 0
057 550.665000 552.479510 0
058 560.936000 562.479510 0
059 570.219000 569.481706 12
060 580.219000 579.481706 0
061 590.965000 589.481706 0
062 600.454000 599.481706 0
063 610.340000 609.481706 0
064 620.425000 620.802069 16
065 630.553000 632.619864 8
066 641.140000 639.511791 8
067 650.220000 649.511791 0
068 660.064000 659.511791 0
069 670.064000 669.511791 0
070 679.938000 679.511791 0
071 689.580000 689.956749 13
072 699.835000 700.259506 10
073 709.835000 710.259506 0
074 719.292000 720.259506 0
075 729.031000 730.259506 0
076 738.875000 740.259506 0
077 748.746000 749.142083 8
078 758.152000 808.193713 11
079 767.529000 818.193713 0
080 777.609000 828.193713 0
081 787.844000 794.195288 10
082 798.130000 797.817386 8
083 808.001000 808.380079 13
084 818.288000 817.948229 10
085 828.471000 827.697780 11
086 837.900000 837.697780 0
087 848.134000 864.696328 9
088 857.721000 874.696328 0
089 866.734000 884.696328 0
090 875.852000 876.067016 8
091 885.852000 886.067016 0
092 894.867000 896.067016 0
093 904.998000 905.642398 9
094 914.582000 915.642398 0
095 924.168000 924.859351 8
096 934.168000 933.198730 11
097 943.521000 943.198730 0
098 952.743000 953.198730 0
099 962.718000 962.642820 9
100 972.147000 972.642820 0
101 982.147000 982.642820 0
102 991.915000 991.994179 10
103 1002.124000 1001.994179 0
104 1012.593000 1011.994179 0
105 1022.696000 1022.773947 8
106 1032.179000 1032.773947 0
107 1041.271000 1041.691044 13
108 1051.090000 1050.997485 8
109 1061.324000 1062.639936 9
110 1071.092000 1071.181193 16
111 1081.067000 1081.181193 0
112 1090.341000 1091.460876 9
113 1100.264000 1100.535309 10
114 1110.601000 1110.535309 0
115 1120.188000 1120.535309 0
116 1129.695000 1130.535309 0
117 1139.543000 1139.470288 10
118 1148.939000 1149.470288 0
119 1159.306000 1159.470288 0
120 1168.955000 1169.470288 0
121 1178.580000 1179.470288 0
122 1188.580000 1189.470288 0
123 1198.222000 1199.470288 0
124 1208.379000 1209.470288 0
125 1218.491000 1219.470288 0
126 1228.491000 1229.470288 0
127 1237.938000 1239.470288 0
128 1248.097000 1249.470288 0
129 1257.411000 1259.470288 0
130 1267.338000 1269.470288 0
131 1277.474000 1279.388286 10
132 1287.371000 1289.388286 0
133 1295.957000 1299.388286 0
134 1306.140000 1309.388286 0
135 1316.557000 1319.388286 0
136 1325.905000 1329.388286 0
137 1336.205000 1335.993849 10
138 1346.205000 1345.428119 15
139 1355.472000 1355.155673 14
140 1365.786000 1365.155673 0
141 1375.106000 1375.155673 0
142 1384.732000 1385.155673 0
143 1394.373000 1395.155673 0
144 1403.969000 1404.694720 9
145 1413.772000 1414.213546 8
146 1423.807000 1424.213546 0
147 1432.759000 1434.213546 0
148 1442.185000 1444.213546 0
149 1452.185000 1452.427426 14
150 1461.552000 1462.427426 0
151 1469.403000 1472.427426 0
152 1481.218000 1482.427426 0
153 1491.130000 1491.999896 10
154 1501.296000 1501.999896 0
155 1511.430000 1511.999896 0
156 1521.754000 1521.999896 0
157 1531.842000 1531.999896 0
158 1540.884000 1541.999896 0
159 1551.794000 1551.999896 0
160 1561.076000 1561.999896 0
161 1570.996000 1571.999896 0
162 1580.996000 1581.502151 16
163 1590.875000 1591.502151 0
164 1600.220000 1601.502151 0
165 1609.660000 1611.502151 0
166 1616.952000 1621.502151 0
167 1627.628000 1631.502151 0
168 1638.073000 1638.745355 8
169 1647.976000 1648.745355 0
170 1659.699000 1658.745355 0
171 1669.718000 1670.527287 8
172 1680.298000 1680.361437 10
173 1690.007000 1689.719205 10
174 1700.007000 1699.719205 0
175 1710.047000 1709.719205 0
176 1719.833000 1719.719205 0
177 1729.931000 1729.719205 0
178 1740.105000 1739.719205 0
179 1750.008000 1749.719205 0
180 1759.659000 1759.719205 0
181 1768.983000 1769.719205 0
182 1778.325000 1779.719205 0
183 1786.836000 1785.925356 10
184 1796.991000 1795.925356 0
185 1806.991000 1806.987538 8
186 1817.339000 1817.506595 10
187 1826.856000 1826.914861 19
188 1836.740000 1836.914861 0
189 1847.455000 1846.914861 0
190 1858.635000 1856.914861 0
191 1868.326000 1868.539049 11
192 1878.248000 1878.539049 0
193 1887.920000 1888.539049 0
194 1897.340000 1896.156745 9
195 1905.560000 1906.156745 0
196 1915.773000 1916.156745 0
197 1925.308000 1925.585647 12
198 1935.308000 2025.592376 9
199 1945.308000 2035.592376 0
200 1955.077000 2045.592376 0
201 1964.709000 2055.592376 0
202 1974.265000 2065.592376 0
203 1984.091000 2075.592376 0
204 1994.419000 2085.592376 0
205 2003.917000 2095.592376 0
206 2014.342000 2105.592376 0
207 2024.342000 2115.592376 0
208 2034.748000 2125.592376 0
209 2044.497000 2135.592376 0
210 2052.930000 2145.592376 0
211 2063.510000 2155.592376 0
212 2073.510000 2165.592376 0
213 2083.181000 2175.592376 0
214 2092.775000 2185.592376 0
215 2102.699000 2195.592376 0
216 2113.085000 2205.592376 0
217 2122.582000 2164.225965 9
218 2132.582000 2174.225965 0
219 2142.621000 2184.225965 0
220 2152.621000 2194.225965 0
221 2162.408000 2204.225965 0
222 2171.964000 2170.506907 16
223 2181.132000 2180.506907 0
224 2192.079000 2193.145150 9
225 2201.906000 2201.354406 12
226 2212.564000 2211.354406 0
227 2222.486000 2222.480503 12
228 2231.635000 2232.913039 9
229 2240.552000 2242.913039 0
230 2248.869000 2252.913039 0
231 2259.720000 2262.913039 0
232 2269.584000 2272.913039 0
233 2279.663000 2282.913039 0
234 2289.295000 2292.913039 0
235 2299.140000 2302.913039 0
236 2308.309000 2308.246791 12
237 2318.309000 2318.246791 0
238 2328.433000 2328.246791 0
239 2338.700000 2338.112539 11
240 2348.841000 2348.112539 0
241 2357.638000 2358.112539 0
242 2367.556000 2368.112539 0
243 2377.556000 2378.112539 0
244 2387.492000 2386.810072 8
245 2397.492000 2396.810072 0
246 2407.245000 2406.810072 0
247 2416.888000 2416.454754 8
248 2426.625000 2425.807443 11
249 2436.625000 2438.132267 9
250 2446.625000 2448.132267 0
251 2455.791000 2458.132267 0
252 2465.563000 2468.132267 0
253 2475.219000 2475.324472 9
254 2484.752000 2485.324472 0
255 2494.345000 2495.324472 0
256 2503.590000 2505.324472 0
257 2513.327000 2515.324472 0
258 2522.425000 2525.324472 0
259 2532.425000 2531.769748 11
260 2542.010000 2541.769748 0
261 2551.132000 2551.445792 9
262 2560.594000 2561.445792 0
263 2569.813000 2571.445792 0
264 2579.056000 2581.445792 0
265 2588.033000 2587.747946 10
266 2597.181000 2597.747946 0
267 2607.181000 2607.747946 0
268 2616.802000 2617.747946 0
269 2625.949000 2625.530152 11
270 2635.336000 2635.530152 0
271 2645.336000 2645.530152 0
272 2654.752000 2655.530152 0
273 2664.938000 2663.385765 13
274 2673.879000 2673.385765 0
275 2684.329000 2749.134566 8
276 2693.608000 2695.052973 10
277 2703.396000 2702.787287 10
278 2712.325000 2712.787287 0
279 2723.233000 2722.787287 0
280 2733.586000 2732.787287 0
281 2743.313000 2742.787287 0
282 2753.123000 2752.787287 0
283 2760.110000 2762.787287 0
284 2770.319000 2772.787287 0
285 2780.069000 2779.394528 20
286 2790.069000 2790.836172 8
287 2800.298000 2800.836172 0
288 2810.104000 2810.836172 0
289 2819.480000 2820.836172 0
290 2829.025000 2830.836172 0
291 2839.102000 2840.836172 0
292 2849.021000 2852.870209 8
293 2858.916000 2862.870209 0
294 2869.329000 2872.870209 0
295 2877.668000 2882.870209 0
296 2887.442000 2892.870209 0
297 2897.795000 2896.994133 17
298 2907.293000 2906.994133 0
299 2917.175000 2917.180417 11
300 2926.998000 2927.180417 0
301 2935.746000 2937.180417 0
302 2945.436000 2947.180417 0
303 2955.356000 2954.916755 10
304 2964.522000 2964.916755 0
305 2974.983000 2974.916755 0
306 2985.603000 2984.916755 0
307 2995.729000 2994.916755 0
308 3006.629000 3004.916755 0
309 3014.953000 3014.916755 0
310 3024.823000 3024.113346 11
311 3034.477000 3034.113346 0
312 3043.168000 3044.113346 0
313 3051.342000 3054.113346 0
314 3061.468000 3064.113346 0
315 3071.381000 3074.113346 0
316 3080.242000 3084.113346 0
317 3090.518000 3094.113346 0
318 3099.379000 3100.261900 12
319 3109.614000 3108.627863 12
320 3119.010000 3118.627863 0
321 3128.279000 3128.167602 17
322 3137.870000 3136.317457 11
323 3146.021000 3146.317457 0
324 3155.866000 3154.926363 13
325 3165.193000 3164.926363 0
326 3174.701000 3174.926363 0
327 3184.357000 3184.926363 0
328 3194.357000 3194.926363 0
329 3204.267000 3205.330258 9
330 3213.801000 3215.330258 0
331 3224.560000 3225.344172 10
332 3234.264000 3229.628696 9
333 3244.615000 3239.628696 0
334 3253.814000 3253.362666 9
335 3263.814000 3263.687880 8
336 3273.940000 3274.119923 14
337 3283.138000 3284.119923 0
338 3294.383000 3294.119923 0
339 3302.959000 3301.773849 9
340 3312.556000 3311.773849 0
341 3323.005000 3321.773849 0
342 3334.161000 3331.773849 0
343 3344.480000 3341.773849 0
344 3354.582000 3351.773849 0
345 3364.582000 3361.773849 0
346 3374.424000 3371.773849 0
347 3384.424000 3381.773849 0
348 3394.511000 3394.552730 8
349 3404.275000 3404.552730 0
350 3414.420000 3414.552730 0
351 3423.839000 3424.552730 0
352 3434.227000 3434.552730 0
353 3443.973000 3443.894385 9
354 3454.135000 3453.894385 0
355 3463.796000 3462.911712 15
356 3473.317000 3472.911712 0
357 3483.002000 3482.911712 0
358 3491.710000 3492.911712 0
359 3501.231000 3502.911712 0
360 3511.079000 3510.279024 10
361 3520.698000 3520.279024 0
362 3530.154000 3530.279024 0
363 3539.741000 3539.660357 11
364 3549.838000 3549.660357 0
365 3559.823000 3560.667602 9
366 3571.457000 3579.001628 8
367 3581.369000 3579.114502 9
368 3590.500000 3589.114502 0
369 3600.241000 3599.114502 0
370 3610.648000 3609.114502 0
371 3620.496000 3619.114502 0
372 3631.869000 3634.078604 12
373 3640.968000 3639.753601 12
374 3651.042000 3649.753601 0
375 3660.726000 3659.753601 0
376 3667.063000 3669.753601 0
377 3675.057000 3679.753601 0
378 3686.171000 3687.580839 11
379 3694.652000 3697.580839 0
380 3705.060000 3707.580839 0
381 3715.001000 3717.580839 0
382 3725.044000 3727.580839 0
383 3733.674000 3737.580839 0
384 3743.809000 3747.580839 0
385 3753.461000 3757.580839 0
386 3763.193000 3767.580839 0
387 3772.288000 3777.580839 0
388 3781.697000 3782.091174 8
389 3791.239000 3791.557921 10
390 3799.153000 3801.557921 0
391 3809.153000 3811.557921 0
392 3818.946000 3821.557921 0
393 3828.946000 3831.557921 0
394 3839.290000 3841.557921 0
395 3849.127000 3851.557921 0
396 3859.366000 3908.308591 8
397 3869.880000 3918.308591 0
398 3879.793000 3928.308591 0
399 3889.165000 3938.308591 0
400 3898.538000 3901.523189 8
401 3908.473000 3911.523189 0
402 3918.296000 3918.580147 11
403 3928.034000 3928.580147 0
404 3937.025000 3938.580147 0
405 3945.670000 3948.580147 0
406 3954.797000 3958.580147 0
407 3963.756000 3968.580147 0
408 3975.048000 3974.939812 14
409 3981.645000 3984.939812 0
410 3992.690000 3994.939812 0
411 4002.457000 4001.886311 17
412 4011.982000 4011.886311 0
413 4021.430000 4021.886311 0
414 4030.624000 4031.548266 9
415 4040.513000 4040.237470 8
416 4049.727000 4047.856495 11
417 4058.371000 4057.856495 0
418 4068.258000 4066.552835 8
419 4076.974000 4076.552835 0
420 4085.661000 4086.552835 0
421 4096.585000 4096.552835 0
422 4105.894000 4108.185985 12
423 4115.448000 4113.963158 9
424 4123.311000 4120.528465 11
425 4132.804000 4130.528465 0
426 4142.148000 4140.528465 0
427 4151.574000 4150.528465 0
428 4160.897000 4160.528465 0
429 4170.041000 4170.205300 11
430 4180.202000 4179.794904 11
431 4189.466000 4190.141716 12
432 4198.878000 4202.817952 8
433 4208.352000 4212.817952 0
434 4218.124000 4222.817952 0
435 4228.124000 4227.646431 9
436 4237.399000 4237.646431 0
437 4245.914000 4245.744320 11
438 4255.326000 4255.744320 0
439 4264.948000 4265.744320 0
440 4274.331000 4274.542421 11
441 4284.331000 4285.232114 11
442 4294.866000 4294.668989 10
443 4304.488000 4301.710037 9
444 4314.081000 4311.710037 0
445 4323.524000 4321.710037 0
446 4333.314000 4331.710037 0
447 4342.679000 4342.622181 10
448 4351.252000 4352.622181 0
449 4361.175000 4362.607934 12
450 4371.247000 4372.607934 0
451 4380.061000 4382.607934 0
452 4388.724000 4392.607934 0
453 4397.957000 4397.627193 8
454 4408.286000 4407.627193 0
455 4418.401000 4418.017444 9
456 4427.665000 4428.017444 0
457 4437.586000 4438.017444 0
458 4447.586000 4399.965330 8
459 4457.586000 4409.965330 0
460 4466.965000 4390.446523 11
461 4476.557000 4400.446523 0
462 4485.941000 4410.446523 0
463 4495.941000 4420.446523 0
464 4504.556000 4430.446523 0
465 4514.556000 4440.446523 0
466 4524.310000 4450.446523 0
467 4532.555000 4460.446523 0
468 4542.555000 4470.446523 0
469 4551.201000 4546.730712 12
470 4561.332000 4556.730712 0
471 4572.125000 4566.730712 0
472 4581.268000 4576.730712 0
473 4590.771000 4586.730712 0
474 4600.003000 4596.730712 0
475 4610.003000 4606.730712 0
476 4619.399000 4616.730712 0
477 4627.343000 4626.730712 0
478 4636.335000 4636.570980 15
479 4646.109000 4645.909499 9
480 4655.421000 4655.279658 10
481 4665.421000 4665.279658 0
