001 0.000000 1.380278 15
002 10.000000 11.380278 0
003 20.000000 21.380278 0
004 30.000000 31.380278 0
005 39.500000 41.380278 0
006 49.500000 51.380278 0
007 59.500000 61.380278 0
008 69.500000 71.380278 0
009 79.500000 81.380278 0
010 89.500000 89.752462 14
011 99.500000 98.936496 18
012 109.500000 108.843604 16
013 119.495000 118.843604 0
014 129.495000 128.843604 0
015 139.495000 139.944247 12
016 149.495000 149.123457 17
017 159.495000 158.797135 10
018 169.495000 168.797135 0
019 179.496000 179.184503 12
020 189.496000 189.381194 18
021 199.496000 199.558233 18
022 209.496000 209.397839 17
023 219.496000 217.121967 12
024 229.496000 227.121967 0
025 239.496000 240.595548 12
026 249.496000 250.595548 0
027 257.833000 260.595548 0
028 268.070000 269.002925 10
029 278.273000 277.746581 8
030 288.681000 287.746581 0
031 299.870000 299.740472 14
032 309.155000 309.740472 0
033 319.459000 319.740472 0
034 327.623000 329.740472 0
035 333.710000 339.740472 0
036 343.710000 349.740472 0
037 353.913000 359.740472 0
038 362.483000 369.740472 0
039 374.999000 379.740472 0
040 385.304000 403.245165 10
041 395.507000 395.785485 10
042 405.814000 405.984902 18
043 416.151000 415.984902 0
044 426.151000 425.984902 0
045 436.526000 437.112775 13
046 446.591000 447.112775 0
047 454.821000 457.112775 0
048 464.821000 467.112775 0
049 473.425000 477.112775 0
050 483.288000 487.112775 0
051 493.185000 493.133562 9
052 502.674000 502.479219 10
053 512.129000 512.479219 0
054 521.822000 522.479219 0
055 532.195000 532.479219 0
056 540.665000 542.479219 0
057 550.665000 552.479219 0
058 560.936000 563.507279 9
059 570.219000 569.519502 13
060 580.219000 579.519502 0
061 590.965000 623.424035 8
062 600.454000 633.424035 0
063 610.340000 643.424035 0
064 620.425000 620.680237 15
065 630.553000 630.680237 0
066 641.140000 640.680237 0
067 650.220000 650.680237 0
068 660.064000 660.680237 0
069 670.064000 670.680237 0
070 679.938000 680.680237 0
071 689.580000 690.172638 13
072 699.835000 700.263471 9
073 709.835000 710.263471 0
074 719.292000 720.263471 0
075 729.031000 730.263471 0
076 738.875000 740.263471 0
077 748.746000 748.930311 8
078 758.152000 757.291520 10
079 767.529000 767.291520 0
080 777.609000 777.291520 0
081 787.844000 795.407613 9
082 798.130000 798.492023 8
083 808.001000 808.457243 12
084 818.288000 819.048074 10
085 828.471000 829.405001 12
086 837.900000 803.637849 9
087 848.134000 864.859411 10
088 857.721000 874.859411 0
089 866.734000 884.859411 0
090 875.852000 894.859411 0
091 885.852000 904.859411 0
092 894.867000 914.859411 0
093 904.998000 905.639130 13
094 914.582000 914.420286 8
095 924.168000 924.865631 8
096 934.168000 933.048168 12
097 943.521000 943.048168 0
098 952.743000 953.048168 0
099 962.718000 962.651285 9
100 972.147000 972.651285 0
101 982.147000 982.651285 0
102 991.915000 991.129539 8
103 1002.124000 1001.129539 0
104 1012.593000 1011.129539 0
105 1022.696000 1022.182918 10
106 1032.179000 1047.186139 9
107 1041.271000 1042.073714 12
108 1051.090000 1050.997485 8
109 1061.324000 1062.576518 9
110 1071.092000 1071.199570 15
111 1081.067000 1081.199570 0
112 1090.341000 1091.199570 0
113 1100.264000 1100.373447 9
114 1110.601000 1110.373447 0
115 1120.188000 1120.373447 0
116 1129.695000 1130.373447 0
117 1139.543000 1139.520229 10
118 1148.939000 1149.520229 0
119 1159.306000 1159.520229 0
120 1168.955000 1169.520229 0
121 1178.580000 1179.520229 0
122 1188.580000 1189.520229 0
123 1198.222000 1199.520229 0
124 1208.379000 1209.520229 0
125 1218.491000 1219.520229 0
126 1228.491000 1229.520229 0
127 1237.938000 1239.520229 0
128 1248.097000 1249.520229 0
129 1257.411000 1259.520229 0
130 1267.338000 1269.520229 0
131 1277.474000 1278.197387 9
132 1287.371000 1288.197387 0
133 1295.957000 1298.197387 0
134 1306.140000 1308.197387 0
135 1316.557000 1318.197387 0
136 1325.905000 1328.197387 0
137 1336.205000 1335.954444 9
138 1346.205000 1345.808797 12
139 1355.472000 1354.539308 11
140 1365.786000 1364.539308 0
141 1375.106000 1374.539308 0
142 1384.732000 1384.539308 0
143 1394.373000 1394.539308 0
144 1403.969000 1404.362903 9
145 1413.772000 1414.362903 0
146 1423.807000 1424.362903 0
147 1432.759000 1434.362903 0
148 1442.185000 1444.362903 0
149 1452.185000 1452.453627 13
150 1461.552000 1462.453627 0
151 1469.403000 1472.453627 0
152 1481.218000 1482.453627 0
153 1491.130000 1491.999896 10
154 1501.296000 1501.999896 0
155 1511.430000 1511.999896 0
156 1521.754000 1521.999896 0
157 1531.842000 1531.999896 0
158 1540.884000 1541.999896 0
159 1551.794000 1551.999896 0
160 1561.076000 1559.241429 11
161 1570.996000 1569.241429 0
162 1580.996000 1581.199238 16
163 1590.875000 1591.199238 0
164 1600.220000 1601.199238 0
165 1609.660000 1611.199238 0
166 1616.952000 1621.199238 0
167 1627.628000 1631.199238 0
168 1638.073000 1638.745355 8
169 1647.976000 1648.745355 0
170 1659.699000 1658.745355 0
171 1669.718000 1668.745355 0
172 1680.298000 1681.052817 10
173 1690.007000 1689.699280 9
174 1700.007000 1699.699280 0
175 1710.047000 1709.699280 0
176 1719.833000 1719.699280 0
177 1729.931000 1729.699280 0
178 1740.105000 1739.699280 0
179 1750.008000 1749.699280 0
180 1759.659000 1759.699280 0
181 1768.983000 1770.226602 8
182 1778.325000 1780.226602 0
183 1786.836000 1785.925356 10
184 1796.991000 1795.925356 0
185 1806.991000 1807.273723 10
186 1817.339000 1818.022499 9
187 1826.856000 1826.601461 22
188 1836.740000 1836.601461 0
189 1847.455000 1846.601461 0
190 1858.635000 1856.601461 0
191 1868.326000 1868.656102 12
192 1878.248000 1878.656102 0
193 1887.920000 1888.656102 0
194 1897.340000 1896.031105 8
195 1905.560000 1906.031105 0
196 1915.773000 1916.031105 0
197 1925.308000 1925.585647 12
198 1935.308000 1935.585647 0
199 1945.308000 1945.585647 0
200 1955.077000 1955.585647 0
201 1964.709000 1964.479667 9
202 1974.265000 1974.479667 0
203 1984.091000 1984.479667 0
204 1994.419000 1994.479667 0
205 2003.917000 2004.479667 0
206 2014.342000 2014.479667 0
207 2024.342000 2024.657456 9
208 2034.748000 2034.657456 0
209 2044.497000 2044.657456 0
210 2052.930000 2054.657456 0
211 2063.510000 2064.657456 0
212 2073.510000 2071.923871 9
213 2083.181000 2081.923871 0
214 2092.775000 2091.923871 0
215 2102.699000 2101.923871 0
216 2113.085000 2111.923871 0
217 2122.582000 2120.806857 14
218 2132.582000 2130.806857 0
219 2142.621000 2140.806857 0
220 2152.621000 2152.044012 8
221 2162.408000 2162.044012 0
222 2171.964000 2170.985430 21
223 2181.132000 2262.985703 8
224 2192.079000 2272.985703 0
225 2201.906000 2282.985703 0
226 2212.564000 2292.985703 0
227 2222.486000 2288.840513 8
228 2231.635000 2298.840513 0
229 2240.552000 2308.840513 0
230 2248.869000 2318.840513 0
231 2259.720000 2328.840513 0
232 2269.584000 2338.840513 0
233 2279.663000 2348.840513 0
234 2289.295000 2358.840513 0
235 2299.140000 2368.840513 0
236 2308.309000 2378.840513 0
237 2318.309000 2388.840513 0
238 2328.433000 2398.840513 0
239 2338.700000 2339.094580 14
240 2348.841000 2349.094580 0
241 2357.638000 2359.094580 0
242 2367.556000 2369.094580 0
243 2377.556000 2379.094580 0
244 2387.492000 2386.810072 8
245 2397.492000 2396.810072 0
246 2407.245000 2406.810072 0
247 2416.888000 2416.128966 9
248 2426.625000 2425.988353 11
249 2436.625000 2438.132267 9
250 2446.625000 2448.132267 0
251 2455.791000 2453.742483 9
252 2465.563000 2463.742483 0
253 2475.219000 2475.004566 11
254 2484.752000 2483.223364 10
255 2494.345000 2493.223364 0
256 2503.590000 2503.223364 0
257 2513.327000 2513.223364 0
258 2522.425000 2523.223364 0
259 2532.425000 2531.769748 11
260 2542.010000 2541.769748 0
261 2551.132000 2551.364593 10
262 2560.594000 2561.364593 0
263 2569.813000 2571.364593 0
264 2579.056000 2581.364593 0
265 2588.033000 2587.720992 9
266 2597.181000 2597.720992 0
267 2607.181000 2607.720992 0
268 2616.802000 2617.720992 0
269 2625.949000 2625.602669 14
270 2635.336000 2635.602669 0
271 2645.336000 2645.602669 0
272 2654.752000 2655.602669 0
273 2664.938000 2663.436138 12
274 2673.879000 2673.436138 0
275 2684.329000 2683.436138 0
276 2693.608000 2693.436138 0
277 2703.396000 2703.264080 10
278 2712.325000 2713.264080 0
279 2723.233000 2723.264080 0
280 2733.586000 2733.264080 0
281 2743.313000 2743.264080 0
282 2753.123000 2753.264080 0
283 2760.110000 2763.877811 8
284 2770.319000 2773.877811 0
285 2780.069000 2779.726840 18
286 2790.069000 2791.975459 8
287 2800.298000 2869.258503 9
288 2810.104000 2879.258503 0
289 2819.480000 2889.258503 0
290 2829.025000 2899.258503 0
291 2839.102000 2909.258503 0
292 2849.021000 2919.258503 0
293 2858.916000 2929.258503 0
294 2869.329000 2939.258503 0
295 2877.668000 2949.258503 0
296 2887.442000 2959.258503 0
297 2897.795000 2969.258503 0
298 2907.293000 2979.258503 0
299 2917.175000 2989.258503 0
300 2926.998000 2999.258503 0
301 2935.746000 3009.258503 0
302 2945.436000 3019.258503 0
303 2955.356000 3029.258503 0
304 2964.522000 3039.258503 0
305 2974.983000 3049.258503 0
306 2985.603000 3059.258503 0
307 2995.729000 3069.258503 0
308 3006.629000 3079.258503 0
309 3014.953000 3089.258503 0
310 3024.823000 3099.258503 0
311 3034.477000 3109.258503 0
312 3043.168000 3119.258503 0
313 3051.342000 3129.258503 0
314 3061.468000 3139.258503 0
315 3071.381000 3220.613729 8
316 3080.242000 3230.613729 0
317 3090.518000 3240.613729 0
318 3099.379000 3250.613729 0
319 3109.614000 3260.613729 0
320 3119.010000 3270.613729 0
321 3128.279000 3309.585988 8
322 3137.870000 3319.585988 0
323 3146.021000 3329.585988 0
324 3155.866000 3339.585988 0
325 3165.193000 3349.585988 0
326 3174.701000 3359.585988 0
327 3184.357000 3369.585988 0
328 3194.357000 3379.585988 0
329 3204.267000 3389.585988 0
330 3213.801000 3399.585988 0
331 3224.560000 3409.585988 0
332 3234.264000 3419.585988 0
333 3244.615000 3429.585988 0
334 3253.814000 3439.585988 0
335 3263.814000 3449.585988 0
336 3273.940000 3459.585988 0
337 3283.138000 3469.585988 0
338 3294.383000 3479.585988 0
339 3302.959000 3489.585988 0
340 3312.556000 3499.585988 0
341 3323.005000 3509.585988 0
342 3334.161000 3519.585988 0
343 3344.480000 3529.585988 0
344 3354.582000 3539.585988 0
345 3364.582000 3575.042209 10
346 3374.424000 3585.042209 0
347 3384.424000 3595.042209 0
348 3394.511000 3627.183206 9
349 3404.275000 3637.183206 0
350 3414.420000 3647.183206 0
351 3423.839000 3657.183206 0
352 3434.227000 3667.183206 0
353 3443.973000 3677.183206 0
354 3454.135000 3687.281450 8
355 3463.796000 3697.281450 0
356 3473.317000 3707.281450 0
357 3483.002000 3717.281450 0
358 3491.710000 3689.034758 8
359 3501.231000 3699.034758 0
360 3511.079000 3709.034758 0
361 3520.698000 3719.034758 0
362 3530.154000 3729.034758 0
363 3539.741000 3739.034758 0
364 3549.838000 3749.034758 0
365 3559.823000 3759.034758 0
366 3571.457000 3784.002172 8
367 3581.369000 3794.002172 0
368 3590.500000 3804.002172 0
369 3600.241000 3814.002172 0
370 3610.648000 3824.002172 0
371 3620.496000 3834.002172 0
372 3631.869000 3842.775458 8
373 3640.968000 3857.483129 9
374 3651.042000 3867.483129 0
375 3660.726000 3877.483129 0
376 3667.063000 3887.483129 0
377 3675.057000 3897.483129 0
378 3686.171000 3907.483129 0
379 3694.652000 3917.483129 0
380 3705.060000 3927.483129 0
381 3715.001000 3937.483129 0
382 3725.044000 3947.483129 0
383 3733.674000 3957.483129 0
384 3743.809000 3967.483129 0
385 3753.461000 3977.483129 0
386 3763.193000 3987.483129 0
387 3772.288000 3997.483129 0
388 3781.697000 4007.483129 0
389 3791.239000 4017.483129 0
390 3799.153000 4027.483129 0
391 3809.153000 4037.483129 0
392 3818.946000 4047.483129 0
393 3828.946000 4057.483129 0
394 3839.290000 4102.342023 8
395 3849.127000 4098.152742 8
396 3859.366000 4108.152742 0
397 3869.880000 4118.152742 0
398 3879.793000 4128.152742 0
399 3889.165000 4138.152742 0
400 3898.538000 4117.845339 8
401 3908.473000 4127.845339 0
402 3918.296000 4137.845339 0
403 3928.034000 4147.845339 0
404 3937.025000 4157.845339 0
405 3945.670000 4167.845339 0
406 3954.797000 4177.845339 0
407 3963.756000 4187.845339 0
408 3975.048000 4197.845339 0
409 3981.645000 4207.845339 0
410 3992.690000 4217.845339 0
411 4002.457000 4293.128339 8
412 4011.982000 4303.128339 0
413 4021.430000 4313.128339 0
414 4030.624000 4323.128339 0
415 4040.513000 4333.128339 0
416 4049.727000 4343.128339 0
417 4058.371000 4353.128339 0
418 4068.258000 4363.128339 0
419 4076.974000 4373.128339 0
420 4085.661000 4383.128339 0
421 4096.585000 4393.128339 0
422 4105.894000 4403.128339 0
423 4115.448000 4413.128339 0
424 4123.311000 4423.128339 0
425 4132.804000 4433.128339 0
426 4142.148000 4443.128339 0
427 4151.574000 4453.128339 0
428 4160.897000 4463.128339 0
429 4170.041000 4473.128339 0
430 4180.202000 4483.128339 0
431 4189.466000 4544.752470 13
432 4198.878000 4554.752470 0
433 4208.352000 4564.752470 0
434 4218.124000 4574.752470 0
435 4228.124000 4584.752470 0
436 4237.399000 4594.752470 0
437 4245.914000 4604.752470 0
438 4255.326000 4614.752470 0
439 4264.948000 4624.752470 0
440 4274.331000 4634.752470 0
441 4284.331000 4644.752470 0
442 4294.866000 4654.752470 0
443 4304.488000 4664.752470 0
444 4314.081000 4674.752470 0
445 4323.524000 4684.752470 0
446 4333.314000 4694.752470 0
447 4342.679000 4704.752470 0
448 4351.252000 4714.752470 0
449 4361.175000 4724.752470 0
450 4371.247000 4734.752470 0
451 4380.061000 4631.754235 8
452 4388.724000 4641.754235 0
453 4397.957000 4651.754235 0
454 4408.286000 4661.754235 0
455 4418.401000 4671.754235 0
456 4427.665000 4681.754235 0
457 4437.586000 4691.754235 0
458 4447.586000 4701.754235 0
459 4457.586000 4637.831764 8
460 4466.965000 4647.831764 0
461 4476.557000 4657.831764 0
462 4485.941000 4667.831764 0
463 4495.941000 4677.831764 0
464 4504.556000 4687.831764 0
465 4514.556000 4697.831764 0
466 4524.310000 4707.831764 0
467 4532.555000 4717.831764 0
468 4542.555000 4727.831764 0
469 4551.201000 4737.831764 0
470 4561.332000 4561.242079 9
471 4572.125000 4571.242079 0
472 4581.268000 4581.242079 0
473 4590.771000 4591.242079 0
474 4600.003000 4601.242079 0
475 4610.003000 4611.242079 0
476 4619.399000 4621.242079 0
477 4627.343000 4631.242079 0
478 4636.335000 4636.031988 16
479 4646.109000 4645.252647 11
480 4655.421000 4654.789182 8
481 4665.421000 4664.789182 0
