001 0.000000 0.235988 31
002 10.000000 9.674775 11
003 20.000000 19.674775 0
004 30.000000 30.920779 8
005 39.500000 41.833224 8
006 49.500000 47.327317 10
007 59.500000 57.327317 0
008 69.500000 69.219266 12
009 79.500000 79.219266 0
010 89.500000 89.204250 20
011 99.500000 99.417672 16
012 109.500000 109.594235 24
013 119.495000 119.698107 18
014 129.495000 129.520710 19
015 139.495000 139.119046 20
016 149.495000 149.119495 22
017 159.495000 159.374795 32
018 169.495000 169.462135 8
019 179.496000 179.702487 22
020 189.496000 189.574342 28
021 199.496000 199.652918 32
022 209.496000 209.424800 29
023 219.496000 219.830173 16
024 229.496000 230.389741 12
025 239.496000 240.274611 18
026 249.496000 250.274611 0
027 257.833000 260.274611 0
028 268.070000 269.070133 9
029 278.273000 270.829554 8
030 288.681000 280.829554 0
031 299.870000 299.381969 10
032 309.155000 309.381969 0
033 319.459000 319.381969 0
034 327.623000 329.381969 0
035 333.710000 339.381969 0
036 343.710000 349.381969 0
037 353.913000 359.381969 0
038 362.483000 369.381969 0
039 374.999000 379.381969 0
040 385.304000 385.181105 9
041 395.507000 389.158847 16
042 405.814000 405.885082 19
043 416.151000 441.324487 8
044 426.151000 451.324487 0
045 436.526000 436.646234 20
046 446.591000 521.009477 9
047 454.821000 455.337820 13
048 464.821000 465.337820 0
049 473.425000 475.337820 0
050 483.288000 484.944836 12
051 493.185000 494.944836 0
052 502.674000 501.639215 11
053 512.129000 511.639215 0
054 521.822000 521.639215 0
055 532.195000 531.639215 0
056 540.665000 541.639215 0
057 550.665000 551.639215 0
058 560.936000 561.639215 0
059 570.219000 571.639215 0
060 580.219000 580.314518 8
061 590.965000 590.314518 0
062 600.454000 600.132048 8
063 610.340000 611.956719 12
064 620.425000 620.969388 16
065 630.553000 631.001909 8
066 641.140000 641.001909 0
067 650.220000 651.001909 0
068 660.064000 659.992242 16
069 670.064000 669.992242 0
070 679.938000 678.812503 9
071 689.580000 690.178351 13
072 699.835000 700.178351 0
073 709.835000 710.178351 0
074 719.292000 720.178351 0
075 729.031000 728.924908 10
076 738.875000 738.924908 0
077 748.746000 748.924908 0
078 758.152000 757.148500 12
079 767.529000 767.148500 0
080 777.609000 777.148500 0
081 787.844000 790.110781 9
082 798.130000 800.110781 0
083 808.001000 809.452303 8
084 818.288000 817.176661 11
085 828.471000 828.960998 17
086 837.900000 838.960998 0
087 848.134000 848.869792 9
088 857.721000 857.225488 10
089 866.734000 905.149106 8
090 875.852000 875.979952 10
091 885.852000 885.979952 0
092 894.867000 895.979952 0
093 904.998000 905.979952 0
094 914.582000 915.979952 0
095 924.168000 924.438432 11
096 934.168000 934.201655 8
097 943.521000 944.201655 0
098 952.743000 954.201655 0
099 962.718000 964.201655 0
100 972.147000 972.317855 9
101 982.147000 981.580975 15
102 991.915000 992.253359 11
103 1002.124000 1000.831956 12
104 1012.593000 1010.831956 0
105 1022.696000 1021.977654 12
106 1032.179000 1031.977654 0
107 1041.271000 1041.797527 22
108 1051.090000 1049.775551 14
109 1061.324000 1059.775551 0
110 1071.092000 1069.775551 0
111 1081.067000 1079.775551 0
112 1090.341000 1092.406297 10
113 1100.264000 1102.406297 0
114 1110.601000 1110.069923 9
115 1120.188000 1120.069923 0
116 1129.695000 1129.533698 12
117 1139.543000 1139.533698 0
118 1148.939000 1148.723140 16
119 1159.306000 1158.723140 0
120 1168.955000 1151.097898 9
121 1178.580000 1161.097898 0
122 1188.580000 1171.097898 0
123 1198.222000 1181.097898 0
124 1208.379000 1209.978806 9
125 1218.491000 1214.912656 9
126 1228.491000 1227.558305 8
127 1237.938000 1238.650253 9
128 1248.097000 1248.650253 0
129 1257.411000 1259.203490 9
130 1267.338000 1269.203490 0
131 1277.474000 1277.435038 13
132 1287.371000 1282.921957 8
133 1295.957000 1292.921957 0
134 1306.140000 1306.794361 13
135 1316.557000 1316.624069 8
136 1325.905000 1326.624069 0
137 1336.205000 1335.785918 9
138 1346.205000 1346.063602 13
139 1355.472000 1355.687490 10
140 1365.786000 1365.687490 0
141 1375.106000 1375.687490 0
142 1384.732000 1385.687490 0
143 1394.373000 1394.269991 13
144 1403.969000 1404.370445 27
145 1413.772000 1414.370445 0
146 1423.807000 1424.370445 0
147 1432.759000 1434.370445 0
148 1442.185000 1404.179639 12
149 1452.185000 1452.344801 22
150 1461.552000 1462.344801 0
151 1469.403000 1472.344801 0
152 1481.218000 1480.701440 9
153 1491.130000 1491.793066 9
154 1501.296000 1501.793066 0
155 1511.430000 1511.793066 0
156 1521.754000 1521.793066 0
157 1531.842000 1531.793066 0
158 1540.884000 1541.793066 0
159 1551.794000 1549.318749 10
160 1561.076000 1561.433540 13
161 1570.996000 1571.433540 0
162 1580.996000 1582.391493 17
163 1590.875000 1592.391493 0
164 1600.220000 1602.391493 0
165 1609.660000 1612.391493 0
166 1616.952000 1618.826229 9
167 1627.628000 1628.826229 0
168 1638.073000 1638.088134 11
169 1647.976000 1648.088134 0
170 1659.699000 1658.088134 0
171 1669.718000 1670.523088 10
172 1680.298000 1680.523088 0
173 1690.007000 1690.478763 11
174 1700.007000 1701.478046 15
175 1710.047000 1711.478046 0
176 1719.833000 1720.168890 9
177 1729.931000 1730.168890 0
178 1740.105000 1741.045704 12
179 1750.008000 1749.816755 15
180 1759.659000 1761.490142 9
181 1768.983000 1771.490142 0
182 1778.325000 1777.958196 11
183 1786.836000 1787.958196 0
184 1796.991000 1797.958196 0
185 1806.991000 1807.928948 12
186 1817.339000 1817.928948 0
187 1826.856000 1827.004576 27
188 1836.740000 1836.293371 10
189 1847.455000 1846.293371 0
190 1858.635000 1856.293371 0
191 1868.326000 1868.488533 9
192 1878.248000 1876.898866 9
193 1887.920000 1886.830766 11
194 1897.340000 1896.830766 0
195 1905.560000 1906.830766 0
196 1915.773000 1917.689378 11
197 1925.308000 1925.492691 16
198 1935.308000 1935.492691 0
199 1945.308000 1947.204245 8
200 1955.077000 1955.983185 10
201 1964.709000 1965.983185 0
202 1974.265000 1975.983185 0
203 1984.091000 1985.983185 0
204 1994.419000 1993.169826 10
205 2003.917000 2002.848196 10
206 2014.342000 2012.848196 0
207 2024.342000 2023.991402 10
208 2034.748000 2033.991402 0
209 2044.497000 2042.934447 9
210 2052.930000 2052.934447 0
211 2063.510000 2064.462098 13
212 2073.510000 2074.779918 11
213 2083.181000 2083.201410 13
214 2092.775000 2093.201410 0
215 2102.699000 2103.201410 0
216 2113.085000 2113.201410 0
217 2122.582000 2122.700297 10
218 2132.582000 2132.700297 0
219 2142.621000 2143.041489 9
220 2152.621000 2153.041489 0
221 2162.408000 2163.041489 0
222 2171.964000 2171.502062 21
223 2181.132000 2181.502062 0
224 2192.079000 2192.670767 8
225 2201.906000 2201.232455 10
226 2212.564000 2211.232455 0
227 2222.486000 2222.500971 12
228 2231.635000 2231.470556 8
229 2240.552000 2241.470556 0
230 2248.869000 2251.470556 0
231 2259.720000 2260.978502 8
232 2269.584000 2270.978502 0
233 2279.663000 2282.698527 8
234 2289.295000 2290.722591 10
235 2299.140000 2297.996162 12
236 2308.309000 2308.537679 8
237 2318.309000 2318.537679 0
238 2328.433000 2328.537679 0
239 2338.700000 2338.517150 9
240 2348.841000 2348.517150 0
241 2357.638000 2358.517150 0
242 2367.556000 2368.354956 8
243 2377.556000 2378.354956 0
244 2387.492000 2387.134022 24
245 2397.492000 2397.134022 0
246 2407.245000 2407.342245 17
247 2416.888000 2416.461018 16
248 2426.625000 2426.726017 21
249 2436.625000 2437.383991 11
250 2446.625000 2447.383991 0
251 2455.791000 2457.383991 0
252 2465.563000 2465.070781 8
253 2475.219000 2476.082694 13
254 2484.752000 2483.015800 12
255 2494.345000 2495.588081 9
256 2503.590000 2505.588081 0
257 2513.327000 2515.588081 0
258 2522.425000 2534.254996 8
259 2532.425000 2535.533965 8
260 2542.010000 2541.952185 10
261 2551.132000 2550.908294 16
262 2560.594000 2560.908294 0
263 2569.813000 2570.908294 0
264 2579.056000 2580.908294 0
265 2588.033000 2588.645766 12
266 2597.181000 2598.645766 0
267 2607.181000 2608.645766 0
268 2616.802000 2613.905167 9
269 2625.949000 2625.509246 16
270 2635.336000 2614.902339 8
271 2645.336000 2624.902339 0
272 2654.752000 2654.774803 9
273 2664.938000 2664.526644 10
274 2673.879000 2668.736686 8
275 2684.329000 2678.736686 0
276 2693.608000 2688.736686 0
277 2703.396000 2703.461542 9
278 2712.325000 2713.461542 0
279 2723.233000 2723.048005 13
280 2733.586000 2732.768688 8
281 2743.313000 2743.142731 9
282 2753.123000 2753.142731 0
283 2760.110000 2763.142731 0
284 2770.319000 2770.292275 8
285 2780.069000 2779.866866 11
286 2790.069000 2789.866866 0
287 2800.298000 2799.866866 0
288 2810.104000 2809.866866 0
289 2819.480000 2819.866866 0
290 2829.025000 2829.866866 0
291 2839.102000 2839.866866 0
292 2849.021000 2849.866866 0
293 2858.916000 2859.866866 0
294 2869.329000 2869.866866 0
295 2877.668000 2879.866866 0
296 2887.442000 2898.862990 8
297 2897.795000 2897.705772 14
298 2907.293000 2908.560103 8
299 2917.175000 2917.462449 17
300 2926.998000 2927.462449 0
301 2935.746000 2937.462449 0
302 2945.436000 2947.462449 0
303 2955.356000 2955.949291 14
304 2964.522000 2965.949291 0
305 2974.983000 2975.949291 0
306 2985.603000 2986.002071 13
307 2995.729000 3046.904277 8
308 3006.629000 3056.904277 0
309 3014.953000 3014.634607 10
310 3024.823000 3024.474880 9
311 3034.477000 3034.474880 0
312 3043.168000 3044.509032 11
313 3051.342000 3051.613667 13
314 3061.468000 3061.613667 0
315 3071.381000 3071.523006 9
316 3080.242000 3081.523006 0
317 3090.518000 3089.666940 9
318 3099.379000 3100.144290 19
319 3109.614000 3110.144290 0
320 3119.010000 3120.144290 0
321 3128.279000 3129.154470 13
322 3137.870000 3136.857865 12
323 3146.021000 3145.554602 8
324 3155.866000 3156.160135 25
325 3165.193000 3166.160135 0
326 3174.701000 3176.160135 0
327 3184.357000 3186.160135 0
328 3194.357000 3196.160135 0
329 3204.267000 3204.655903 10
330 3213.801000 3214.655903 0
331 3224.560000 3224.052021 14
332 3234.264000 3234.052021 0
333 3244.615000 3244.052021 0
334 3253.814000 3254.052021 0
335 3263.814000 3262.041665 12
336 3273.940000 3273.967876 11
337 3283.138000 3283.967876 0
338 3294.383000 3293.967876 0
339 3302.959000 3304.865481 10
340 3312.556000 3314.865481 0
341 3323.005000 3324.865481 0
342 3334.161000 3334.109098 15
343 3344.480000 3344.109098 0
344 3354.582000 3354.109098 0
345 3364.582000 3364.755724 13
346 3374.424000 3375.214803 8
347 3384.424000 3385.214803 0
348 3394.511000 3395.706191 12
349 3404.275000 3403.562758 9
350 3414.420000 3413.562758 0
351 3423.839000 3423.562758 0
352 3434.227000 3433.562758 0
353 3443.973000 3445.254069 12
354 3454.135000 3454.566698 11
355 3463.796000 3463.521424 16
356 3473.317000 3473.250322 11
357 3483.002000 3483.250322 0
358 3491.710000 3491.780251 16
359 3501.231000 3501.507064 15
360 3511.079000 3511.393178 14
361 3520.698000 3520.891233 10
362 3530.154000 3530.891233 0
363 3539.741000 3539.912797 16
364 3549.838000 3549.912797 0
365 3559.823000 3559.912797 0
366 3571.457000 3569.912797 0
367 3581.369000 3625.393207 9
368 3590.500000 3579.178993 8
369 3600.241000 3589.178993 0
370 3610.648000 3599.178993 0
371 3620.496000 3609.178993 0
372 3631.869000 3631.205750 13
373 3640.968000 3641.530260 17
374 3651.042000 3661.754093 8
375 3660.726000 3671.754093 0
376 3667.063000 3681.754093 0
377 3675.057000 3691.754093 0
378 3686.171000 3686.016201 9
379 3694.652000 3696.016201 0
380 3705.060000 3706.016201 0
381 3715.001000 3716.016201 0
382 3725.044000 3726.016201 0
383 3733.674000 3736.016201 0
384 3743.809000 3743.843463 12
385 3753.461000 3753.998156 8
386 3763.193000 3762.601594 9
387 3772.288000 3772.601594 0
388 3781.697000 3782.900958 15
389 3791.239000 3790.824960 14
390 3799.153000 3798.083661 9
391 3809.153000 3808.083661 0
392 3818.946000 3818.083661 0
393 3828.946000 3828.083661 0
394 3839.290000 3839.278739 13
395 3849.127000 3849.278739 0
396 3859.366000 3859.278739 0
397 3869.880000 3870.014682 8
398 3879.793000 3880.014682 0
399 3889.165000 3890.014682 0
400 3898.538000 3900.014682 0
401 3908.473000 3909.783526 13
402 3918.296000 3918.037118 11
403 3928.034000 3928.037118 0
404 3937.025000 3934.313182 10
405 3945.670000 3944.313182 0
406 3954.797000 3954.313182 0
407 3963.756000 3964.313182 0
408 3975.048000 3975.700640 15
409 3981.645000 3987.342371 8
410 3992.690000 3992.376588 10
411 4002.457000 4002.376588 0
412 4011.982000 4012.376588 0
413 4021.430000 4022.376588 0
414 4030.624000 4032.376588 0
415 4040.513000 4042.376588 0
416 4049.727000 4051.091468 12
417 4058.371000 4061.091468 0
418 4068.258000 4071.091468 0
419 4076.974000 4081.091468 0
420 4085.661000 4091.091468 0
421 4096.585000 4097.334447 9
422 4105.894000 4106.869295 16
423 4115.448000 4113.780101 9
424 4123.311000 4107.382542 9
425 4132.804000 4117.382542 0
426 4142.148000 4140.220987 12
427 4151.574000 4150.220987 0
428 4160.897000 4160.220987 0
429 4170.041000 4170.220987 0
430 4180.202000 4180.220987 0
431 4189.466000 4190.220987 0
432 4198.878000 4200.220987 0
433 4208.352000 4210.220987 0
434 4218.124000 4216.764247 11
435 4228.124000 4227.028662 13
436 4237.399000 4237.802829 10
437 4245.914000 4247.802829 0
438 4255.326000 4257.802829 0
439 4264.948000 4264.488913 12
440 4274.331000 4274.491066 16
441 4284.331000 4284.908658 8
442 4294.866000 4293.824676 15
443 4304.488000 4304.341683 15
444 4314.081000 4314.341683 0
445 4323.524000 4324.341683 0
446 4333.314000 4408.801299 8
447 4342.679000 4342.797545 8
448 4351.252000 4351.495859 10
449 4361.175000 4361.548551 18
450 4371.247000 4371.548551 0
451 4380.061000 4381.548551 0
452 4388.724000 4389.348654 12
453 4397.957000 4397.366481 8
454 4408.286000 4408.807953 8
455 4418.401000 4418.696668 18
456 4427.665000 4428.696668 0
457 4437.586000 4438.696668 0
458 4447.586000 4448.696668 0
459 4457.586000 4458.696668 0
460 4466.965000 4467.015580 11
461 4476.557000 4477.015580 0
462 4485.941000 4487.015580 0
463 4495.941000 4497.015580 0
464 4504.556000 4507.015580 0
465 4514.556000 4517.015580 0
466 4524.310000 4527.015580 0
467 4532.555000 4537.015580 0
468 4542.555000 4547.015580 0
469 4551.201000 4557.015580 0
470 4561.332000 4567.015580 0
471 4572.125000 4577.015580 0
472 4581.268000 4587.015580 0
473 4590.771000 4597.015580 0
474 4600.003000 4607.015580 0
475 4610.003000 4607.612337 14
476 4619.399000 4617.612337 0
477 4627.343000 4627.355015 8
478 4636.335000 4635.451258 17
479 4646.109000 4646.241914 18
480 4655.421000 4654.817586 9
481 4665.421000 4664.817586 0
