001 0.000000 0.245315 32
002 10.000000 9.053979 13
003 20.000000 19.053979 0
004 30.000000 29.053979 0
005 39.500000 41.833224 8
006 49.500000 48.599524 12
007 59.500000 58.599524 0
008 69.500000 69.449492 13
009 79.500000 79.449492 0
010 89.500000 89.206446 20
011 99.500000 98.541205 13
012 109.500000 109.579658 29
013 119.495000 119.635933 15
014 129.495000 129.490774 18
015 139.495000 139.389014 21
016 149.495000 149.015680 22
017 159.495000 158.921040 29
018 169.495000 169.462135 8
019 179.496000 179.724081 20
020 189.496000 189.597282 27
021 199.496000 199.656477 31
022 209.496000 209.418002 26
023 219.496000 219.339214 12
024 229.496000 230.389741 12
025 239.496000 239.675811 18
026 249.496000 249.675811 0
027 257.833000 258.612113 10
028 268.070000 269.176287 10
029 278.273000 279.176287 0
030 288.681000 289.176287 0
031 299.870000 299.331082 9
032 309.155000 309.331082 0
033 319.459000 319.331082 0
034 327.623000 329.331082 0
035 333.710000 339.331082 0
036 343.710000 349.331082 0
037 353.913000 359.331082 0
038 362.483000 369.331082 0
039 374.999000 379.331082 0
040 385.304000 385.181105 9
041 395.507000 389.081147 14
042 405.814000 405.885082 19
043 416.151000 415.885082 0
044 426.151000 425.885082 0
045 436.526000 436.223021 20
046 446.591000 446.223021 0
047 454.821000 455.271935 12
048 464.821000 465.271935 0
049 473.425000 475.271935 0
050 483.288000 484.572480 10
051 493.185000 494.572480 0
052 502.674000 503.509498 12
053 512.129000 513.509498 0
054 521.822000 523.509498 0
055 532.195000 533.509498 0
056 540.665000 543.509498 0
057 550.665000 553.509498 0
058 560.936000 563.509498 0
059 570.219000 573.509498 0
060 580.219000 577.495376 8
061 590.965000 587.495376 0
062 600.454000 597.495376 0
063 610.340000 612.020130 12
064 620.425000 621.511495 18
065 630.553000 631.511495 0
066 641.140000 641.511495 0
067 650.220000 651.511495 0
068 660.064000 660.033439 15
069 670.064000 670.033439 0
070 679.938000 679.333081 8
071 689.580000 690.165714 14
072 699.835000 700.165714 0
073 709.835000 710.165714 0
074 719.292000 720.165714 0
075 729.031000 728.924908 10
076 738.875000 738.924908 0
077 748.746000 748.924908 0
078 758.152000 757.148500 12
079 767.529000 767.148500 0
080 777.609000 777.148500 0
081 787.844000 790.369377 9
082 798.130000 797.081785 13
083 808.001000 809.236587 10
084 818.288000 817.481231 12
085 828.471000 828.798311 19
086 837.900000 838.798311 0
087 848.134000 848.798311 0
088 857.721000 857.241679 9
089 866.734000 867.241679 0
090 875.852000 875.989805 12
091 885.852000 885.989805 0
092 894.867000 895.989805 0
093 904.998000 905.003643 8
094 914.582000 914.528850 10
095 924.168000 924.876203 8
096 934.168000 934.347099 11
097 943.521000 944.347099 0
098 952.743000 953.109503 8
099 962.718000 963.109503 0
100 972.147000 972.876383 10
101 982.147000 981.994248 15
102 991.915000 992.380587 9
103 1002.124000 1000.859265 12
104 1012.593000 1010.859265 0
105 1022.696000 1020.859265 0
106 1032.179000 1030.859265 0
107 1041.271000 1041.743924 22
108 1051.090000 1051.485850 16
109 1061.324000 1061.485850 0
110 1071.092000 1071.380364 10
111 1081.067000 1081.380364 0
112 1090.341000 1091.609968 8
113 1100.264000 1101.609968 0
114 1110.601000 1109.750115 10
115 1120.188000 1119.750115 0
116 1129.695000 1129.475187 8
117 1139.543000 1139.475187 0
118 1148.939000 1148.718573 15
119 1159.306000 1158.718573 0
120 1168.955000 1168.718573 0
121 1178.580000 1177.622239 8
122 1188.580000 1187.622239 0
123 1198.222000 1197.622239 0
124 1208.379000 1210.019600 8
125 1218.491000 1215.721010 9
126 1228.491000 1227.558305 8
127 1237.938000 1237.558305 0
128 1248.097000 1247.558305 0
129 1257.411000 1259.416768 12
130 1267.338000 1269.416768 0
131 1277.474000 1276.856036 16
132 1287.371000 1286.856036 0
133 1295.957000 1296.856036 0
134 1306.140000 1306.794361 13
135 1316.557000 1316.794361 0
136 1325.905000 1332.449820 8
137 1336.205000 1336.069032 11
138 1346.205000 1345.276200 13
139 1355.472000 1355.690307 9
140 1365.786000 1365.690307 0
141 1375.106000 1375.690307 0
142 1384.732000 1385.690307 0
143 1394.373000 1395.692406 16
144 1403.969000 1404.438407 24
145 1413.772000 1414.438407 0
146 1423.807000 1424.438407 0
147 1432.759000 1432.041728 10
148 1442.185000 1405.454723 10
149 1452.185000 1452.332350 23
150 1461.552000 1462.332350 0
151 1469.403000 1472.332350 0
152 1481.218000 1480.701440 9
153 1491.130000 1491.935235 10
154 1501.296000 1501.935235 0
155 1511.430000 1511.935235 0
156 1521.754000 1521.935235 0
157 1531.842000 1531.935235 0
158 1540.884000 1541.935235 0
159 1551.794000 1549.613009 8
160 1561.076000 1561.408683 15
161 1570.996000 1571.408683 0
162 1580.996000 1582.467112 16
163 1590.875000 1592.467112 0
164 1600.220000 1602.467112 0
165 1609.660000 1612.467112 0
166 1616.952000 1619.244997 10
167 1627.628000 1629.244997 0
168 1638.073000 1638.096960 11
169 1647.976000 1648.096960 0
170 1659.699000 1658.096960 0
171 1669.718000 1668.096960 0
172 1680.298000 1678.096960 0
173 1690.007000 1690.419616 12
174 1700.007000 1701.455169 15
175 1710.047000 1711.455169 0
176 1719.833000 1720.503102 8
177 1729.931000 1730.503102 0
178 1740.105000 1740.934709 11
179 1750.008000 1749.823647 16
180 1759.659000 1761.490142 9
181 1768.983000 1771.490142 0
182 1778.325000 1776.755866 14
183 1786.836000 1786.755866 0
184 1796.991000 1796.755866 0
185 1806.991000 1807.786210 11
186 1817.339000 1817.786210 0
187 1826.856000 1827.000504 29
188 1836.740000 1837.045549 9
189 1847.455000 1847.045549 0
190 1858.635000 1857.045549 0
191 1868.326000 1867.045549 0
192 1878.248000 1876.926278 8
193 1887.920000 1886.019685 10
194 1897.340000 1896.019685 0
195 1905.560000 1906.019685 0
196 1915.773000 1917.269038 10
197 1925.308000 1925.500146 15
198 1935.308000 1935.500146 0
199 1945.308000 1947.163522 8
200 1955.077000 1955.983185 10
201 1964.709000 1965.983185 0
202 1974.265000 1975.983185 0
203 1984.091000 1985.983185 0
204 1994.419000 1994.272228 11
205 2003.917000 2002.593212 10
206 2014.342000 2012.593212 0
207 2024.342000 2023.634670 11
208 2034.748000 2033.634670 0
209 2044.497000 2043.019925 10
210 2052.930000 2053.019925 0
211 2063.510000 2064.462098 13
212 2073.510000 2074.810563 10
213 2083.181000 2083.224481 15
214 2092.775000 2093.224481 0
215 2102.699000 2103.224481 0
216 2113.085000 2113.224481 0
217 2122.582000 2122.715275 12
218 2132.582000 2132.715275 0
219 2142.621000 2142.617958 8
220 2152.621000 2152.617958 0
221 2162.408000 2162.696138 10
222 2171.964000 2171.536265 22
223 2181.132000 2181.536265 0
224 2192.079000 2191.536265 0
225 2201.906000 2201.188177 9
226 2212.564000 2211.188177 0
227 2222.486000 2222.500971 12
228 2231.635000 2231.780905 8
229 2240.552000 2241.780905 0
230 2248.869000 2251.780905 0
231 2259.720000 2261.204130 9
232 2269.584000 2271.204130 0
233 2279.663000 2282.072817 10
234 2289.295000 2292.072817 0
235 2299.140000 2298.340976 13
236 2308.309000 2308.534041 9
237 2318.309000 2318.534041 0
238 2328.433000 2328.534041 0
239 2338.700000 2338.233107 11
240 2348.841000 2348.233107 0
241 2357.638000 2358.233107 0
242 2367.556000 2368.233107 0
243 2377.556000 2378.233107 0
244 2387.492000 2387.786906 23
245 2397.492000 2397.786906 0
246 2407.245000 2407.659180 18
247 2416.888000 2416.507154 17
248 2426.625000 2426.689322 22
249 2436.625000 2437.334643 10
250 2446.625000 2447.334643 0
251 2455.791000 2457.334643 0
252 2465.563000 2465.129991 9
253 2475.219000 2475.113881 13
254 2484.752000 2483.396599 11
255 2494.345000 2495.588081 9
256 2503.590000 2501.824197 8
257 2513.327000 2511.824197 0
258 2522.425000 2533.916218 9
259 2532.425000 2535.181671 9
260 2542.010000 2541.952185 10
261 2551.132000 2551.155102 18
262 2560.594000 2561.155102 0
263 2569.813000 2571.155102 0
264 2579.056000 2581.155102 0
265 2588.033000 2588.724648 11
266 2597.181000 2598.724648 0
267 2607.181000 2608.724648 0
268 2616.802000 2614.546906 13
269 2625.949000 2624.995143 13
270 2635.336000 2638.755257 9
271 2645.336000 2648.755257 0
272 2654.752000 2653.950681 8
273 2664.938000 2664.526644 10
274 2673.879000 2674.192901 11
275 2684.329000 2684.192901 0
276 2693.608000 2694.192901 0
277 2703.396000 2703.371328 10
278 2712.325000 2713.371328 0
279 2723.233000 2723.048005 13
280 2733.586000 2728.949620 8
281 2743.313000 2738.949620 0
282 2753.123000 2748.949620 0
283 2760.110000 2760.079266 11
284 2770.319000 2770.079266 0
285 2780.069000 2779.401765 12
286 2790.069000 2789.401765 0
287 2800.298000 2799.401765 0
288 2810.104000 2809.401765 0
289 2819.480000 2819.279408 8
290 2829.025000 2829.279408 0
291 2839.102000 2839.279408 0
292 2849.021000 2849.279408 0
293 2858.916000 2859.279408 0
294 2869.329000 2869.279408 0
295 2877.668000 2879.279408 0
296 2887.442000 2899.396677 8
297 2897.795000 2898.364241 16
298 2907.293000 2908.348553 8
299 2917.175000 2917.347874 18
300 2926.998000 2927.347874 0
301 2935.746000 2937.347874 0
302 2945.436000 2947.347874 0
303 2955.356000 2956.083514 15
304 2964.522000 2964.212152 8
305 2974.983000 2974.212152 0
306 2985.603000 2986.002121 13
307 2995.729000 3046.398169 9
308 3006.629000 3056.398169 0
309 3014.953000 3015.069616 10
310 3024.823000 3024.562002 11
311 3034.477000 3034.562002 0
312 3043.168000 3044.338334 12
313 3051.342000 3054.338334 0
314 3061.468000 3064.338334 0
315 3071.381000 3071.598318 8
316 3080.242000 3081.598318 0
317 3090.518000 3089.469566 11
318 3099.379000 3099.865967 18
319 3109.614000 3109.865967 0
320 3119.010000 3119.865967 0
321 3128.279000 3128.911315 10
322 3137.870000 3137.542928 11
323 3146.021000 3145.712196 11
324 3155.866000 3155.954267 26
325 3165.193000 3165.954267 0
326 3174.701000 3175.954267 0
327 3184.357000 3184.497490 8
328 3194.357000 3195.474821 9
329 3204.267000 3204.655903 10
330 3213.801000 3214.655903 0
331 3224.560000 3224.052021 14
332 3234.264000 3233.964971 8
333 3244.615000 3244.593566 8
334 3253.814000 3254.757998 8
335 3263.814000 3262.199140 13
336 3273.940000 3273.967876 11
337 3283.138000 3283.967876 0
338 3294.383000 3293.967876 0
339 3302.959000 3306.146117 9
340 3312.556000 3316.146117 0
341 3323.005000 3326.146117 0
342 3334.161000 3334.103344 14
343 3344.480000 3344.103344 0
344 3354.582000 3354.103344 0
345 3364.582000 3364.749326 12
346 3374.424000 3375.587564 8
347 3384.424000 3385.587564 0
348 3394.511000 3395.702897 10
349 3404.275000 3403.070464 10
350 3414.420000 3413.070464 0
351 3423.839000 3423.070464 0
352 3434.227000 3433.070464 0
353 3443.973000 3445.211555 11
354 3454.135000 3454.539379 11
355 3463.796000 3463.719281 15
356 3473.317000 3472.251195 12
357 3483.002000 3482.251195 0
358 3491.710000 3491.298444 15
359 3501.231000 3501.546370 14
360 3511.079000 3511.387299 15
361 3520.698000 3520.891233 10
362 3530.154000 3530.891233 0
363 3539.741000 3539.600279 17
364 3549.838000 3549.600279 0
365 3559.823000 3559.600279 0
366 3571.457000 3569.600279 0
367 3581.369000 3626.909394 8
368 3590.500000 3579.178993 8
369 3600.241000 3589.178993 0
370 3610.648000 3599.178993 0
371 3620.496000 3609.178993 0
372 3631.869000 3631.079282 11
373 3640.968000 3641.575310 13
374 3651.042000 3651.575310 0
375 3660.726000 3661.575310 0
376 3667.063000 3671.575310 0
377 3675.057000 3681.575310 0
378 3686.171000 3686.016201 9
379 3694.652000 3696.016201 0
380 3705.060000 3706.016201 0
381 3715.001000 3716.016201 0
382 3725.044000 3726.016201 0
383 3733.674000 3736.016201 0
384 3743.809000 3743.852924 12
385 3753.461000 3753.852924 0
386 3763.193000 3763.066634 15
387 3772.288000 3773.066634 0
388 3781.697000 3783.072668 15
389 3791.239000 3790.746637 12
390 3799.153000 3798.505333 8
391 3809.153000 3808.505333 0
392 3818.946000 3818.505333 0
393 3828.946000 3828.505333 0
394 3839.290000 3838.916021 14
395 3849.127000 3849.585534 9
396 3859.366000 3858.318316 8
397 3869.880000 3870.014682 8
398 3879.793000 3880.014682 0
399 3889.165000 3890.014682 0
400 3898.538000 3900.014682 0
401 3908.473000 3909.548598 13
402 3918.296000 3918.602601 10
403 3928.034000 3928.602601 0
404 3937.025000 3932.995521 13
405 3945.670000 3942.995521 0
406 3954.797000 3952.995521 0
407 3963.756000 3962.995521 0
408 3975.048000 3975.470842 15
409 3981.645000 3987.342371 8
410 3992.690000 3993.357669 13
411 4002.457000 4003.280471 10
412 4011.982000 4012.581820 11
413 4021.430000 4022.581820 0
414 4030.624000 4032.581820 0
415 4040.513000 4042.581820 0
416 4049.727000 4051.101272 12
417 4058.371000 4061.101272 0
418 4068.258000 4067.806606 8
419 4076.974000 4077.806606 0
420 4085.661000 4087.806606 0
421 4096.585000 4097.219536 10
422 4105.894000 4106.999453 16
423 4115.448000 4113.780101 9
424 4123.311000 4107.382542 9
425 4132.804000 4117.382542 0
426 4142.148000 4140.618873 12
427 4151.574000 4150.618873 0
428 4160.897000 4162.852304 8
429 4170.041000 4172.852304 0
430 4180.202000 4182.852304 0
431 4189.466000 4192.852304 0
432 4198.878000 4202.852304 0
433 4208.352000 4212.852304 0
434 4218.124000 4216.637975 12
435 4228.124000 4226.626716 9
436 4237.399000 4237.253699 9
437 4245.914000 4247.253699 0
438 4255.326000 4257.253699 0
439 4264.948000 4265.004575 12
440 4274.331000 4274.494574 18
441 4284.331000 4285.143942 9
442 4294.866000 4293.983533 18
443 4304.488000 4304.335636 16
444 4314.081000 4314.335636 0
445 4323.524000 4324.335636 0
446 4333.314000 4334.335636 0
447 4342.679000 4343.195429 8
448 4351.252000 4353.195429 0
449 4361.175000 4361.749502 15
450 4371.247000 4371.749502 0
451 4380.061000 4381.749502 0
452 4388.724000 4389.485605 11
453 4397.957000 4397.384845 8
454 4408.286000 4408.807953 8
455 4418.401000 4418.791375 15
456 4427.665000 4428.791375 0
457 4437.586000 4438.791375 0
458 4447.586000 4447.823047 9
459 4457.586000 4457.823047 0
460 4466.965000 4466.782330 13
461 4476.557000 4476.782330 0
462 4485.941000 4486.782330 0
463 4495.941000 4496.782330 0
464 4504.556000 4506.782330 0
465 4514.556000 4516.782330 0
466 4524.310000 4526.782330 0
467 4532.555000 4536.782330 0
468 4542.555000 4546.782330 0
469 4551.201000 4556.782330 0
470 4561.332000 4566.782330 0
471 4572.125000 4576.782330 0
472 4581.268000 4586.782330 0
473 4590.771000 4590.735296 8
474 4600.003000 4600.735296 0
475 4610.003000 4606.983436 10
476 4619.399000 4616.983436 0
477 4627.343000 4626.983436 0
478 4636.335000 4635.862751 14
479 4646.109000 4646.318476 17
480 4655.421000 4656.318476 0
481 4665.421000 4666.318476 0
