001 0.000000 -0.048650 32
002 10.000000 9.310563 8
003 20.000000 19.310563 0
004 28.072000 29.310563 0
005 38.058000 34.592214 12
006 48.059000 48.539770 9
007 58.056000 58.539770 0
008 68.056000 68.847711 12
009 78.056000 77.882934 13
010 88.056000 88.311853 19
011 98.056000 98.056204 14
012 108.056000 106.670176 16
013 118.056000 118.064661 12
014 128.056000 127.898127 16
015 138.056000 137.610714 13
016 148.056000 148.105740 26
017 158.056000 158.065787 21
018 168.056000 168.075217 13
019 178.056000 178.263367 20
020 188.056000 188.289417 31
021 198.056000 198.039150 29
022 208.056000 208.144139 27
023 218.056000 218.032747 22
024 228.056000 227.348210 8
025 238.056000 239.016132 23
026 248.056000 249.016132 0
027 258.311000 257.541679 11
028 268.392000 267.541679 0
029 278.457000 271.285027 8
030 288.680000 289.284281 17
031 299.265000 299.860504 16
032 309.265000 309.860504 0
033 319.460000 319.860504 0
034 329.886000 329.860504 0
035 331.489000 339.860504 0
036 341.050000 349.860504 0
037 352.269000 359.860504 0
038 362.269000 310.194123 9
039 372.483000 320.194123 0
040 382.483000 383.491418 14
041 392.844000 394.025187 10
042 403.556000 404.265505 21
043 414.326000 414.265505 0
044 424.449000 424.038488 13
045 434.768000 435.706018 8
046 444.768000 445.706018 0
047 452.651000 455.706018 0
048 462.775000 465.706018 0
049 472.194000 475.706018 0
050 482.194000 482.654523 10
051 491.877000 492.654523 0
052 501.624000 501.940154 15
053 511.427000 511.940154 0
054 520.978000 521.940154 0
055 530.978000 531.940154 0
056 541.619000 541.940154 0
057 550.842000 551.940154 0
058 560.228000 564.068276 13
059 569.286000 569.646299 11
060 578.659000 577.485046 9
061 588.915000 586.881769 8
062 598.555000 584.794093 9
063 608.681000 610.051480 9
064 619.259000 618.714410 18
065 628.721000 628.714410 0
066 638.369000 638.714410 0
067 647.991000 648.714410 0
068 657.851000 658.654099 14
069 666.916000 666.761529 13
070 675.899000 676.761529 0
071 685.573000 686.804965 11
072 695.248000 696.804965 0
073 705.586000 706.804965 0
074 715.395000 716.804965 0
075 725.261000 726.964718 10
076 734.717000 736.964718 0
077 745.217000 746.964718 0
078 755.217000 756.964718 0
079 764.858000 764.567096 9
080 774.506000 774.567096 0
081 785.429000 784.567096 0
082 796.513000 798.677314 9
083 806.746000 806.676042 13
084 816.819000 817.737753 15
085 826.819000 827.737753 0
086 836.249000 837.737753 0
087 846.163000 846.122994 8
088 856.163000 856.122994 0
089 864.873000 866.122994 0
090 873.220000 873.978082 16
091 883.027000 883.218040 14
092 892.860000 891.542375 10
093 902.860000 901.542375 0
094 912.210000 910.418384 11
095 921.433000 920.418384 0
096 931.433000 931.503010 9
097 940.742000 995.053275 9
098 949.547000 1005.053275 0
099 958.617000 1015.053275 0
100 968.324000 1025.053275 0
101 977.329000 1112.365519 8
102 987.329000 1036.721619 8
103 997.595000 1046.721619 0
104 1007.336000 1056.721619 0
105 1017.463000 1066.721619 0
106 1028.014000 1076.721619 0
107 1037.881000 1038.772197 9
108 1046.619000 1045.281315 12
109 1056.878000 1057.469203 12
110 1066.607000 1066.078545 16
111 1076.607000 1076.078545 0
112 1085.691000 1087.697952 13
113 1095.691000 1094.740616 14
114 1104.986000 1104.740616 0
115 1115.086000 1114.125636 12
116 1124.734000 1124.125636 0
117 1133.904000 1134.125636 0
118 1143.738000 1143.495452 14
119 1153.068000 1153.495452 0
120 1162.582000 1162.407161 9
121 1172.470000 1172.407161 0
122 1181.693000 1182.407161 0
123 1191.553000 1192.407161 0
124 1201.148000 1202.407161 0
125 1211.148000 1212.407161 0
126 1220.338000 1219.654901 10
127 1229.986000 1229.654901 0
128 1239.076000 1278.019833 11
129 1249.076000 1288.019833 0
130 1257.800000 1361.114335 8
131 1267.668000 1266.820988 9
132 1278.014000 1278.414635 12
133 1288.014000 1288.414635 0
134 1297.789000 1298.414635 0
135 1307.517000 1308.414635 0
136 1317.517000 1273.082155 15
137 1327.250000 1328.336963 12
138 1336.985000 1338.336963 0
139 1346.985000 1347.746535 14
140 1356.581000 1357.746535 0
141 1365.299000 1367.746535 0
142 1375.105000 1377.746535 0
143 1385.579000 1387.746535 0
144 1395.579000 1397.323655 9
145 1405.579000 1405.242997 15
146 1415.931000 1415.756828 10
147 1425.340000 1425.756828 0
148 1434.351000 1435.756828 0
149 1443.813000 1447.992945 13
150 1453.703000 1453.655998 11
151 1463.450000 1463.655998 0
152 1471.333000 1473.655998 0
153 1481.566000 1482.226264 9
154 1491.044000 1489.920886 18
155 1500.579000 1499.920886 0
156 1510.173000 1509.920886 0
157 1520.607000 1519.920886 0
158 1530.868000 1529.920886 0
159 1540.607000 1539.920886 0
160 1549.968000 1549.920886 0
161 1560.345000 1559.920886 0
162 1570.539000 1570.645040 9
163 1579.858000 1579.083136 9
164 1589.858000 1589.083136 0
165 1599.858000 1599.083136 0
166 1610.086000 1609.083136 0
167 1620.615000 1619.083136 0
168 1631.827000 1638.581351 9
169 1641.168000 1648.581351 0
170 1651.300000 1650.583757 8
171 1663.636000 1660.583757 0
172 1672.749000 1671.912051 18
173 1683.172000 1681.912051 0
174 1693.095000 1693.990023 9
175 1702.956000 1703.246315 16
176 1713.607000 1713.246315 0
177 1724.031000 1723.246315 0
178 1734.031000 1733.246315 0
179 1742.838000 1743.246315 0
180 1752.449000 1750.119055 11
181 1760.542000 1760.119055 0
182 1770.715000 1830.316791 10
183 1780.992000 1840.316791 0
184 1790.832000 1850.316791 0
185 1800.832000 1801.858602 9
186 1810.721000 1811.626130 13
187 1820.617000 1820.541541 18
188 1830.360000 1830.172890 13
189 1840.013000 1838.348022 11
190 1849.209000 1848.348022 0
191 1860.090000 1858.348022 0
192 1869.680000 1870.152581 8
193 1879.478000 1883.766974 8
194 1889.402000 1888.865533 15
195 1899.097000 1898.865533 0
196 1908.417000 1908.865533 0
197 1917.757000 1917.806393 10
198 1926.911000 1927.187914 14
199 1937.293000 1958.039432 8
200 1946.883000 1946.591497 9
201 1954.809000 1955.449777 12
202 1964.620000 1965.449777 0
203 1974.782000 1975.449777 0
204 1985.579000 1986.038532 8
205 1995.308000 1996.038532 0
206 2005.308000 2006.038532 0
207 2015.204000 2016.038532 0
208 2024.919000 2025.118155 8
209 2034.823000 2035.118155 0
210 2044.823000 2045.121674 20
211 2053.733000 2055.121674 0
212 2065.736000 2067.705943 11
213 2075.432000 2075.910179 14
214 2085.432000 2085.017091 9
215 2095.640000 2095.017091 0
216 2105.535000 2105.017091 0
217 2116.249000 2115.017091 0
218 2125.944000 2126.266020 12
219 2135.944000 2136.266020 0
220 2146.477000 2146.266020 0
221 2156.339000 2156.266020 0
222 2166.172000 2168.473731 14
223 2176.248000 2178.473731 0
224 2185.589000 2187.386432 8
225 2195.326000 2193.341730 8
226 2205.520000 2203.341730 0
227 2217.024000 2218.679725 10
228 2227.821000 2227.387418 14
229 2237.286000 2236.677804 15
230 2246.071000 2246.677804 0
231 2256.071000 2256.677804 0
232 2265.092000 2266.677804 0
233 2275.092000 2276.677804 0
234 2284.908000 2285.618418 12
235 2294.908000 2295.506096 9
236 2304.609000 2305.506096 0
237 2314.609000 2315.506096 0
238 2324.304000 2325.506096 0
239 2334.304000 2332.447955 13
240 2344.486000 2342.447955 0
241 2353.057000 2352.447955 0
242 2362.985000 2362.447955 0
243 2372.520000 2372.383103 14
244 2381.683000 2380.779864 9
245 2392.797000 2390.779864 0
246 2402.524000 2402.847780 15
247 2412.524000 2412.584255 18
248 2422.603000 2424.485782 14
249 2432.623000 2434.485782 0
250 2442.623000 2442.529541 13
251 2451.774000 2450.030439 10
252 2461.676000 2405.294022 8
253 2470.754000 2472.642051 8
254 2481.214000 2479.466905 12
255 2491.098000 2489.466905 0
256 2500.447000 2499.466905 0
257 2509.765000 2509.466905 0
258 2518.890000 2533.743440 10
259 2529.280000 2543.743440 0
260 2538.944000 2553.743440 0
261 2548.529000 2548.790382 9
262 2558.036000 2558.790382 0
263 2567.093000 2567.039142 10
264 2575.836000 2577.039142 0
265 2585.931000 2587.039142 0
266 2595.244000 2597.039142 0
267 2605.244000 2607.039142 0
268 2615.042000 2613.401131 8
269 2624.843000 2623.666538 9
270 2635.057000 2633.666538 0
271 2645.270000 2646.228283 8
272 2654.752000 2656.228283 0
273 2664.938000 2666.228283 0
274 2674.439000 2673.930875 11
275 2684.201000 2683.930875 0
276 2693.355000 2693.930875 0
277 2703.021000 2705.530017 10
278 2712.409000 2715.530017 0
279 2722.955000 2725.530017 0
280 2733.351000 2732.834469 16
281 2743.508000 2743.314596 8
282 2753.438000 2753.314596 0
283 2763.906000 2763.314596 0
284 2774.276000 2774.162146 11
285 2783.156000 2783.336747 13
286 2792.350000 2793.336747 0
287 2802.543000 2803.336747 0
288 2812.446000 2813.336747 0
289 2821.794000 2821.186736 8
290 2830.771000 2831.186736 0
291 2841.083000 2841.186736 0
292 2851.257000 2851.186736 0
293 2861.257000 2861.186736 0
294 2871.591000 2871.186736 0
295 2880.480000 2881.186736 0
296 2890.480000 2891.057045 11
297 2900.383000 2900.708256 15
298 2910.232000 2906.453242 8
299 2920.525000 2920.465755 8
300 2930.148000 2929.872103 14
301 2939.843000 2939.275427 13
302 2949.985000 2949.275427 0
303 2959.411000 2959.275427 0
304 2969.411000 2969.275427 0
305 2979.660000 2979.275427 0
306 2989.373000 2989.275427 0
307 2999.373000 2999.275427 0
308 3009.156000 3009.275427 0
309 3018.995000 3019.440945 12
310 3028.707000 3028.415187 12
311 3038.277000 3038.415187 0
312 3046.041000 3043.342744 10
313 3054.913000 3053.342744 0
314 3064.767000 3063.342744 0
315 3074.767000 3074.616276 8
316 3084.516000 3083.996170 8
317 3092.780000 3091.635631 9
318 3102.278000 3103.179541 11
319 3113.010000 3113.179541 0
320 3122.474000 3123.179541 0
321 3132.329000 3133.179541 0
322 3140.879000 3143.179541 0
323 3150.790000 3153.179541 0
324 3160.555000 3163.179541 0
325 3169.624000 3173.179541 0
326 3177.834000 3183.179541 0
327 3187.548000 3186.918344 9
328 3198.656000 3276.507391 8
329 3208.441000 3286.507391 0
330 3217.491000 3271.659848 9
331 3228.026000 3273.378660 8
332 3238.294000 3283.378660 0
333 3248.222000 3293.378660 0
334 3258.222000 3256.810999 13
335 3267.432000 3266.810999 0
336 3277.002000 3275.702975 13
337 3287.002000 3285.702975 0
338 3297.002000 3295.702975 0
339 3307.002000 3308.918778 15
340 3316.855000 3318.918778 0
341 3326.855000 3328.918778 0
342 3335.816000 3338.918778 0
343 3346.780000 3348.918778 0
344 3357.496000 3357.966455 12
345 3367.780000 3367.643669 20
346 3377.690000 3377.643669 0
347 3387.331000 3387.643669 0
348 3397.331000 3397.643669 0
349 3403.895000 3407.643669 0
350 3413.895000 3417.643669 0
351 3423.625000 3424.166051 10
352 3434.501000 3441.261309 8
353 3444.227000 3447.141720 10
354 3454.999000 3455.127899 8
355 3464.135000 3463.695665 13
356 3474.135000 3473.695665 0
357 3484.135000 3483.366737 9
358 3493.815000 3494.353563 11
359 3503.474000 3504.928617 10
360 3513.133000 3514.928617 0
361 3522.614000 3524.928617 0
362 3532.614000 3534.928617 0
363 3540.698000 3544.928617 0
364 3549.319000 3554.928617 0
365 3560.035000 3564.928617 0
366 3570.427000 3574.928617 0
367 3579.853000 3579.160854 13
368 3588.868000 3589.160854 0
369 3597.758000 3599.160854 0
370 3608.598000 3609.160854 0
371 3619.205000 3619.160854 0
372 3630.495000 3630.468013 12
373 3639.841000 3686.507307 9
374 3650.150000 3696.507307 0
375 3658.773000 3706.507307 0
376 3669.988000 3716.507307 0
377 3675.443000 3726.507307 0
378 3686.082000 3736.507307 0
379 3696.082000 3746.507307 0
380 3707.480000 3756.507307 0
381 3717.480000 3766.507307 0
382 3727.480000 3776.507307 0
383 3737.086000 3786.507307 0
384 3746.943000 3796.507307 0
385 3756.241000 3806.507307 0
386 3766.400000 3816.507307 0
387 3776.400000 3826.507307 0
388 3786.400000 3785.907762 18
389 3795.665000 3795.706743 10
390 3803.874000 3803.479318 12
391 3813.588000 3813.695069 9
392 3823.819000 3823.848074 8
393 3833.460000 3833.848074 0
394 3842.278000 3843.328637 8
395 3852.672000 3852.343869 9
396 3863.100000 3862.343869 0
397 3873.868000 3874.082606 10
398 3883.688000 3881.083911 10
399 3892.560000 3891.083911 0
400 3903.079000 3901.083911 0
401 3913.113000 3914.407806 8
402 3922.683000 3923.326870 9
403 3932.467000 3933.326870 0
404 3942.324000 3943.326870 0
405 3950.945000 3953.326870 0
406 3960.478000 3963.326870 0
407 3970.818000 3973.326870 0
408 3980.709000 3983.326870 0
409 3987.524000 3987.324709 12
410 3997.721000 3997.848165 24
411 4007.827000 4007.848165 0
412 4017.827000 4017.848165 0
413 4027.055000 4027.554608 10
414 4036.481000 4037.554608 0
415 4046.481000 4046.000008 9
416 4055.175000 4054.839489 8
417 4064.458000 4064.839489 0
418 4073.867000 4074.839489 0
419 4082.614000 4084.839489 0
420 4093.775000 4094.839489 0
421 4102.647000 4102.953204 24
422 4111.877000 4112.953204 0
423 4121.715000 4122.953204 0
424 4130.747000 4132.953204 0
425 4140.193000 4140.202332 8
426 4150.031000 4150.202332 0
427 4159.457000 4160.606246 10
428 4170.041000 4169.346310 9
429 4179.827000 4179.705245 10
430 4189.240000 4189.705245 0
431 4198.753000 4199.705245 0
432 4208.351000 4208.383554 10
433 4217.789000 4218.877001 9
434 4227.286000 4226.775749 11
435 4236.999000 4234.891219 12
436 4244.888000 4244.891219 0
437 4254.888000 4254.891219 0
438 4264.439000 4264.891219 0
439 4274.258000 4274.352550 10
440 4284.043000 4284.177411 9
441 4294.402000 4294.363969 11
442 4303.916000 4303.391100 17
443 4313.916000 4313.391100 0
444 4323.916000 4323.391100 0
445 4333.452000 4333.391100 0
446 4343.452000 4343.883554 10
447 4353.696000 4353.883554 0
448 4363.535000 4363.422965 10
449 4373.659000 4373.422965 0
450 4384.141000 4383.422965 0
451 4393.800000 4393.422965 0
452 4403.011000 4402.267584 8
453 4412.922000 4412.769219 8
454 4421.741000 4422.340620 15
455 4431.202000 4432.340620 0
456 4440.558000 4441.328628 11
457 4450.718000 4451.328628 0
458 4460.914000 4461.328628 0
459 4468.980000 4469.404109 9
460 4477.834000 4477.344798 8
461 4487.834000 4487.344798 0
462 4496.760000 4497.344798 0
463 4505.714000 4507.344798 0
464 4514.669000 4517.344798 0
465 4522.896000 4527.344798 0
466 4532.554000 4537.344798 0
467 4540.771000 4605.141764 8
468 4549.692000 4615.141764 0
469 4558.663000 4625.141764 0
470 4568.567000 4635.141764 0
471 4579.446000 4645.141764 0
472 4586.385000 4587.546830 8
473 4596.676000 4597.546830 0
474 4606.008000 4603.904817 19
475 4615.820000 4613.904817 0
476 4624.232000 4623.904817 0
477 4633.843000 4633.769558 14
478 4643.506000 4643.500209 14
479 4652.917000 4653.500209 0
480 4662.917000 4663.500209 0
481 4672.917000 4673.500209 0
