001 0.000000 2.028987 17
002 10.000000 12.028987 0
003 20.000000 22.028987 0
004 28.072000 32.028987 0
005 38.058000 59.998506 8
006 48.059000 48.652304 15
007 58.056000 58.239793 10
008 68.056000 68.056199 13
009 78.056000 77.915573 8
010 88.056000 87.990325 16
011 98.056000 97.669456 18
012 108.056000 103.804380 14
013 118.056000 118.346074 11
014 128.056000 128.046485 19
015 138.056000 138.199368 21
016 148.056000 148.037464 28
017 158.056000 157.734499 13
018 168.056000 168.040329 8
019 178.056000 179.375298 19
020 188.056000 188.750286 26
021 198.056000 198.859384 20
022 208.056000 208.387175 26
023 218.056000 215.264129 11
024 228.056000 225.264129 0
025 238.056000 238.926263 15
026 248.056000 248.926263 0
027 258.311000 298.628067 8
028 268.392000 269.700374 11
029 278.457000 274.972754 15
030 288.680000 284.972754 0
031 299.265000 300.700089 18
032 309.265000 310.700089 0
033 319.460000 320.700089 0
034 329.886000 330.700089 0
035 331.489000 340.700089 0
036 341.050000 350.700089 0
037 352.269000 360.700089 0
038 362.269000 370.700089 0
039 372.483000 380.700089 0
040 382.483000 442.248495 10
041 392.844000 393.459396 11
042 403.556000 401.103153 9
043 414.326000 402.473573 9
044 424.449000 424.092868 8
045 434.768000 434.973121 11
046 444.768000 444.973121 0
047 452.651000 454.973121 0
048 462.775000 464.973121 0
049 472.194000 474.973121 0
050 482.194000 481.362757 17
051 491.877000 495.143409 13
052 501.624000 505.143409 0
053 511.427000 510.884511 10
054 520.978000 521.082730 8
055 530.978000 531.082730 0
056 541.619000 541.082730 0
057 550.842000 551.082730 0
058 560.228000 561.082730 0
059 569.286000 569.508955 14
060 578.659000 575.780900 11
061 588.915000 587.908453 18
062 598.555000 597.908453 0
063 608.681000 607.908453 0
064 619.259000 617.615400 9
065 628.721000 627.615400 0
066 638.369000 678.043530 9
067 647.991000 688.043530 0
068 657.851000 698.043530 0
069 666.916000 666.222624 11
070 675.899000 676.222624 0
071 685.573000 686.222624 0
072 695.248000 696.222624 0
073 705.586000 706.222624 0
074 715.395000 716.222624 0
075 725.261000 726.222624 0
076 734.717000 819.294361 8
077 745.217000 829.294361 0
078 755.217000 862.282577 9
079 764.858000 872.282577 0
080 774.506000 882.282577 0
081 785.429000 892.282577 0
082 796.513000 902.282577 0
083 806.746000 912.282577 0
084 816.819000 922.282577 0
085 826.819000 932.282577 0
086 836.249000 942.282577 0
087 846.163000 952.282577 0
088 856.163000 962.282577 0
089 864.873000 972.282577 0
090 873.220000 982.282577 0
091 883.027000 992.282577 0
092 892.860000 1002.282577 0
093 902.860000 1012.282577 0
094 912.210000 986.455624 11
095 921.433000 996.455624 0
096 931.433000 1006.455624 0
097 940.742000 1016.455624 0
098 949.547000 1026.455624 0
099 958.617000 1036.455624 0
100 968.324000 1046.455624 0
101 977.329000 1108.109012 12
102 987.329000 1114.416904 9
103 997.595000 1124.416904 0
104 1007.336000 1134.416904 0
105 1017.463000 1144.416904 0
106 1028.014000 1154.416904 0
107 1037.881000 1164.416904 0
108 1046.619000 1174.416904 0
109 1056.878000 1184.416904 0
110 1066.607000 1194.416904 0
111 1076.607000 1204.416904 0
112 1085.691000 1214.416904 0
113 1095.691000 1224.416904 0
114 1104.986000 1234.416904 0
115 1115.086000 1281.239005 8
116 1124.734000 1291.239005 0
117 1133.904000 1301.239005 0
118 1143.738000 1342.024520 8
119 1153.068000 1352.024520 0
120 1162.582000 1362.024520 0
121 1172.470000 1372.024520 0
122 1181.693000 1382.024520 0
123 1191.553000 1392.024520 0
124 1201.148000 1402.024520 0
125 1211.148000 1412.024520 0
126 1220.338000 1450.255172 9
127 1229.986000 1460.255172 0
128 1239.076000 1448.491696 8
129 1249.076000 1458.491696 0
130 1257.800000 1468.491696 0
131 1267.668000 1478.491696 0
132 1278.014000 1488.491696 0
133 1288.014000 1498.491696 0
134 1297.789000 1508.491696 0
135 1307.517000 1518.491696 0
136 1317.517000 1528.491696 0
137 1327.250000 1538.491696 0
138 1336.985000 1517.806527 8
139 1346.985000 1527.806527 0
140 1356.581000 1537.806527 0
141 1365.299000 1547.806527 0
142 1375.105000 1577.573439 8
143 1385.579000 1587.573439 0
144 1395.579000 1597.573439 0
145 1405.579000 1607.573439 0
146 1415.931000 1617.573439 0
147 1425.340000 1627.573439 0
148 1434.351000 1637.573439 0
149 1443.813000 1647.573439 0
150 1453.703000 1657.573439 0
151 1463.450000 1667.573439 0
152 1471.333000 1677.573439 0
153 1481.566000 1687.573439 0
154 1491.044000 1697.573439 0
155 1500.579000 1707.573439 0
156 1510.173000 1717.573439 0
157 1520.607000 1727.573439 0
158 1530.868000 1737.573439 0
159 1540.607000 1747.573439 0
160 1549.968000 1757.573439 0
161 1560.345000 1767.573439 0
162 1570.539000 1828.649098 8
163 1579.858000 1838.649098 0
164 1589.858000 1848.649098 0
165 1599.858000 1858.649098 0
166 1610.086000 1868.649098 0
167 1620.615000 1878.649098 0
168 1631.827000 1888.649098 0
169 1641.168000 1898.649098 0
170 1651.300000 1908.649098 0
171 1663.636000 1918.649098 0
172 1672.749000 1928.649098 0
173 1683.172000 1938.649098 0
174 1693.095000 1948.649098 0
175 1702.956000 1958.649098 0
176 1713.607000 1968.649098 0
177 1724.031000 1978.649098 0
178 1734.031000 1988.649098 0
179 1742.838000 1998.649098 0
180 1752.449000 2008.649098 0
181 1760.542000 2018.649098 0
182 1770.715000 2028.649098 0
183 1780.992000 2038.649098 0
184 1790.832000 2048.649098 0
185 1800.832000 2058.649098 0
186 1810.721000 2068.649098 0
187 1820.617000 2078.649098 0
188 1830.360000 2088.649098 0
189 1840.013000 2098.649098 0
190 1849.209000 2108.649098 0
191 1860.090000 2118.649098 0
192 1869.680000 2128.649098 0
193 1879.478000 2138.649098 0
194 1889.402000 2119.301949 11
195 1899.097000 2129.301949 0
196 1908.417000 2139.301949 0
197 1917.757000 2149.301949 0
198 1926.911000 2159.301949 0
199 1937.293000 2169.301949 0
200 1946.883000 2179.301949 0
201 1954.809000 2189.301949 0
202 1964.620000 2199.301949 0
203 1974.782000 2209.301949 0
204 1985.579000 2219.301949 0
205 1995.308000 2229.301949 0
206 2005.308000 2239.301949 0
207 2015.204000 2249.301949 0
208 2024.919000 2259.301949 0
209 2034.823000 2269.301949 0
210 2044.823000 2279.301949 0
211 2053.733000 2289.301949 0
212 2065.736000 2299.301949 0
213 2075.432000 2295.853589 8
214 2085.432000 2305.853589 0
215 2095.640000 2315.853589 0
216 2105.535000 2325.853589 0
217 2116.249000 2335.853589 0
218 2125.944000 2345.853589 0
219 2135.944000 2355.853589 0
220 2146.477000 2365.853589 0
221 2156.339000 2375.853589 0
222 2166.172000 2385.853589 0
223 2176.248000 2395.853589 0
224 2185.589000 2405.853589 0
225 2195.326000 2415.853589 0
226 2205.520000 2425.853589 0
227 2217.024000 2435.853589 0
228 2227.821000 2445.853589 0
229 2237.286000 2455.853589 0
230 2246.071000 2465.853589 0
231 2256.071000 2475.853589 0
232 2265.092000 2474.003857 9
233 2275.092000 2484.003857 0
234 2284.908000 2494.003857 0
235 2294.908000 2504.003857 0
236 2304.609000 2514.003857 0
237 2314.609000 2524.003857 0
238 2324.304000 2534.003857 0
239 2334.304000 2544.003857 0
240 2344.486000 2554.003857 0
241 2353.057000 2564.003857 0
242 2362.985000 2574.003857 0
243 2372.520000 2584.003857 0
244 2381.683000 2594.003857 0
245 2392.797000 2604.003857 0
246 2402.524000 2614.003857 0
247 2412.524000 2624.003857 0
248 2422.603000 2634.003857 0
249 2432.623000 2644.003857 0
250 2442.623000 2654.003857 0
251 2451.774000 2664.003857 0
252 2461.676000 2674.003857 0
253 2470.754000 2684.003857 0
254 2481.214000 2694.003857 0
255 2491.098000 2704.003857 0
256 2500.447000 2714.003857 0
257 2509.765000 2724.003857 0
258 2518.890000 2734.003857 0
259 2529.280000 2744.003857 0
260 2538.944000 2754.003857 0
261 2548.529000 2764.003857 0
262 2558.036000 2774.003857 0
263 2567.093000 2784.003857 0
264 2575.836000 2794.003857 0
265 2585.931000 2804.003857 0
266 2595.244000 2774.877586 9
267 2605.244000 2784.877586 0
268 2615.042000 2794.877586 0
269 2624.843000 2804.877586 0
270 2635.057000 2814.877586 0
271 2645.270000 2824.877586 0
272 2654.752000 2834.877586 0
273 2664.938000 2844.877586 0
274 2674.439000 2848.533133 8
275 2684.201000 2858.533133 0
276 2693.355000 2868.533133 0
277 2703.021000 2870.157621 8
278 2712.409000 2880.157621 0
279 2722.955000 2903.107395 9
280 2733.351000 2913.107395 0
281 2743.508000 2923.107395 0
282 2753.438000 2933.107395 0
283 2763.906000 2943.107395 0
284 2774.276000 2953.107395 0
285 2783.156000 2963.107395 0
286 2792.350000 2973.107395 0
287 2802.543000 2983.107395 0
288 2812.446000 2993.107395 0
289 2821.794000 3003.107395 0
290 2830.771000 3013.107395 0
291 2841.083000 3070.721960 8
292 2851.257000 3080.721960 0
293 2861.257000 3090.721960 0
294 2871.591000 3100.721960 0
295 2880.480000 3110.721960 0
296 2890.480000 3120.721960 0
297 2900.383000 3130.721960 0
298 2910.232000 3140.721960 0
299 2920.525000 3135.349556 9
300 2930.148000 3145.349556 0
301 2939.843000 3155.349556 0
302 2949.985000 3165.349556 0
303 2959.411000 3133.308712 15
304 2969.411000 3143.308712 0
305 2979.660000 3153.308712 0
306 2989.373000 3163.308712 0
307 2999.373000 3173.308712 0
308 3009.156000 3183.308712 0
309 3018.995000 3193.308712 0
310 3028.707000 3203.308712 0
311 3038.277000 3213.308712 0
312 3046.041000 3223.308712 0
313 3054.913000 3233.308712 0
314 3064.767000 3243.308712 0
315 3074.767000 3253.308712 0
316 3084.516000 3263.308712 0
317 3092.780000 3273.308712 0
318 3102.278000 3283.308712 0
319 3113.010000 3293.308712 0
320 3122.474000 3303.308712 0
321 3132.329000 3308.581603 15
322 3140.879000 3318.581603 0
323 3150.790000 3328.581603 0
324 3160.555000 3338.581603 0
325 3169.624000 3348.581603 0
326 3177.834000 3358.581603 0
327 3187.548000 3368.581603 0
328 3198.656000 3378.581603 0
329 3208.441000 3388.581603 0
330 3217.491000 3398.581603 0
331 3228.026000 3408.581603 0
332 3238.294000 3418.581603 0
333 3248.222000 3392.605453 8
334 3258.222000 3402.605453 0
335 3267.432000 3412.605453 0
336 3277.002000 3422.605453 0
337 3287.002000 3432.605453 0
338 3297.002000 3442.605453 0
339 3307.002000 3452.605453 0
340 3316.855000 3462.605453 0
341 3326.855000 3472.605453 0
342 3335.816000 3482.605453 0
343 3346.780000 3492.605453 0
344 3357.496000 3502.605453 0
345 3367.780000 3491.155636 9
346 3377.690000 3501.155636 0
347 3387.331000 3511.155636 0
348 3397.331000 3521.155636 0
349 3403.895000 3531.155636 0
350 3413.895000 3541.155636 0
351 3423.625000 3551.155636 0
352 3434.501000 3561.155636 0
353 3444.227000 3571.155636 0
354 3454.999000 3581.155636 0
355 3464.135000 3591.155636 0
356 3474.135000 3601.155636 0
357 3484.135000 3611.155636 0
358 3493.815000 3621.155636 0
359 3503.474000 3631.155636 0
360 3513.133000 3641.155636 0
361 3522.614000 3687.077190 8
362 3532.614000 3697.077190 0
363 3540.698000 3707.077190 0
364 3549.319000 3717.077190 0
365 3560.035000 3727.077190 0
366 3570.427000 3783.387164 8
367 3579.853000 3820.990562 10
368 3588.868000 3830.990562 0
369 3597.758000 3840.990562 0
370 3608.598000 3850.990562 0
371 3619.205000 3860.990562 0
372 3630.495000 3870.990562 0
373 3639.841000 3880.990562 0
374 3650.150000 3890.990562 0
375 3658.773000 3900.990562 0
376 3669.988000 3910.990562 0
377 3675.443000 3920.990562 0
378 3686.082000 3930.990562 0
379 3696.082000 3940.990562 0
380 3707.480000 3950.990562 0
381 3717.480000 3960.990562 0
382 3727.480000 3970.990562 0
383 3737.086000 3980.990562 0
384 3746.943000 3990.990562 0
385 3756.241000 4000.990562 0
386 3766.400000 4010.990562 0
387 3776.400000 4020.990562 0
388 3786.400000 4098.732014 9
389 3795.665000 4108.732014 0
390 3803.874000 4118.732014 0
391 3813.588000 4181.517611 8
392 3823.819000 4191.517611 0
393 3833.460000 4201.517611 0
394 3842.278000 4248.168406 8
395 3852.672000 4258.168406 0
396 3863.100000 4291.317333 9
397 3873.868000 4301.317333 0
398 3883.688000 4311.317333 0
399 3892.560000 4297.482199 8
400 3903.079000 4307.482199 0
401 3913.113000 4317.482199 0
402 3922.683000 4327.482199 0
403 3932.467000 4344.350575 8
404 3942.324000 4354.350575 0
405 3950.945000 4364.350575 0
406 3960.478000 4374.350575 0
407 3970.818000 4384.350575 0
408 3980.709000 4394.350575 0
409 3987.524000 4404.350575 0
410 3997.721000 4414.350575 0
411 4007.827000 4424.350575 0
412 4017.827000 4434.350575 0
413 4027.055000 4444.350575 0
414 4036.481000 4454.350575 0
415 4046.481000 4464.350575 0
416 4055.175000 4474.350575 0
417 4064.458000 4484.350575 0
418 4073.867000 4494.350575 0
419 4082.614000 4504.350575 0
420 4093.775000 4514.350575 0
421 4102.647000 4586.424390 12
422 4111.877000 4596.424390 0
423 4121.715000 4606.424390 0
424 4130.747000 4616.424390 0
425 4140.193000 4626.424390 0
426 4150.031000 4636.424390 0
427 4159.457000 4646.424390 0
428 4170.041000 4656.424390 0
429 4179.827000 4666.424390 0
430 4189.240000 4676.424390 0
431 4198.753000 4686.424390 0
432 4208.351000 4696.424390 0
433 4217.789000 4579.950007 9
434 4227.286000 4589.950007 0
435 4236.999000 4599.950007 0
436 4244.888000 4609.950007 0
437 4254.888000 4619.950007 0
438 4264.439000 4629.950007 0
439 4274.258000 4639.950007 0
440 4284.043000 4649.950007 0
441 4294.402000 4659.950007 0
442 4303.916000 4669.950007 0
443 4313.916000 4679.950007 0
444 4323.916000 4689.950007 0
445 4333.452000 4699.950007 0
446 4343.452000 4709.950007 0
447 4353.696000 4719.950007 0
448 4363.535000 4729.950007 0
449 4373.659000 4739.950007 0
450 4384.141000 4749.950007 0
451 4393.800000 4759.950007 0
452 4403.011000 4769.950007 0
453 4412.922000 4779.950007 0
454 4421.741000 4789.950007 0
455 4431.202000 4799.950007 0
456 4440.558000 4809.950007 0
457 4450.718000 4819.950007 0
458 4460.914000 4829.950007 0
459 4468.980000 4839.950007 0
460 4477.834000 4849.950007 0
461 4487.834000 4859.950007 0
462 4496.760000 4869.950007 0
463 4505.714000 4879.950007 0
464 4514.669000 4889.950007 0
465 4522.896000 4899.950007 0
466 4532.554000 4909.950007 0
467 4540.771000 4630.737943 8
468 4549.692000 4640.737943 0
469 4558.663000 4650.737943 0
470 4568.567000 4660.737943 0
471 4579.446000 4670.737943 0
472 4586.385000 4588.336138 11
473 4596.676000 4598.336138 0
474 4606.008000 4606.851590 12
475 4615.820000 4616.851590 0
476 4624.232000 4626.851590 0
477 4633.843000 4634.280344 10
478 4643.506000 4642.862773 12
479 4652.917000 4653.865217 9
480 4662.917000 4663.865217 0
481 4672.917000 4673.865217 0
