001 0.000000 1.167725 18
002 10.000000 11.167725 0
003 20.000000 21.167725 0
004 28.072000 31.167725 0
005 38.058000 41.167725 0
006 48.059000 48.424475 13
007 58.056000 58.239793 10
008 68.056000 68.059857 11
009 78.056000 78.059857 0
010 88.056000 87.935464 15
011 98.056000 97.661673 16
012 108.056000 100.818882 9
013 118.056000 118.354087 11
014 128.056000 127.961787 20
015 138.056000 138.600106 22
016 148.056000 148.034114 32
017 158.056000 157.662381 14
018 168.056000 167.662381 0
019 178.056000 179.349719 18
020 188.056000 188.485972 28
021 198.056000 198.748012 23
022 208.056000 208.196334 24
023 218.056000 215.268016 11
024 228.056000 225.268016 0
025 238.056000 239.295814 15
026 248.056000 249.295814 0
027 258.311000 259.295814 0
028 268.392000 269.656928 11
029 278.457000 274.057752 13
030 288.680000 284.057752 0
031 299.265000 300.484760 18
032 309.265000 309.908001 8
033 319.460000 319.908001 0
034 329.886000 329.908001 0
035 331.489000 339.908001 0
036 341.050000 349.908001 0
037 352.269000 359.908001 0
038 362.269000 369.908001 0
039 372.483000 379.908001 0
040 382.483000 442.180327 11
041 392.844000 393.483417 10
042 403.556000 402.799557 10
043 414.326000 399.706082 8
044 424.449000 424.092868 8
045 434.768000 434.687189 12
046 444.768000 444.687189 0
047 452.651000 454.687189 0
048 462.775000 464.687189 0
049 472.194000 474.687189 0
050 482.194000 482.146824 12
051 491.877000 495.445465 12
052 501.624000 501.257323 8
053 511.427000 510.884511 10
054 520.978000 520.884511 0
055 530.978000 530.884511 0
056 541.619000 540.884511 0
057 550.842000 550.884511 0
058 560.228000 560.884511 0
059 569.286000 569.325278 16
060 578.659000 575.780900 11
061 588.915000 586.304762 16
062 598.555000 596.304762 0
063 608.681000 606.304762 0
064 619.259000 617.767627 10
065 628.721000 627.767627 0
066 638.369000 637.711433 10
067 647.991000 647.711433 0
068 657.851000 657.711433 0
069 666.916000 666.277472 12
070 675.899000 675.639828 8
071 685.573000 685.639828 0
072 695.248000 695.639828 0
073 705.586000 705.639828 0
074 715.395000 715.639828 0
075 725.261000 725.639828 0
076 734.717000 818.767555 8
077 745.217000 828.767555 0
078 755.217000 861.685408 9
079 764.858000 871.685408 0
080 774.506000 881.685408 0
081 785.429000 891.685408 0
082 796.513000 901.685408 0
083 806.746000 911.685408 0
084 816.819000 921.685408 0
085 826.819000 931.685408 0
086 836.249000 941.685408 0
087 846.163000 951.685408 0
088 856.163000 961.685408 0
089 864.873000 991.366687 8
090 873.220000 1001.366687 0
091 883.027000 1011.366687 0
092 892.860000 1021.366687 0
093 902.860000 1031.366687 0
094 912.210000 1110.744090 12
095 921.433000 1120.744090 0
096 931.433000 1101.417648 8
097 940.742000 1111.417648 0
098 949.547000 1121.417648 0
099 958.617000 1131.417648 0
100 968.324000 1141.417648 0
101 977.329000 1151.417648 0
102 987.329000 1161.417648 0
103 997.595000 1171.417648 0
104 1007.336000 1181.417648 0
105 1017.463000 1191.417648 0
106 1028.014000 1201.417648 0
107 1037.881000 1277.692389 9
108 1046.619000 1287.692389 0
109 1056.878000 1279.912836 8
110 1066.607000 1279.972659 9
111 1076.607000 1289.972659 0
112 1085.691000 1299.972659 0
113 1095.691000 1309.972659 0
114 1104.986000 1319.972659 0
115 1115.086000 1346.776961 9
116 1124.734000 1356.776961 0
117 1133.904000 1408.087641 8
118 1143.738000 1342.024520 8
119 1153.068000 1352.024520 0
120 1162.582000 1362.024520 0
121 1172.470000 1372.024520 0
122 1181.693000 1337.017230 8
123 1191.553000 1347.017230 0
124 1201.148000 1341.089507 8
125 1211.148000 1351.089507 0
126 1220.338000 1341.178660 8
127 1229.986000 1351.178660 0
128 1239.076000 1337.107288 8
129 1249.076000 1347.107288 0
130 1257.800000 1357.107288 0
131 1267.668000 1367.107288 0
132 1278.014000 1377.107288 0
133 1288.014000 1387.107288 0
134 1297.789000 1397.107288 0
135 1307.517000 1407.107288 0
136 1317.517000 1417.107288 0
137 1327.250000 1401.359555 12
138 1336.985000 1411.359555 0
139 1346.985000 1421.359555 0
140 1356.581000 1431.359555 0
141 1365.299000 1441.359555 0
142 1375.105000 1451.359555 0
143 1385.579000 1461.359555 0
144 1395.579000 1471.359555 0
145 1405.579000 1481.359555 0
146 1415.931000 1491.359555 0
147 1425.340000 1501.359555 0
148 1434.351000 1511.359555 0
149 1443.813000 1521.359555 0
150 1453.703000 1531.359555 0
151 1463.450000 1541.359555 0
152 1471.333000 1551.359555 0
153 1481.566000 1561.359555 0
154 1491.044000 1571.359555 0
155 1500.579000 1581.359555 0
156 1510.173000 1591.359555 0
157 1520.607000 1601.359555 0
158 1530.868000 1611.359555 0
159 1540.607000 1621.359555 0
160 1549.968000 1631.359555 0
161 1560.345000 1641.359555 0
162 1570.539000 1651.359555 0
163 1579.858000 1661.359555 0
164 1589.858000 1671.359555 0
165 1599.858000 1681.359555 0
166 1610.086000 1691.359555 0
167 1620.615000 1701.359555 0
168 1631.827000 1711.359555 0
169 1641.168000 1721.359555 0
170 1651.300000 1731.359555 0
171 1663.636000 1741.359555 0
172 1672.749000 1751.359555 0
173 1683.172000 1761.359555 0
174 1693.095000 1771.359555 0
175 1702.956000 1778.444219 8
176 1713.607000 1788.444219 0
177 1724.031000 1798.444219 0
178 1734.031000 1808.444219 0
179 1742.838000 1818.444219 0
180 1752.449000 1828.444219 0
181 1760.542000 1838.444219 0
182 1770.715000 1848.444219 0
183 1780.992000 1858.444219 0
184 1790.832000 1868.444219 0
185 1800.832000 1878.444219 0
186 1810.721000 1888.444219 0
187 1820.617000 1898.444219 0
188 1830.360000 1908.444219 0
189 1840.013000 1918.444219 0
190 1849.209000 1928.444219 0
191 1860.090000 1938.444219 0
192 1869.680000 1948.444219 0
193 1879.478000 1996.492587 8
194 1889.402000 2006.492587 0
195 1899.097000 2018.201237 9
196 1908.417000 2028.201237 0
197 1917.757000 2038.201237 0
198 1926.911000 2048.201237 0
199 1937.293000 2058.201237 0
200 1946.883000 2068.201237 0
201 1954.809000 2078.201237 0
202 1964.620000 2088.201237 0
203 1974.782000 2098.201237 0
204 1985.579000 2108.201237 0
205 1995.308000 2118.201237 0
206 2005.308000 2128.201237 0
207 2015.204000 2138.201237 0
208 2024.919000 2148.201237 0
209 2034.823000 2117.191610 12
210 2044.823000 2127.191610 0
211 2053.733000 2137.191610 0
212 2065.736000 2147.191610 0
213 2075.432000 2123.412476 9
214 2085.432000 2133.412476 0
215 2095.640000 2143.412476 0
216 2105.535000 2153.412476 0
217 2116.249000 2118.234982 8
218 2125.944000 2126.503132 12
219 2135.944000 2136.503132 0
220 2146.477000 2146.351143 10
221 2156.339000 2156.351143 0
222 2166.172000 2165.975364 11
223 2176.248000 2175.975364 0
224 2185.589000 2185.975364 0
225 2195.326000 2196.485958 15
226 2205.520000 2206.485958 0
227 2217.024000 2217.700047 12
228 2227.821000 2227.700047 0
229 2237.286000 2236.372638 9
230 2246.071000 2260.294126 8
231 2256.071000 2270.294126 0
232 2265.092000 2265.288701 10
233 2275.092000 2275.935914 9
234 2284.908000 2285.935914 0
235 2294.908000 2295.146461 17
236 2304.609000 2304.489101 11
237 2314.609000 2314.489101 0
238 2324.304000 2324.489101 0
239 2334.304000 2332.719736 10
240 2344.486000 2345.366759 16
241 2353.057000 2355.366759 0
242 2362.985000 2365.366759 0
243 2372.520000 2371.355298 13
244 2381.683000 2383.163977 11
245 2392.797000 2390.440402 13
246 2402.524000 2404.100156 9
247 2412.524000 2412.568745 17
248 2422.603000 2422.436831 10
249 2432.623000 2432.751461 9
250 2442.623000 2441.655644 8
251 2451.774000 2451.655644 0
252 2461.676000 2461.655644 0
253 2470.754000 2472.297656 8
254 2481.214000 2480.717177 11
255 2491.098000 2490.717177 0
256 2500.447000 2500.717177 0
257 2509.765000 2510.717177 0
258 2518.890000 2520.717177 0
259 2529.280000 2530.717177 0
260 2538.944000 2538.985555 11
261 2548.529000 2549.760057 8
262 2558.036000 2559.760057 0
263 2567.093000 2569.760057 0
264 2575.836000 2579.760057 0
265 2585.931000 2589.760057 0
266 2595.244000 2599.760057 0
267 2605.244000 2609.760057 0
268 2615.042000 2612.332993 10
269 2624.843000 2622.332993 0
270 2635.057000 2632.332993 0
271 2645.270000 2642.332993 0
272 2654.752000 2652.332993 0
273 2664.938000 2662.332993 0
274 2674.439000 2672.332993 0
275 2684.201000 2682.332993 0
276 2693.355000 2692.332993 0
277 2703.021000 2702.332993 0
278 2712.409000 2714.793230 8
279 2722.955000 2723.499317 12
280 2733.351000 2733.499317 0
281 2743.508000 2743.721699 14
282 2753.438000 2753.721699 0
283 2763.906000 2765.809618 8
284 2774.276000 2775.809618 0
285 2783.156000 2782.670051 11
286 2792.350000 2792.670051 0
287 2802.543000 2800.603697 9
288 2812.446000 2810.603697 0
289 2821.794000 2820.603697 0
290 2830.771000 2830.603697 0
291 2841.083000 2840.603697 0
292 2851.257000 2850.603697 0
293 2861.257000 2860.603697 0
294 2871.591000 2870.603697 0
295 2880.480000 2880.603697 0
296 2890.480000 2889.966499 11
297 2900.383000 2899.966499 0
298 2910.232000 2909.966499 0
299 2920.525000 2919.086832 9
300 2930.148000 2929.686239 14
301 2939.843000 2939.686239 0
302 2949.985000 2949.686239 0
303 2959.411000 2959.686239 0
304 2969.411000 2969.686239 0
305 2979.660000 2978.816885 10
306 2989.373000 2988.816885 0
307 2999.373000 3001.781385 12
308 3009.156000 3011.781385 0
309 3018.995000 3019.600485 15
310 3028.707000 3027.868775 9
311 3038.277000 3037.868775 0
312 3046.041000 3047.868775 0
313 3054.913000 3057.868775 0
314 3064.767000 3064.299073 10
315 3074.767000 3074.299073 0
316 3084.516000 3084.473367 8
317 3092.780000 3094.473367 0
318 3102.278000 3101.457364 10
319 3113.010000 3111.457364 0
320 3122.474000 3121.457364 0
321 3132.329000 3132.584798 10
322 3140.879000 3140.306432 11
323 3150.790000 3150.306432 0
324 3160.555000 3158.534332 16
325 3169.624000 3168.534332 0
326 3177.834000 3178.534332 0
327 3187.548000 3185.268107 11
328 3198.656000 3198.912062 10
329 3208.441000 3208.912062 0
330 3217.491000 3216.515434 8
331 3228.026000 3227.332165 16
332 3238.294000 3237.332165 0
333 3248.222000 3247.332165 0
334 3258.222000 3257.332165 0
335 3267.432000 3267.099566 8
336 3277.002000 3277.073888 13
337 3287.002000 3287.073888 0
338 3297.002000 3297.073888 0
339 3307.002000 3307.193282 15
340 3316.855000 3317.193282 0
341 3326.855000 3327.193282 0
342 3335.816000 3337.193282 0
343 3346.780000 3394.114853 12
344 3357.496000 3357.984769 9
345 3367.780000 3366.872989 18
346 3377.690000 3376.872989 0
347 3387.331000 3386.872989 0
348 3397.331000 3396.872989 0
349 3403.895000 3406.872989 0
350 3413.895000 3416.872989 0
351 3423.625000 3426.872989 0
352 3434.501000 3436.872989 0
353 3444.227000 3444.776464 10
354 3454.999000 3451.539475 8
355 3464.135000 3462.976405 11
356 3474.135000 3472.537047 14
357 3484.135000 3482.787274 12
358 3493.815000 3492.579652 14
359 3503.474000 3502.579652 0
360 3513.133000 3512.579652 0
361 3522.614000 3522.579652 0
362 3532.614000 3532.579652 0
363 3540.698000 3542.579652 0
364 3549.319000 3552.579652 0
365 3560.035000 3562.579652 0
366 3570.427000 3572.579652 0
367 3579.853000 3578.478644 9
368 3588.868000 3588.478644 0
369 3597.758000 3598.478644 0
370 3608.598000 3608.478644 0
371 3619.205000 3618.478644 0
372 3630.495000 3631.865835 11
373 3639.841000 3639.354655 10
374 3650.150000 3649.354655 0
375 3658.773000 3659.354655 0
376 3669.988000 3669.354655 0
377 3675.443000 3679.354655 0
378 3686.082000 3686.721154 13
379 3696.082000 3696.721154 0
380 3707.480000 3706.721154 0
381 3717.480000 3716.721154 0
382 3727.480000 3726.721154 0
383 3737.086000 3736.721154 0
384 3746.943000 3789.917720 8
385 3756.241000 3799.917720 0
386 3766.400000 3809.917720 0
387 3776.400000 3819.917720 0
388 3786.400000 3786.874941 16
389 3795.665000 3796.874941 0
390 3803.874000 3806.874941 0
391 3813.588000 3813.805159 16
392 3823.819000 3823.805159 0
393 3833.460000 3833.805159 0
394 3842.278000 3843.333216 12
395 3852.672000 3852.644446 8
396 3863.100000 3862.644446 0
397 3873.868000 3872.644446 0
398 3883.688000 3882.644446 0
399 3892.560000 3892.644446 0
400 3903.079000 3902.644446 0
401 3913.113000 3912.644446 0
402 3922.683000 3922.876778 10
403 3932.467000 3932.876778 0
404 3942.324000 3942.876778 0
405 3950.945000 3952.876778 0
406 3960.478000 3962.876778 0
407 3970.818000 3970.188211 8
408 3980.709000 3980.188211 0
409 3987.524000 3990.188211 0
410 3997.721000 3997.246189 16
411 4007.827000 4006.129021 9
412 4017.827000 4016.129021 0
413 4027.055000 4026.621807 10
414 4036.481000 4036.621807 0
415 4046.481000 4046.621807 0
416 4055.175000 4053.939818 11
417 4064.458000 4063.939818 0
418 4073.867000 4073.939818 0
419 4082.614000 4083.939818 0
420 4093.775000 4093.939818 0
421 4102.647000 4101.651460 17
422 4111.877000 4113.565987 8
423 4121.715000 4123.565987 0
424 4130.747000 4130.373714 15
425 4140.193000 4140.373714 0
426 4150.031000 4150.373714 0
427 4159.457000 4160.373714 0
428 4170.041000 4170.373714 0
429 4179.827000 4179.357575 8
430 4189.240000 4189.357575 0
431 4198.753000 4198.807627 11
432 4208.351000 4208.965426 9
433 4217.789000 4217.060952 14
434 4227.286000 4227.060952 0
435 4236.999000 4236.870347 11
436 4244.888000 4246.870347 0
437 4254.888000 4256.674136 9
438 4264.439000 4284.351612 9
439 4274.258000 4275.301457 12
440 4284.043000 4284.435834 8
441 4294.402000 4293.657619 17
442 4303.916000 4302.749541 17
443 4313.916000 4312.749541 0
444 4323.916000 4322.749541 0
445 4333.452000 4332.749541 0
446 4343.452000 4342.749541 0
447 4353.696000 4352.749541 0
448 4363.535000 4362.749541 0
449 4373.659000 4372.749541 0
450 4384.141000 4382.749541 0
451 4393.800000 4392.749541 0
452 4403.011000 4402.741566 9
453 4412.922000 4413.322485 10
454 4421.741000 4423.322485 0
455 4431.202000 4433.322485 0
456 4440.558000 4441.346018 14
457 4450.718000 4523.035082 8
458 4460.914000 4533.035082 0
459 4468.980000 4543.035082 0
460 4477.834000 4553.035082 0
461 4487.834000 4563.035082 0
462 4496.760000 4573.035082 0
463 4505.714000 4583.035082 0
464 4514.669000 4593.035082 0
465 4522.896000 4603.035082 0
466 4532.554000 4613.035082 0
467 4540.771000 4623.035082 0
468 4549.692000 4633.035082 0
469 4558.663000 4643.035082 0
470 4568.567000 4653.035082 0
471 4579.446000 4663.035082 0
472 4586.385000 4588.590723 13
473 4596.676000 4598.590723 0
474 4606.008000 4607.264602 10
475 4615.820000 4617.264602 0
476 4624.232000 4627.264602 0
477 4633.843000 4633.940135 10
478 4643.506000 4642.783133 13
479 4652.917000 4653.692910 11
480 4662.917000 4663.692910 0
481 4672.917000 4671.509333 8
