001 0.000000 0.434917 35
002 10.000000 8.525763 9
003 20.000000 18.525763 0
004 28.072000 28.525763 0
005 38.058000 35.206492 13
006 48.059000 49.436010 11
007 58.056000 59.436010 0
008 68.056000 68.194958 13
009 78.056000 77.039851 14
010 88.056000 88.252692 16
011 98.056000 97.869248 13
012 108.056000 106.787443 17
013 118.056000 118.323865 12
014 128.056000 128.354885 11
015 138.056000 137.387900 11
016 148.056000 148.113067 22
017 158.056000 157.881154 20
018 168.056000 168.068395 13
019 178.056000 178.260290 20
020 188.056000 188.369938 26
021 198.056000 198.174877 32
022 208.056000 208.335621 29
023 218.056000 217.773228 20
024 228.056000 227.903388 9
025 238.056000 239.359359 24
026 248.056000 249.359359 0
027 258.311000 257.541679 11
028 268.392000 267.541679 0
029 278.457000 270.758137 8
030 288.680000 289.308182 16
031 299.265000 299.840865 15
032 309.265000 309.840865 0
033 319.460000 319.840865 0
034 329.886000 329.840865 0
035 331.489000 339.840865 0
036 341.050000 349.840865 0
037 352.269000 359.840865 0
038 362.269000 310.084112 8
039 372.483000 320.084112 0
040 382.483000 383.186590 15
041 392.844000 394.773328 11
042 403.556000 404.194609 22
043 414.326000 414.194609 0
044 424.449000 424.013979 13
045 434.768000 435.004778 11
046 444.768000 445.004778 0
047 452.651000 455.004778 0
048 462.775000 465.004778 0
049 472.194000 475.004778 0
050 482.194000 438.036092 10
051 491.877000 491.370825 14
052 501.624000 501.166127 12
053 511.427000 511.166127 0
054 520.978000 520.132854 8
055 530.978000 530.132854 0
056 541.619000 540.132854 0
057 550.842000 550.132854 0
058 560.228000 564.396506 12
059 569.286000 569.646299 11
060 578.659000 578.282289 9
061 588.915000 588.282289 0
062 598.555000 584.463121 8
063 608.681000 609.150860 17
064 619.259000 619.101270 15
065 628.721000 629.101270 0
066 638.369000 639.101270 0
067 647.991000 649.101270 0
068 657.851000 658.654099 14
069 666.916000 666.768957 11
070 675.899000 676.768957 0
071 685.573000 687.490052 12
072 695.248000 697.490052 0
073 705.586000 707.490052 0
074 715.395000 717.490052 0
075 725.261000 726.808812 11
076 734.717000 736.808812 0
077 745.217000 746.808812 0
078 755.217000 756.808812 0
079 764.858000 764.567096 9
080 774.506000 774.567096 0
081 785.429000 784.567096 0
082 796.513000 799.912705 10
083 806.746000 806.648968 12
084 816.819000 817.651133 13
085 826.819000 827.651133 0
086 836.249000 837.651133 0
087 846.163000 846.122994 8
088 856.163000 856.122994 0
089 864.873000 866.122994 0
090 873.220000 874.024628 15
091 883.027000 883.231436 15
092 892.860000 891.542375 10
093 902.860000 901.542375 0
094 912.210000 992.346091 8
095 921.433000 1002.346091 0
096 931.433000 1012.346091 0
097 940.742000 1040.841375 9
098 949.547000 1050.841375 0
099 958.617000 1060.841375 0
100 968.324000 1070.841375 0
101 977.329000 1080.841375 0
102 987.329000 1090.841375 0
103 997.595000 1100.841375 0
104 1007.336000 1110.841375 0
105 1017.463000 1120.841375 0
106 1028.014000 1130.841375 0
107 1037.881000 1140.841375 0
108 1046.619000 1150.841375 0
109 1056.878000 1160.841375 0
110 1066.607000 1170.841375 0
111 1076.607000 1180.841375 0
112 1085.691000 1190.841375 0
113 1095.691000 1200.841375 0
114 1104.986000 1210.841375 0
115 1115.086000 1220.841375 0
116 1124.734000 1230.841375 0
117 1133.904000 1240.841375 0
118 1143.738000 1250.841375 0
119 1153.068000 1260.841375 0
120 1162.582000 1270.841375 0
121 1172.470000 1280.841375 0
122 1181.693000 1290.841375 0
123 1191.553000 1300.841375 0
124 1201.148000 1310.841375 0
125 1211.148000 1320.841375 0
126 1220.338000 1341.588054 9
127 1229.986000 1351.588054 0
128 1239.076000 1361.588054 0
129 1249.076000 1371.588054 0
130 1257.800000 1381.588054 0
131 1267.668000 1391.588054 0
132 1278.014000 1401.588054 0
133 1288.014000 1411.588054 0
134 1297.789000 1421.588054 0
135 1307.517000 1390.874765 8
136 1317.517000 1400.874765 0
137 1327.250000 1410.874765 0
138 1336.985000 1420.874765 0
139 1346.985000 1430.874765 0
140 1356.581000 1440.874765 0
141 1365.299000 1450.874765 0
142 1375.105000 1460.874765 0
143 1385.579000 1470.874765 0
144 1395.579000 1460.973993 8
145 1405.579000 1470.973993 0
146 1415.931000 1480.973993 0
147 1425.340000 1490.973993 0
148 1434.351000 1500.973993 0
149 1443.813000 1510.973993 0
150 1453.703000 1520.973993 0
151 1463.450000 1530.973993 0
152 1471.333000 1540.973993 0
153 1481.566000 1550.973993 0
154 1491.044000 1514.759981 14
155 1500.579000 1524.759981 0
156 1510.173000 1534.759981 0
157 1520.607000 1544.759981 0
158 1530.868000 1554.759981 0
159 1540.607000 1564.759981 0
160 1549.968000 1574.759981 0
161 1560.345000 1584.759981 0
162 1570.539000 1570.646840 8
163 1579.858000 1580.285275 9
164 1589.858000 1590.285275 0
165 1599.858000 1600.285275 0
166 1610.086000 1610.285275 0
167 1620.615000 1620.285275 0
168 1631.827000 1630.285275 0
169 1641.168000 1640.285275 0
170 1651.300000 1650.572607 8
171 1663.636000 1660.572607 0
172 1672.749000 1672.193993 13
173 1683.172000 1682.193993 0
174 1693.095000 1693.907684 10
175 1702.956000 1702.628822 16
176 1713.607000 1709.449488 8
177 1724.031000 1719.449488 0
178 1734.031000 1729.449488 0
179 1742.838000 1739.449488 0
180 1752.449000 1750.804569 13
181 1760.542000 1760.804569 0
182 1770.715000 1771.439962 8
183 1780.992000 1781.439962 0
184 1790.832000 1791.439962 0
185 1800.832000 1769.376806 9
186 1810.721000 1812.880286 11
187 1820.617000 1820.541541 18
188 1830.360000 1830.203391 15
189 1840.013000 1838.791208 10
190 1849.209000 1848.791208 0
191 1860.090000 1858.791208 0
192 1869.680000 1870.156213 8
193 1879.478000 1880.156213 0
194 1889.402000 1888.702432 11
195 1899.097000 1898.702432 0
196 1908.417000 1908.702432 0
197 1917.757000 1917.090436 9
198 1926.911000 1926.885452 11
199 1937.293000 1936.885452 0
200 1946.883000 1946.577777 10
201 1954.809000 1955.384458 14
202 1964.620000 1966.903749 10
203 1974.782000 1976.903749 0
204 1985.579000 1986.015311 8
205 1995.308000 1994.771510 9
206 2005.308000 2004.771510 0
207 2015.204000 2014.771510 0
208 2024.919000 2025.159243 12
209 2034.823000 2035.159243 0
210 2044.823000 2045.158732 17
211 2053.733000 2055.158732 0
212 2065.736000 2067.470014 11
213 2075.432000 2075.505023 14
214 2085.432000 2085.017091 9
215 2095.640000 2095.017091 0
216 2105.535000 2105.017091 0
217 2116.249000 2115.017091 0
218 2125.944000 2126.562599 14
219 2135.944000 2136.562599 0
220 2146.477000 2146.502070 8
221 2156.339000 2156.502070 0
222 2166.172000 2167.610850 17
223 2176.248000 2177.610850 0
224 2185.589000 2187.610850 0
225 2195.326000 2194.031673 9
226 2205.520000 2204.031673 0
227 2217.024000 2214.031673 0
228 2227.821000 2227.485838 12
229 2237.286000 2236.818708 14
230 2246.071000 2246.818708 0
231 2256.071000 2256.818708 0
232 2265.092000 2266.818708 0
233 2275.092000 2276.818708 0
234 2284.908000 2285.510105 14
235 2294.908000 2295.862686 10
236 2304.609000 2305.064556 10
237 2314.609000 2315.064556 0
238 2324.304000 2325.064556 0
239 2334.304000 2328.895541 9
240 2344.486000 2338.895541 0
241 2353.057000 2348.895541 0
242 2362.985000 2358.895541 0
243 2372.520000 2372.417198 10
244 2381.683000 2382.417198 0
245 2392.797000 2391.706933 15
246 2402.524000 2402.850878 14
247 2412.524000 2412.152498 23
248 2422.603000 2424.352574 15
249 2432.623000 2434.352574 0
250 2442.623000 2441.930227 11
251 2451.774000 2450.679302 9
252 2461.676000 2460.679302 0
253 2470.754000 2472.894911 9
254 2481.214000 2480.823572 10
255 2491.098000 2490.823572 0
256 2500.447000 2500.823572 0
257 2509.765000 2510.823572 0
258 2518.890000 2533.743440 10
259 2529.280000 2543.743440 0
260 2538.944000 2553.743440 0
261 2548.529000 2563.743440 0
262 2558.036000 2573.743440 0
263 2567.093000 2567.055265 8
264 2575.836000 2577.055265 0
265 2585.931000 2585.827922 9
266 2595.244000 2595.827922 0
267 2605.244000 2605.827922 0
268 2615.042000 2613.401131 8
269 2624.843000 2623.401131 0
270 2635.057000 2633.401131 0
271 2645.270000 2646.138353 8
272 2654.752000 2656.138353 0
273 2664.938000 2666.138353 0
274 2674.439000 2673.930875 11
275 2684.201000 2683.930875 0
276 2693.355000 2693.930875 0
277 2703.021000 2705.220507 10
278 2712.409000 2715.220507 0
279 2722.955000 2725.220507 0
280 2733.351000 2733.295163 15
281 2743.508000 2743.295163 0
282 2753.438000 2753.295163 0
283 2763.906000 2763.295163 0
284 2774.276000 2774.289374 10
285 2783.156000 2782.984343 9
286 2792.350000 2792.984343 0
287 2802.543000 2802.984343 0
288 2812.446000 2812.984343 0
289 2821.794000 2821.885408 9
290 2830.771000 2831.885408 0
291 2841.083000 2841.885408 0
292 2851.257000 2851.885408 0
293 2861.257000 2861.885408 0
294 2871.591000 2871.885408 0
295 2880.480000 2881.885408 0
296 2890.480000 2891.007750 12
297 2900.383000 2901.119426 17
298 2910.232000 2906.453242 8
299 2920.525000 2920.465755 8
300 2930.148000 2929.583167 13
301 2939.843000 2940.282411 12
302 2949.985000 2950.282411 0
303 2959.411000 2961.059304 8
304 2969.411000 2971.059304 0
305 2979.660000 2979.373349 9
306 2989.373000 2989.373349 0
307 2999.373000 2999.373349 0
308 3009.156000 3009.373349 0
309 3018.995000 3018.777244 12
310 3028.707000 3028.415187 12
311 3038.277000 3038.415187 0
312 3046.041000 3044.007854 13
313 3054.913000 3054.007854 0
314 3064.767000 3064.007854 0
315 3074.767000 3074.616276 8
316 3084.516000 3084.616276 0
317 3092.780000 3091.516313 11
318 3102.278000 3103.042496 12
319 3113.010000 3113.042496 0
320 3122.474000 3123.042496 0
321 3132.329000 3133.042496 0
322 3140.879000 3143.042496 0
323 3150.790000 3153.042496 0
324 3160.555000 3163.042496 0
325 3169.624000 3173.042496 0
326 3177.834000 3183.042496 0
327 3187.548000 3186.918344 9
328 3198.656000 3196.918344 0
329 3208.441000 3206.918344 0
330 3217.491000 3216.918344 0
331 3228.026000 3273.378660 8
332 3238.294000 3283.378660 0
333 3248.222000 3293.378660 0
334 3258.222000 3256.926201 14
335 3267.432000 3267.088159 8
336 3277.002000 3276.046471 14
337 3287.002000 3286.046471 0
338 3297.002000 3296.046471 0
339 3307.002000 3308.951209 15
340 3316.855000 3318.951209 0
341 3326.855000 3328.951209 0
342 3335.816000 3338.951209 0
343 3346.780000 3335.666200 8
344 3357.496000 3358.922496 11
345 3367.780000 3367.082922 17
346 3377.690000 3377.082922 0
347 3387.331000 3387.082922 0
348 3397.331000 3397.082922 0
349 3403.895000 3407.082922 0
350 3413.895000 3417.082922 0
351 3423.625000 3424.150851 12
352 3434.501000 3434.150851 0
353 3444.227000 3447.041363 11
354 3454.999000 3454.668550 11
355 3464.135000 3463.773026 15
356 3474.135000 3473.773026 0
357 3484.135000 3483.773026 0
358 3493.815000 3494.401866 11
359 3503.474000 3504.066707 8
360 3513.133000 3514.066707 0
361 3522.614000 3524.066707 0
362 3532.614000 3534.066707 0
363 3540.698000 3544.066707 0
364 3549.319000 3554.066707 0
365 3560.035000 3564.066707 0
366 3570.427000 3574.066707 0
367 3579.853000 3579.096777 16
368 3588.868000 3589.096777 0
369 3597.758000 3599.096777 0
370 3608.598000 3609.096777 0
371 3619.205000 3619.096777 0
372 3630.495000 3630.465300 13
373 3639.841000 3686.486331 8
374 3650.150000 3696.486331 0
375 3658.773000 3706.486331 0
376 3669.988000 3716.486331 0
377 3675.443000 3726.486331 0
378 3686.082000 3736.486331 0
379 3696.082000 3746.486331 0
380 3707.480000 3756.486331 0
381 3717.480000 3766.486331 0
382 3727.480000 3776.486331 0
383 3737.086000 3786.486331 0
384 3746.943000 3796.486331 0
385 3756.241000 3806.486331 0
386 3766.400000 3816.486331 0
387 3776.400000 3826.486331 0
388 3786.400000 3786.001135 19
389 3795.665000 3795.701570 9
390 3803.874000 3802.863136 9
391 3813.588000 3812.863136 0
392 3823.819000 3822.863136 0
393 3833.460000 3832.863136 0
394 3842.278000 3842.911190 11
395 3852.672000 3852.911190 0
396 3863.100000 3862.911190 0
397 3873.868000 3874.414550 10
398 3883.688000 3880.902100 12
399 3892.560000 3890.902100 0
400 3903.079000 3900.902100 0
401 3913.113000 3914.215927 9
402 3922.683000 3922.551959 10
403 3932.467000 3932.551959 0
404 3942.324000 3942.551959 0
405 3950.945000 3952.551959 0
406 3960.478000 3962.551959 0
407 3970.818000 3972.551959 0
408 3980.709000 3982.551959 0
409 3987.524000 3987.152462 8
410 3997.721000 3997.479519 26
411 4007.827000 4007.479519 0
412 4017.827000 4017.479519 0
413 4027.055000 4027.596210 9
414 4036.481000 4102.696126 8
415 4046.481000 4046.051722 8
416 4055.175000 4054.804412 9
417 4064.458000 4064.804412 0
418 4073.867000 4124.208458 8
419 4082.614000 4134.208458 0
420 4093.775000 4144.208458 0
421 4102.647000 4154.208458 0
422 4111.877000 4164.208458 0
423 4121.715000 4174.208458 0
424 4130.747000 4184.208458 0
425 4140.193000 4194.208458 0
426 4150.031000 4204.208458 0
427 4159.457000 4214.208458 0
428 4170.041000 4224.208458 0
429 4179.827000 4234.208458 0
430 4189.240000 4244.208458 0
431 4198.753000 4254.208458 0
432 4208.351000 4207.081494 17
433 4217.789000 4217.894648 12
434 4227.286000 4227.123930 10
435 4236.999000 4235.239838 10
436 4244.888000 4245.239838 0
437 4254.888000 4212.992695 8
438 4264.439000 4222.992695 0
439 4274.258000 4274.352550 10
440 4284.043000 4284.164355 9
441 4294.402000 4294.333920 11
442 4303.916000 4303.391100 17
443 4313.916000 4313.391100 0
444 4323.916000 4323.391100 0
445 4333.452000 4333.391100 0
446 4343.452000 4344.075914 10
447 4353.696000 4354.075914 0
448 4363.535000 4364.075914 0
449 4373.659000 4374.075914 0
450 4384.141000 4384.075914 0
451 4393.800000 4394.075914 0
452 4403.011000 4404.075914 0
453 4412.922000 4414.075914 0
454 4421.741000 4422.161687 14
455 4431.202000 4432.161687 0
456 4440.558000 4441.337827 11
457 4450.718000 4451.337827 0
458 4460.914000 4461.337827 0
459 4468.980000 4469.362395 11
460 4477.834000 4479.362395 0
461 4487.834000 4489.362395 0
462 4496.760000 4499.362395 0
463 4505.714000 4509.362395 0
464 4514.669000 4519.362395 0
465 4522.896000 4529.362395 0
466 4532.554000 4577.787050 9
467 4540.771000 4605.065352 8
468 4549.692000 4615.065352 0
469 4558.663000 4625.065352 0
470 4568.567000 4635.065352 0
471 4579.446000 4645.065352 0
472 4586.385000 4655.065352 0
473 4596.676000 4665.065352 0
474 4606.008000 4601.802046 13
475 4615.820000 4633.093178 8
476 4624.232000 4643.093178 0
477 4633.843000 4633.681478 13
478 4643.506000 4643.295404 15
479 4652.917000 4653.680860 8
480 4662.917000 4663.680860 0
481 4672.917000 4673.680860 0
