001 0.000000 1.049091 20
002 10.000000 11.049091 0
003 20.000000 21.049091 0
004 28.072000 31.049091 0
005 38.058000 59.998506 8
006 48.059000 48.184221 14
007 58.056000 58.239793 10
008 68.056000 68.056199 13
009 78.056000 77.915573 8
010 88.056000 87.950860 17
011 98.056000 97.692955 16
012 108.056000 105.212732 12
013 118.056000 118.354087 11
014 128.056000 128.105953 22
015 138.056000 137.807472 22
016 148.056000 148.187868 32
017 158.056000 157.655314 14
018 168.056000 167.655314 0
019 178.056000 179.290055 18
020 188.056000 188.347206 28
021 198.056000 198.748012 23
022 208.056000 208.569227 25
023 218.056000 215.267267 13
024 228.056000 225.267267 0
025 238.056000 238.979457 14
026 248.056000 248.979457 0
027 258.311000 258.979457 0
028 268.392000 269.700374 11
029 278.457000 274.984215 14
030 288.680000 275.075025 8
031 299.265000 300.495204 16
032 309.265000 310.495204 0
033 319.460000 320.495204 0
034 329.886000 330.495204 0
035 331.489000 340.495204 0
036 341.050000 350.495204 0
037 352.269000 360.495204 0
038 362.269000 370.495204 0
039 372.483000 380.495204 0
040 382.483000 442.180327 11
041 392.844000 393.779102 12
042 403.556000 401.617768 8
043 414.326000 402.473573 9
044 424.449000 412.473573 0
045 434.768000 434.749664 10
046 444.768000 444.749664 0
047 452.651000 454.749664 0
048 462.775000 464.749664 0
049 472.194000 474.749664 0
050 482.194000 481.224273 14
051 491.877000 494.611658 13
052 501.624000 501.250311 10
053 511.427000 510.195781 11
054 520.978000 520.195781 0
055 530.978000 530.195781 0
056 541.619000 540.195781 0
057 550.842000 550.195781 0
058 560.228000 560.195781 0
059 569.286000 569.325278 16
060 578.659000 626.270028 11
061 588.915000 585.755581 15
062 598.555000 595.755581 0
063 608.681000 605.755581 0
064 619.259000 617.328708 9
065 628.721000 627.014957 8
066 638.369000 637.825224 9
067 647.991000 647.825224 0
068 657.851000 617.743929 10
069 666.916000 666.727413 9
070 675.899000 675.883690 9
071 685.573000 685.883690 0
072 695.248000 695.883690 0
073 705.586000 752.875226 8
074 715.395000 762.875226 0
075 725.261000 772.875226 0
076 734.717000 782.875226 0
077 745.217000 792.875226 0
078 755.217000 862.282577 9
079 764.858000 872.282577 0
080 774.506000 882.282577 0
081 785.429000 892.282577 0
082 796.513000 902.282577 0
083 806.746000 912.282577 0
084 816.819000 922.282577 0
085 826.819000 932.282577 0
086 836.249000 942.282577 0
087 846.163000 952.282577 0
088 856.163000 962.282577 0
089 864.873000 972.282577 0
090 873.220000 982.282577 0
091 883.027000 992.282577 0
092 892.860000 1002.282577 0
093 902.860000 1012.282577 0
094 912.210000 984.935005 9
095 921.433000 994.935005 0
096 931.433000 1004.935005 0
097 940.742000 1014.935005 0
098 949.547000 1024.935005 0
099 958.617000 1034.935005 0
100 968.324000 1044.935005 0
101 977.329000 1109.627519 11
102 987.329000 1119.627519 0
103 997.595000 1129.627519 0
104 1007.336000 1139.627519 0
105 1017.463000 1149.627519 0
106 1028.014000 1159.627519 0
107 1037.881000 1169.627519 0
108 1046.619000 1179.627519 0
109 1056.878000 1189.627519 0
110 1066.607000 1199.627519 0
111 1076.607000 1209.627519 0
112 1085.691000 1219.627519 0
113 1095.691000 1229.627519 0
114 1104.986000 1239.627519 0
115 1115.086000 1249.627519 0
116 1124.734000 1259.627519 0
117 1133.904000 1269.627519 0
118 1143.738000 1279.627519 0
119 1153.068000 1289.627519 0
120 1162.582000 1299.627519 0
121 1172.470000 1309.627519 0
122 1181.693000 1319.627519 0
123 1191.553000 1329.627519 0
124 1201.148000 1339.627519 0
125 1211.148000 1349.627519 0
126 1220.338000 1340.459406 8
127 1229.986000 1350.459406 0
128 1239.076000 1336.379194 8
129 1249.076000 1346.379194 0
130 1257.800000 1356.379194 0
131 1267.668000 1366.379194 0
132 1278.014000 1376.379194 0
133 1288.014000 1386.379194 0
134 1297.789000 1396.379194 0
135 1307.517000 1406.379194 0
136 1317.517000 1416.379194 0
137 1327.250000 1401.501292 11
138 1336.985000 1411.501292 0
139 1346.985000 1421.501292 0
140 1356.581000 1431.501292 0
141 1365.299000 1441.501292 0
142 1375.105000 1445.892182 8
143 1385.579000 1455.892182 0
144 1395.579000 1465.892182 0
145 1405.579000 1450.445527 9
146 1415.931000 1460.445527 0
147 1425.340000 1470.445527 0
148 1434.351000 1480.445527 0
149 1443.813000 1443.338269 11
150 1453.703000 1453.478277 15
151 1463.450000 1463.478277 0
152 1471.333000 1473.478277 0
153 1481.566000 1483.478277 0
154 1491.044000 1493.478277 0
155 1500.579000 1503.478277 0
156 1510.173000 1513.478277 0
157 1520.607000 1524.457044 9
158 1530.868000 1534.457044 0
159 1540.607000 1544.457044 0
160 1549.968000 1554.457044 0
161 1560.345000 1571.418376 8
162 1570.539000 1581.418376 0
163 1579.858000 1580.045741 16
164 1589.858000 1590.045741 0
165 1599.858000 1600.045741 0
166 1610.086000 1610.045741 0
167 1620.615000 1620.122534 13
168 1631.827000 1630.905910 8
169 1641.168000 1641.675411 14
170 1651.300000 1651.675411 0
171 1663.636000 1661.675411 0
172 1672.749000 1672.714435 11
173 1683.172000 1682.714435 0
174 1693.095000 1692.714435 0
175 1702.956000 1700.749660 11
176 1713.607000 1710.749660 0
177 1724.031000 1720.749660 0
178 1734.031000 1730.749660 0
179 1742.838000 1743.306050 10
180 1752.449000 1752.168593 11
181 1760.542000 1762.168593 0
182 1770.715000 1772.168593 0
183 1780.992000 1782.168593 0
184 1790.832000 1792.168593 0
185 1800.832000 1801.321114 8
186 1810.721000 1809.835524 16
187 1820.617000 1820.360376 11
188 1830.360000 1829.883902 11
189 1840.013000 1840.324475 12
190 1849.209000 1850.324475 0
191 1860.090000 1860.324475 0
192 1869.680000 1868.040924 10
193 1879.478000 1879.602996 10
194 1889.402000 1888.126983 8
195 1899.097000 1899.462582 19
196 1908.417000 1909.462582 0
197 1917.757000 1918.294113 10
198 1926.911000 1926.947076 15
199 1937.293000 1936.947076 0
200 1946.883000 1946.947076 0
201 1954.809000 1956.947076 0
202 1964.620000 1964.779053 8
203 1974.782000 1974.779053 0
204 1985.579000 1987.335013 8
205 1995.308000 1993.547900 8
206 2005.308000 2003.547900 0
207 2015.204000 2013.547900 0
208 2024.919000 2023.845924 9
209 2034.823000 2033.845924 0
210 2044.823000 2044.947862 21
211 2053.733000 2054.947862 0
212 2065.736000 2065.007894 8
213 2075.432000 2075.844527 12
214 2085.432000 2085.844527 0
215 2095.640000 2095.844527 0
216 2105.535000 2105.844527 0
217 2116.249000 2118.794641 8
218 2125.944000 2126.503132 12
219 2135.944000 2136.503132 0
220 2146.477000 2146.637302 11
221 2156.339000 2156.637302 0
222 2166.172000 2165.987970 13
223 2176.248000 2175.987970 0
224 2185.589000 2185.987970 0
225 2195.326000 2196.615742 14
226 2205.520000 2206.615742 0
227 2217.024000 2217.700047 12
228 2227.821000 2227.700047 0
229 2237.286000 2236.428701 10
230 2246.071000 2260.294126 8
231 2256.071000 2270.294126 0
232 2265.092000 2265.271706 11
233 2275.092000 2275.271706 0
234 2284.908000 2285.271706 0
235 2294.908000 2294.801388 15
236 2304.609000 2304.489101 11
237 2314.609000 2314.489101 0
238 2324.304000 2324.489101 0
239 2334.304000 2331.954690 8
240 2344.486000 2345.412169 15
241 2353.057000 2355.412169 0
242 2362.985000 2361.457171 8
243 2372.520000 2371.803617 12
244 2381.683000 2384.322252 9
245 2392.797000 2390.544458 12
246 2402.524000 2404.100156 9
247 2412.524000 2412.570276 16
248 2422.603000 2422.496125 11
249 2432.623000 2432.751461 9
250 2442.623000 2442.711378 8
251 2451.774000 2452.711378 0
252 2461.676000 2460.786670 8
253 2470.754000 2470.786670 0
254 2481.214000 2480.786670 0
255 2491.098000 2490.786670 0
256 2500.447000 2500.786670 0
257 2509.765000 2508.217869 8
258 2518.890000 2518.217869 0
259 2529.280000 2528.217869 0
260 2538.944000 2539.008826 9
261 2548.529000 2549.760057 8
262 2558.036000 2559.760057 0
263 2567.093000 2569.760057 0
264 2575.836000 2579.760057 0
265 2585.931000 2541.421225 8
266 2595.244000 2551.421225 0
267 2605.244000 2561.421225 0
268 2615.042000 2612.872090 10
269 2624.843000 2622.872090 0
270 2635.057000 2632.872090 0
271 2645.270000 2642.872090 0
272 2654.752000 2652.872090 0
273 2664.938000 2662.872090 0
274 2674.439000 2673.534422 9
275 2684.201000 2683.534422 0
276 2693.355000 2693.534422 0
277 2703.021000 2703.534422 0
278 2712.409000 2713.534422 0
279 2722.955000 2722.551624 11
280 2733.351000 2732.551624 0
281 2743.508000 2743.721699 14
282 2753.438000 2753.721699 0
283 2763.906000 2767.037949 8
284 2774.276000 2777.037949 0
285 2783.156000 2782.597840 9
286 2792.350000 2792.597840 0
287 2802.543000 2802.597840 0
288 2812.446000 2812.597840 0
289 2821.794000 2822.597840 0
290 2830.771000 2832.597840 0
291 2841.083000 2842.597840 0
292 2851.257000 2852.597840 0
293 2861.257000 2862.597840 0
294 2871.591000 2872.597840 0
295 2880.480000 2882.597840 0
296 2890.480000 2889.950585 10
297 2900.383000 2899.950585 0
298 2910.232000 2909.950585 0
299 2920.525000 2918.913823 8
300 2930.148000 2929.341577 14
301 2939.843000 2939.341577 0
302 2949.985000 2949.341577 0
303 2959.411000 2959.341577 0
304 2969.411000 2969.341577 0
305 2979.660000 2978.813506 10
306 2989.373000 2988.813506 0
307 2999.373000 2998.813506 0
308 3009.156000 3008.813506 0
309 3018.995000 3019.838939 16
310 3028.707000 3028.222600 8
311 3038.277000 3038.222600 0
312 3046.041000 3048.222600 0
313 3054.913000 3058.222600 0
314 3064.767000 3064.560214 11
315 3074.767000 3074.560214 0
316 3084.516000 3084.167904 12
317 3092.780000 3094.167904 0
318 3102.278000 3101.390854 9
319 3113.010000 3111.390854 0
320 3122.474000 3121.390854 0
321 3132.329000 3132.189755 10
322 3140.879000 3140.192153 13
323 3150.790000 3150.050525 8
324 3160.555000 3158.534332 16
325 3169.624000 3168.534332 0
326 3177.834000 3178.534332 0
327 3187.548000 3127.090415 10
328 3198.656000 3199.044027 10
329 3208.441000 3209.044027 0
330 3217.491000 3219.044027 0
331 3228.026000 3226.109013 14
332 3238.294000 3236.109013 0
333 3248.222000 3246.109013 0
334 3258.222000 3256.109013 0
335 3267.432000 3267.090816 8
336 3277.002000 3277.073888 13
337 3287.002000 3287.073888 0
338 3297.002000 3297.073888 0
339 3307.002000 3307.435876 15
340 3316.855000 3317.435876 0
341 3326.855000 3327.435876 0
342 3335.816000 3337.435876 0
343 3346.780000 3393.477258 11
344 3357.496000 3358.325908 11
345 3367.780000 3366.763235 16
346 3377.690000 3376.763235 0
347 3387.331000 3386.763235 0
348 3397.331000 3396.763235 0
349 3403.895000 3406.763235 0
350 3413.895000 3416.763235 0
351 3423.625000 3426.763235 0
352 3434.501000 3436.763235 0
353 3444.227000 3444.836405 8
354 3454.999000 3451.214631 8
355 3464.135000 3464.605362 14
356 3474.135000 3474.605362 0
357 3484.135000 3482.787274 12
358 3493.815000 3493.128493 15
359 3503.474000 3503.649473 9
360 3513.133000 3513.649473 0
361 3522.614000 3523.649473 0
362 3532.614000 3533.649473 0
363 3540.698000 3543.649473 0
364 3549.319000 3553.649473 0
365 3560.035000 3563.649473 0
366 3570.427000 3573.649473 0
367 3579.853000 3578.926200 10
368 3588.868000 3588.926200 0
369 3597.758000 3598.926200 0
370 3608.598000 3608.926200 0
371 3619.205000 3618.926200 0
372 3630.495000 3631.740700 12
373 3639.841000 3639.411935 11
374 3650.150000 3649.411935 0
375 3658.773000 3659.411935 0
376 3669.988000 3669.411935 0
377 3675.443000 3679.411935 0
378 3686.082000 3686.045727 12
379 3696.082000 3696.045727 0
380 3707.480000 3706.045727 0
381 3717.480000 3716.045727 0
382 3727.480000 3726.045727 0
383 3737.086000 3736.045727 0
384 3746.943000 3743.003748 13
385 3756.241000 3753.003748 0
386 3766.400000 3763.003748 0
387 3776.400000 3773.003748 0
388 3786.400000 3786.874941 16
389 3795.665000 3796.874941 0
390 3803.874000 3806.874941 0
391 3813.588000 3813.805159 16
392 3823.819000 3823.805159 0
393 3833.460000 3833.805159 0
394 3842.278000 3842.549819 12
395 3852.672000 3852.549819 0
396 3863.100000 3862.549819 0
397 3873.868000 3872.549819 0
398 3883.688000 3882.549819 0
399 3892.560000 3892.549819 0
400 3903.079000 3902.549819 0
401 3913.113000 3912.549819 0
402 3922.683000 3922.636177 11
403 3932.467000 3932.372684 10
404 3942.324000 3942.372684 0
405 3950.945000 3952.372684 0
406 3960.478000 3962.372684 0
407 3970.818000 3970.196945 9
408 3980.709000 3980.196945 0
409 3987.524000 3990.196945 0
410 3997.721000 3997.301359 18
411 4007.827000 4037.437422 8
412 4017.827000 4047.437422 0
413 4027.055000 4026.621807 10
414 4036.481000 4036.621807 0
415 4046.481000 4046.621807 0
416 4055.175000 4055.292742 12
417 4064.458000 4065.292742 0
418 4073.867000 4075.292742 0
419 4082.614000 4085.292742 0
420 4093.775000 4095.292742 0
421 4102.647000 4101.430044 18
422 4111.877000 4113.565987 8
423 4121.715000 4097.283657 8
424 4130.747000 4128.669108 9
425 4140.193000 4138.669108 0
426 4150.031000 4148.669108 0
427 4159.457000 4161.076257 8
428 4170.041000 4169.692248 9
429 4179.827000 4179.363589 8
430 4189.240000 4189.363589 0
431 4198.753000 4198.703160 9
432 4208.351000 4208.703160 0
433 4217.789000 4217.488189 10
434 4227.286000 4227.488189 0
435 4236.999000 4236.846266 10
436 4244.888000 4246.846266 0
437 4254.888000 4256.702434 9
438 4264.439000 4266.702434 0
439 4274.258000 4275.302027 12
440 4284.043000 4284.364735 10
441 4294.402000 4293.997350 18
442 4303.916000 4301.672983 20
443 4313.916000 4311.672983 0
444 4323.916000 4321.672983 0
445 4333.452000 4331.672983 0
446 4343.452000 4341.672983 0
447 4353.696000 4351.672983 0
448 4363.535000 4361.672983 0
449 4373.659000 4371.672983 0
450 4384.141000 4381.672983 0
451 4393.800000 4391.672983 0
452 4403.011000 4402.741566 9
453 4412.922000 4413.280968 11
454 4421.741000 4423.280968 0
455 4431.202000 4433.280968 0
456 4440.558000 4441.991512 12
457 4450.718000 4451.991512 0
458 4460.914000 4461.444076 9
459 4468.980000 4471.444076 0
460 4477.834000 4481.444076 0
461 4487.834000 4491.444076 0
462 4496.760000 4501.444076 0
463 4505.714000 4511.444076 0
464 4514.669000 4521.444076 0
465 4522.896000 4531.444076 0
466 4532.554000 4541.444076 0
467 4540.771000 4542.044402 11
468 4549.692000 4548.000377 10
469 4558.663000 4558.000377 0
470 4568.567000 4568.000377 0
471 4579.446000 4578.000377 0
472 4586.385000 4588.098634 9
473 4596.676000 4598.098634 0
474 4606.008000 4606.938273 11
475 4615.820000 4616.938273 0
476 4624.232000 4626.938273 0
477 4633.843000 4633.626743 10
478 4643.506000 4642.783133 13
479 4652.917000 4653.692910 11
480 4662.917000 4663.692910 0
481 4672.917000 4671.509333 8
