001 0.000000 -0.170323 38
002 10.000000 7.883297 10
003 20.000000 17.883297 0
004 28.072000 27.883297 0
005 38.058000 34.857940 15
006 48.059000 44.857940 0
007 58.056000 54.857940 0
008 68.056000 68.227970 10
009 78.056000 76.961780 13
010 88.056000 88.248817 16
011 98.056000 98.051839 14
012 108.056000 106.511565 14
013 118.056000 118.064661 12
014 128.056000 129.118380 12
015 138.056000 137.884507 12
016 148.056000 148.105740 26
017 158.056000 158.835414 22
018 168.056000 168.074248 11
019 178.056000 178.263367 20
020 188.056000 188.608978 28
021 198.056000 198.168184 34
022 208.056000 208.215117 29
023 218.056000 217.930689 21
024 228.056000 227.348210 8
025 238.056000 238.967163 24
026 248.056000 244.857242 8
027 258.311000 257.541679 11
028 268.392000 267.541679 0
029 278.457000 271.055084 9
030 288.680000 289.416914 18
031 299.265000 299.887044 15
032 309.265000 309.887044 0
033 319.460000 319.887044 0
034 329.886000 329.887044 0
035 331.489000 339.887044 0
036 341.050000 388.218190 8
037 352.269000 398.218190 0
038 362.269000 408.218190 0
039 372.483000 418.218190 0
040 382.483000 383.186590 15
041 392.844000 394.161239 9
042 403.556000 404.417992 23
043 414.326000 414.417992 0
044 424.449000 424.013979 13
045 434.768000 435.936943 10
046 444.768000 445.936943 0
047 452.651000 455.936943 0
048 462.775000 465.936943 0
049 472.194000 475.936943 0
050 482.194000 439.051691 8
051 491.877000 491.751865 13
052 501.624000 501.565390 15
053 511.427000 511.565390 0
054 520.978000 520.478859 9
055 530.978000 530.478859 0
056 541.619000 540.478859 0
057 550.842000 550.478859 0
058 560.228000 563.750080 12
059 569.286000 569.751812 8
060 578.659000 577.488123 9
061 588.915000 587.488123 0
062 598.555000 584.468630 8
063 608.681000 610.040434 10
064 619.259000 618.714410 18
065 628.721000 628.714410 0
066 638.369000 638.714410 0
067 647.991000 648.714410 0
068 657.851000 658.715583 13
069 666.916000 666.743753 12
070 675.899000 676.743753 0
071 685.573000 686.804965 11
072 695.248000 696.804965 0
073 705.586000 706.804965 0
074 715.395000 716.804965 0
075 725.261000 726.436873 9
076 734.717000 736.436873 0
077 745.217000 746.436873 0
078 755.217000 756.436873 0
079 764.858000 763.106157 8
080 774.506000 773.106157 0
081 785.429000 783.106157 0
082 796.513000 793.106157 0
083 806.746000 806.444400 10
084 816.819000 819.965774 12
085 826.819000 829.965774 0
086 836.249000 839.965774 0
087 846.163000 849.965774 0
088 856.163000 859.965774 0
089 864.873000 869.965774 0
090 873.220000 874.133292 13
091 883.027000 883.432157 15
092 892.860000 891.542375 10
093 902.860000 902.643079 8
094 912.210000 911.406118 10
095 921.433000 921.406118 0
096 931.433000 931.127250 9
097 940.742000 941.127250 0
098 949.547000 951.127250 0
099 958.617000 961.127250 0
100 968.324000 971.127250 0
101 977.329000 977.534236 16
102 987.329000 986.522540 10
103 997.595000 997.783297 18
104 1007.336000 1007.783297 0
105 1017.463000 1017.783297 0
106 1028.014000 1027.783297 0
107 1037.881000 1038.636927 8
108 1046.619000 1045.037301 14
109 1056.878000 1056.973867 13
110 1066.607000 1066.084707 16
111 1076.607000 1076.084707 0
112 1085.691000 1087.096815 10
113 1095.691000 1095.250992 11
114 1104.986000 1105.250992 0
115 1115.086000 1114.217112 13
116 1124.734000 1124.217112 0
117 1133.904000 1134.217112 0
118 1143.738000 1143.521224 15
119 1153.068000 1153.521224 0
120 1162.582000 1163.521224 0
121 1172.470000 1173.521224 0
122 1181.693000 1183.521224 0
123 1191.553000 1193.521224 0
124 1201.148000 1203.521224 0
125 1211.148000 1213.521224 0
126 1220.338000 1220.673284 10
127 1229.986000 1227.379329 9
128 1239.076000 1277.922795 13
129 1249.076000 1287.922795 0
130 1257.800000 1297.922795 0
131 1267.668000 1266.370445 10
132 1278.014000 1277.993119 13
133 1288.014000 1287.993119 0
134 1297.789000 1297.863894 9
135 1307.517000 1307.863894 0
136 1317.517000 1273.115305 15
137 1327.250000 1328.762322 12
138 1336.985000 1338.762322 0
139 1346.985000 1347.884072 12
140 1356.581000 1357.884072 0
141 1365.299000 1367.884072 0
142 1375.105000 1377.884072 0
143 1385.579000 1387.884072 0
144 1395.579000 1397.777913 9
145 1405.579000 1405.242997 15
146 1415.931000 1415.008752 13
147 1425.340000 1425.008752 0
148 1434.351000 1435.008752 0
149 1443.813000 1446.281524 11
150 1453.703000 1453.656458 10
151 1463.450000 1461.883893 8
152 1471.333000 1471.883893 0
153 1481.566000 1482.226264 9
154 1491.044000 1490.019342 17
155 1500.579000 1500.019342 0
156 1510.173000 1510.019342 0
157 1520.607000 1520.423818 8
158 1530.868000 1546.804935 8
159 1540.607000 1556.804935 0
160 1549.968000 1566.804935 0
161 1560.345000 1576.804935 0
162 1570.539000 1586.804935 0
163 1579.858000 1578.996683 8
164 1589.858000 1588.996683 0
165 1599.858000 1598.996683 0
166 1610.086000 1608.996683 0
167 1620.615000 1618.996683 0
168 1631.827000 1638.581351 9
169 1641.168000 1648.581351 0
170 1651.300000 1650.583757 8
171 1663.636000 1660.583757 0
172 1672.749000 1672.217973 17
173 1683.172000 1682.217973 0
174 1693.095000 1694.086592 8
175 1702.956000 1703.239362 17
176 1713.607000 1713.239362 0
177 1724.031000 1723.239362 0
178 1734.031000 1733.239362 0
179 1742.838000 1743.239362 0
180 1752.449000 1750.976012 12
181 1760.542000 1760.976012 0
182 1770.715000 1828.102159 8
183 1780.992000 1838.102159 0
184 1790.832000 1848.102159 0
185 1800.832000 1801.858602 9
186 1810.721000 1811.520127 12
187 1820.617000 1820.565764 16
188 1830.360000 1829.975311 12
189 1840.013000 1837.966186 9
190 1849.209000 1847.966186 0
191 1860.090000 1857.966186 0
192 1869.680000 1870.156213 8
193 1879.478000 1880.156213 0
194 1889.402000 1888.814079 13
195 1899.097000 1897.600592 11
196 1908.417000 1907.600592 0
197 1917.757000 1917.600592 0
198 1926.911000 1927.183110 14
199 1937.293000 1937.183110 0
200 1946.883000 1947.010499 8
201 1954.809000 1955.359164 9
202 1964.620000 1965.359164 0
203 1974.782000 1975.359164 0
204 1985.579000 1986.038532 8
205 1995.308000 1996.038532 0
206 2005.308000 2006.038532 0
207 2015.204000 2016.038532 0
208 2024.919000 2025.197593 13
209 2034.823000 2035.197593 0
210 2044.823000 2045.158732 17
211 2053.733000 2055.158732 0
212 2065.736000 2067.614077 12
213 2075.432000 2075.498757 12
214 2085.432000 2084.798695 10
215 2095.640000 2094.798695 0
216 2105.535000 2104.798695 0
217 2116.249000 2114.798695 0
218 2125.944000 2126.711111 13
219 2135.944000 2136.711111 0
220 2146.477000 2146.711111 0
221 2156.339000 2156.711111 0
222 2166.172000 2167.968865 14
223 2176.248000 2177.968865 0
224 2185.589000 2187.968865 0
225 2195.326000 2197.968865 0
226 2205.520000 2205.490856 8
227 2217.024000 2218.785111 11
228 2227.821000 2227.864358 13
229 2237.286000 2236.701043 16
230 2246.071000 2246.701043 0
231 2256.071000 2256.701043 0
232 2265.092000 2266.701043 0
233 2275.092000 2276.701043 0
234 2284.908000 2285.513343 13
235 2294.908000 2295.852412 10
236 2304.609000 2304.574460 8
237 2314.609000 2314.574460 0
238 2324.304000 2324.574460 0
239 2334.304000 2328.895541 9
240 2344.486000 2338.895541 0
241 2353.057000 2348.895541 0
242 2362.985000 2358.895541 0
243 2372.520000 2372.591775 14
244 2381.683000 2382.591775 0
245 2392.797000 2391.927991 14
246 2402.524000 2402.821329 16
247 2412.524000 2412.190147 21
248 2422.603000 2424.120483 13
249 2432.623000 2434.120483 0
250 2442.623000 2441.778403 8
251 2451.774000 2449.814778 9
252 2461.676000 2459.814778 0
253 2470.754000 2472.225147 10
254 2481.214000 2479.609526 13
255 2491.098000 2489.609526 0
256 2500.447000 2499.609526 0
257 2509.765000 2509.609526 0
258 2518.890000 2533.338756 9
259 2529.280000 2543.338756 0
260 2538.944000 2553.338756 0
261 2548.529000 2563.338756 0
262 2558.036000 2573.338756 0
263 2567.093000 2567.085940 8
264 2575.836000 2577.085940 0
265 2585.931000 2587.085940 0
266 2595.244000 2597.085940 0
267 2605.244000 2607.085940 0
268 2615.042000 2617.085940 0
269 2624.843000 2627.085940 0
270 2635.057000 2637.085940 0
271 2645.270000 2647.085940 0
272 2654.752000 2657.085940 0
273 2664.938000 2667.085940 0
274 2674.439000 2673.930875 11
275 2684.201000 2683.930875 0
276 2693.355000 2693.930875 0
277 2703.021000 2703.930875 0
278 2712.409000 2713.930875 0
279 2722.955000 2723.930875 0
280 2733.351000 2732.549779 14
281 2743.508000 2743.314596 8
282 2753.438000 2753.314596 0
283 2763.906000 2763.314596 0
284 2774.276000 2774.625443 11
285 2783.156000 2783.188428 13
286 2792.350000 2793.188428 0
287 2802.543000 2803.188428 0
288 2812.446000 2813.188428 0
289 2821.794000 2823.188428 0
290 2830.771000 2833.188428 0
291 2841.083000 2843.188428 0
292 2851.257000 2853.188428 0
293 2861.257000 2863.188428 0
294 2871.591000 2873.188428 0
295 2880.480000 2883.188428 0
296 2890.480000 2891.569340 10
297 2900.383000 2900.694519 16
298 2910.232000 2910.694519 0
299 2920.525000 2920.694519 0
300 2930.148000 2929.931799 12
301 2939.843000 2940.366439 10
302 2949.985000 2950.366439 0
303 2959.411000 2960.366439 0
304 2969.411000 2970.366439 0
305 2979.660000 2979.313175 8
306 2989.373000 2989.313175 0
307 2999.373000 2999.313175 0
308 3009.156000 3009.313175 0
309 3018.995000 3019.107979 13
310 3028.707000 3028.378474 11
311 3038.277000 3038.378474 0
312 3046.041000 3044.061865 14
313 3054.913000 3054.061865 0
314 3064.767000 3064.061865 0
315 3074.767000 3074.061865 0
316 3084.516000 3085.212149 9
317 3092.780000 3091.807684 11
318 3102.278000 3103.042496 12
319 3113.010000 3113.042496 0
320 3122.474000 3123.042496 0
321 3132.329000 3133.042496 0
322 3140.879000 3143.042496 0
323 3150.790000 3153.042496 0
324 3160.555000 3163.042496 0
325 3169.624000 3173.042496 0
326 3177.834000 3183.042496 0
327 3187.548000 3193.042496 0
328 3198.656000 3199.300021 8
329 3208.441000 3209.300021 0
330 3217.491000 3219.300021 0
331 3228.026000 3229.300021 0
332 3238.294000 3239.300021 0
333 3248.222000 3249.300021 0
334 3258.222000 3257.288451 15
335 3267.432000 3267.288451 0
336 3277.002000 3275.739473 11
337 3287.002000 3285.739473 0
338 3297.002000 3295.739473 0
339 3307.002000 3308.918778 15
340 3316.855000 3318.918778 0
341 3326.855000 3328.918778 0
342 3335.816000 3338.918778 0
343 3346.780000 3348.918778 0
344 3357.496000 3357.966455 12
345 3367.780000 3367.163014 19
346 3377.690000 3377.163014 0
347 3387.331000 3387.163014 0
348 3397.331000 3397.163014 0
349 3403.895000 3407.163014 0
350 3413.895000 3417.163014 0
351 3423.625000 3424.115871 13
352 3434.501000 3434.115871 0
353 3444.227000 3447.041363 11
354 3454.999000 3454.516752 10
355 3464.135000 3463.695532 13
356 3474.135000 3473.695532 0
357 3484.135000 3483.364617 9
358 3493.815000 3494.078302 10
359 3503.474000 3504.066707 8
360 3513.133000 3514.066707 0
361 3522.614000 3524.066707 0
362 3532.614000 3534.066707 0
363 3540.698000 3544.066707 0
364 3549.319000 3554.066707 0
365 3560.035000 3564.066707 0
366 3570.427000 3574.066707 0
367 3579.853000 3578.608893 16
368 3588.868000 3588.608893 0
369 3597.758000 3598.608893 0
370 3608.598000 3608.608893 0
371 3619.205000 3618.608893 0
372 3630.495000 3630.465300 13
373 3639.841000 3638.975177 11
374 3650.150000 3648.975177 0
375 3658.773000 3658.975177 0
376 3669.988000 3668.975177 0
377 3675.443000 3678.975177 0
378 3686.082000 3688.975177 0
379 3696.082000 3698.975177 0
380 3707.480000 3708.975177 0
381 3717.480000 3718.975177 0
382 3727.480000 3728.975177 0
383 3737.086000 3738.975177 0
384 3746.943000 3748.975177 0
385 3756.241000 3758.657284 9
386 3766.400000 3768.657284 0
387 3776.400000 3747.629410 9
388 3786.400000 3785.907762 18
389 3795.665000 3795.702778 10
390 3803.874000 3803.479318 12
391 3813.588000 3813.696214 8
392 3823.819000 3823.876725 9
393 3833.460000 3833.876725 0
394 3842.278000 3843.328637 8
395 3852.672000 3851.736380 8
396 3863.100000 3861.736380 0
397 3873.868000 3874.130689 8
398 3883.688000 3880.264287 9
399 3892.560000 3890.264287 0
400 3903.079000 3900.264287 0
401 3913.113000 3913.704052 8
402 3922.683000 3922.574604 9
403 3932.467000 3932.776900 8
404 3942.324000 3942.776900 0
405 3950.945000 3952.776900 0
406 3960.478000 3962.776900 0
407 3970.818000 3972.776900 0
408 3980.709000 3982.776900 0
409 3987.524000 3986.997703 10
410 3997.721000 3997.815329 24
411 4007.827000 4007.815329 0
412 4017.827000 4017.815329 0
413 4027.055000 4027.596210 9
414 4036.481000 4037.596210 0
415 4046.481000 4046.051722 8
416 4055.175000 4054.119280 10
417 4064.458000 4064.119280 0
418 4073.867000 4126.258842 8
419 4082.614000 4136.258842 0
420 4093.775000 4146.258842 0
421 4102.647000 4156.258842 0
422 4111.877000 4166.258842 0
423 4121.715000 4176.258842 0
424 4130.747000 4186.258842 0
425 4140.193000 4140.416144 9
426 4150.031000 4150.416144 0
427 4159.457000 4160.638311 12
428 4170.041000 4170.115887 9
429 4179.827000 4179.179870 11
430 4189.240000 4189.179870 0
431 4198.753000 4199.179870 0
432 4208.351000 4207.904076 14
433 4217.789000 4218.608548 8
434 4227.286000 4226.682183 9
435 4236.999000 4234.497258 10
436 4244.888000 4244.497258 0
437 4254.888000 4254.497258 0
438 4264.439000 4264.497258 0
439 4274.258000 4274.381255 10
440 4284.043000 4284.381255 0
441 4294.402000 4294.333920 11
442 4303.916000 4302.810627 16
443 4313.916000 4312.810627 0
444 4323.916000 4322.810627 0
445 4333.452000 4332.810627 0
446 4343.452000 4343.561777 11
447 4353.696000 4353.241235 8
448 4363.535000 4363.241235 0
449 4373.659000 4373.241235 0
450 4384.141000 4383.241235 0
451 4393.800000 4393.718355 8
452 4403.011000 4403.718355 0
453 4412.922000 4412.132389 9
454 4421.741000 4422.174513 14
455 4431.202000 4432.174513 0
456 4440.558000 4441.328628 11
457 4450.718000 4451.328628 0
458 4460.914000 4461.328628 0
459 4468.980000 4469.404109 9
460 4477.834000 4479.404109 0
461 4487.834000 4489.404109 0
462 4496.760000 4499.404109 0
463 4505.714000 4509.404109 0
464 4514.669000 4519.404109 0
465 4522.896000 4529.404109 0
466 4532.554000 4577.493183 8
467 4540.771000 4605.065352 8
468 4549.692000 4615.065352 0
469 4558.663000 4625.065352 0
470 4568.567000 4635.065352 0
471 4579.446000 4645.065352 0
472 4586.385000 4655.065352 0
473 4596.676000 4665.065352 0
474 4606.008000 4600.132913 13
475 4615.820000 4632.431905 8
476 4624.232000 4642.431905 0
477 4633.843000 4633.680304 12
478 4643.506000 4643.500209 14
479 4652.917000 4653.500209 0
480 4662.917000 4663.500209 0
481 4672.917000 4673.500209 0
