001 0.000000 -0.156935 94
002 10.000000 9.981369 32
003 20.000000 20.591200 21
004 30.000000 29.665541 32
005 39.500000 39.482471 26
006 49.500000 49.446567 50
007 59.500000 59.389452 28
008 69.500000 69.532302 55
009 79.500000 79.464799 35
010 89.500000 89.445905 63
011 99.500000 99.515560 65
012 109.500000 109.496580 69
013 119.495000 119.524161 62
014 129.495000 129.392332 83
015 139.495000 139.556162 77
016 149.495000 149.502152 61
017 159.495000 159.503577 93
018 169.495000 169.462216 61
019 179.496000 179.550784 77
020 189.496000 189.548447 79
021 199.496000 199.457981 89
022 209.496000 209.589110 64
023 219.496000 219.404839 67
024 229.496000 229.279274 40
025 239.496000 240.635642 29
026 249.496000 250.280952 23
027 257.833000 259.578032 19
028 268.070000 269.165684 24
029 278.273000 277.468393 33
030 288.681000 285.885915 14
031 299.870000 300.859806 34
032 309.155000 308.931573 21
033 319.459000 318.931573 0
034 327.623000 328.931573 0
035 333.710000 394.840863 9
036 343.710000 328.571757 9
037 353.913000 367.657126 8
038 362.483000 372.262644 12
039 374.999000 376.517258 8
040 385.304000 385.152262 20
041 395.507000 395.702238 20
042 405.814000 406.108607 48
043 416.151000 394.347646 15
044 426.151000 426.348799 10
045 436.526000 436.552294 31
046 446.591000 444.422799 12
047 454.821000 454.630482 24
048 464.821000 464.630482 0
049 473.425000 474.630482 0
050 483.288000 483.301552 19
051 493.185000 493.682296 33
052 502.674000 502.685418 32
053 512.129000 512.103506 14
054 521.822000 521.872931 21
055 532.195000 531.872931 0
056 540.665000 541.872931 0
057 550.665000 551.872931 0
058 560.936000 562.003118 17
059 570.219000 569.952344 29
060 580.219000 579.790374 20
061 590.965000 624.754136 13
062 600.454000 600.524655 27
063 610.340000 611.492571 28
064 620.425000 620.823815 44
065 630.553000 630.812262 23
066 641.140000 640.812262 0
067 650.220000 650.812262 0
068 660.064000 660.096827 36
069 670.064000 670.096827 0
070 679.938000 679.358487 27
071 689.580000 689.525390 47
072 699.835000 699.822441 13
073 709.835000 709.365602 23
074 719.292000 719.365602 0
075 729.031000 729.136001 17
076 738.875000 738.805267 17
077 748.746000 749.178535 16
078 758.152000 757.919390 33
079 767.529000 804.408264 15
080 777.609000 814.408264 0
081 787.844000 788.097621 25
082 798.130000 798.481396 34
083 808.001000 807.783765 23
084 818.288000 818.610975 39
085 828.471000 827.464137 27
086 837.900000 805.571523 8
087 848.134000 848.793645 18
088 857.721000 857.527728 18
089 866.734000 867.237964 16
090 875.852000 876.178895 28
091 885.852000 885.775023 23
092 894.867000 895.775023 0
093 904.998000 905.020739 23
094 914.582000 914.438725 22
095 924.168000 925.003965 23
096 934.168000 933.945366 28
097 943.521000 938.776561 8
098 952.743000 951.817857 28
099 962.718000 962.594602 22
100 972.147000 972.562360 29
101 982.147000 982.182931 39
102 991.915000 991.812380 32
103 1002.124000 1001.501201 23
104 1012.593000 1011.501201 0
105 1022.696000 1021.501201 0
106 1032.179000 1032.551169 23
107 1041.271000 1041.524417 33
108 1051.090000 1051.434807 31
109 1061.324000 1061.618743 21
110 1071.092000 1070.843057 29
111 1081.067000 1080.843057 0
112 1090.341000 1090.477069 14
113 1100.264000 1101.270444 19
114 1110.601000 1110.394375 34
115 1120.188000 1120.031368 22
116 1129.695000 1129.426694 23
117 1139.543000 1140.288058 25
118 1148.939000 1148.870419 29
119 1159.306000 1159.279487 22
120 1168.955000 1169.022639 28
121 1178.580000 1177.844791 10
122 1188.580000 1187.844791 0
123 1198.222000 1198.972776 24
124 1208.379000 1208.508861 25
125 1218.491000 1219.652801 15
126 1228.491000 1228.279570 17
127 1237.938000 1237.448356 21
128 1248.097000 1275.293777 8
129 1257.411000 1260.225168 8
130 1267.338000 1267.075349 17
131 1277.474000 1276.654626 24
132 1287.371000 1286.749988 19
133 1295.957000 1296.749988 0
134 1306.140000 1306.459612 23
135 1316.557000 1316.459612 0
136 1325.905000 1325.839330 20
137 1336.205000 1336.197129 38
138 1346.205000 1345.983027 33
139 1355.472000 1355.239080 26
140 1365.786000 1409.638936 9
141 1375.106000 1338.443138 9
142 1384.732000 1341.047829 11
143 1394.373000 1394.298111 25
144 1403.969000 1404.136644 36
145 1413.772000 1412.078125 16
146 1423.807000 1421.729522 15
147 1432.759000 1432.818183 16
148 1442.185000 1442.898645 16
149 1452.185000 1452.330642 37
150 1461.552000 1461.251660 17
151 1469.403000 1468.257549 10
152 1481.218000 1481.791635 22
153 1491.130000 1490.727167 19
154 1501.296000 1502.846514 10
155 1511.430000 1511.990166 13
156 1521.754000 1521.990166 0
157 1531.842000 1531.349814 9
158 1540.884000 1541.349814 0
159 1551.794000 1551.245609 16
160 1561.076000 1561.461426 31
161 1570.996000 1571.124189 19
162 1580.996000 1581.531705 30
163 1590.875000 1591.531705 0
164 1600.220000 1661.803684 11
165 1609.660000 1671.803684 0
166 1616.952000 1617.378714 23
167 1627.628000 1630.119658 17
168 1638.073000 1638.166952 36
169 1647.976000 1648.150294 16
170 1659.699000 1658.150294 0
171 1669.718000 1669.275015 28
172 1680.298000 1680.055906 24
173 1690.007000 1689.777508 27
174 1700.007000 1699.733684 33
175 1710.047000 1710.388865 22
176 1719.833000 1720.124928 28
177 1729.931000 1730.015226 23
178 1740.105000 1740.076565 25
179 1750.008000 1749.979605 34
180 1759.659000 1759.562296 20
181 1768.983000 1769.560169 17
182 1778.325000 1776.784518 15
183 1786.836000 1785.490290 11
184 1796.991000 1800.258929 9
185 1806.991000 1807.413410 29
186 1817.339000 1817.469847 16
187 1826.856000 1826.876075 56
188 1836.740000 1837.466516 20
189 1847.455000 1847.466516 0
190 1858.635000 1830.361810 9
191 1868.326000 1869.231364 19
192 1878.248000 1878.509496 27
193 1887.920000 1887.424496 38
194 1897.340000 1896.304334 26
195 1905.560000 1904.581413 11
196 1915.773000 1914.581413 0
197 1925.308000 1925.713364 30
198 1935.308000 1936.604650 12
199 1945.308000 1945.507503 21
200 1955.077000 1954.635930 18
201 1964.709000 1964.744206 12
202 1974.265000 1974.744206 0
203 1984.091000 1984.282242 38
204 1994.419000 1994.173963 13
205 2003.917000 2003.455346 20
206 2014.342000 2013.924075 9
207 2024.342000 2024.711375 25
208 2034.748000 2020.610190 8
209 2044.497000 2045.204766 17
210 2052.930000 2053.046398 19
211 2063.510000 2063.643148 21
212 2073.510000 2073.096938 35
213 2083.181000 2083.237850 32
214 2092.775000 2091.464583 18
215 2102.699000 2102.944315 30
216 2113.085000 2113.218467 14
217 2122.582000 2122.964657 33
218 2132.582000 2207.464193 12
219 2142.621000 2142.862182 24
220 2152.621000 2144.898820 10
221 2162.408000 2162.252265 21
222 2171.964000 2171.715934 24
223 2181.132000 2180.468532 16
224 2192.079000 2192.707367 18
225 2201.906000 2201.522633 33
226 2212.564000 2210.712716 21
227 2222.486000 2222.261842 35
228 2231.635000 2231.527176 24
229 2240.552000 2240.237739 20
230 2248.869000 2248.864337 10
231 2259.720000 2260.366259 22
232 2269.584000 2300.299197 10
233 2279.663000 2279.665588 10
234 2289.295000 2289.450597 32
235 2299.140000 2298.356644 29
236 2308.309000 2308.263336 42
237 2318.309000 2317.134336 8
238 2328.433000 2327.477858 20
239 2338.700000 2338.667708 39
240 2348.841000 2348.667708 0
241 2357.638000 2357.286761 30
242 2367.556000 2367.604688 26
243 2377.556000 2375.797189 15
244 2387.492000 2387.507008 33
245 2397.492000 2409.505883 10
246 2407.245000 2407.180725 51
247 2416.888000 2416.892460 27
248 2426.625000 2426.315585 38
249 2436.625000 2436.813731 33
250 2446.625000 2446.008812 18
251 2455.791000 2477.474325 14
252 2465.563000 2465.258403 15
253 2475.219000 2475.509519 48
254 2484.752000 2484.256218 28
255 2494.345000 2494.155978 11
256 2503.590000 2503.250951 18
257 2513.327000 2523.190138 9
258 2522.425000 2526.681881 15
259 2532.425000 2533.179464 22
260 2542.010000 2542.683190 23
261 2551.132000 2551.148547 28
262 2560.594000 2558.977427 31
263 2569.813000 2568.286756 16
264 2579.056000 2534.820262 12
265 2588.033000 2587.513923 28
266 2597.181000 2597.280610 16
267 2607.181000 2606.948336 21
268 2616.802000 2616.049990 30
269 2625.949000 2625.277447 29
270 2635.336000 2635.277447 0
271 2645.336000 2645.837465 18
272 2654.752000 2709.160962 12
273 2664.938000 2664.731426 19
274 2673.879000 2719.874034 9
275 2684.329000 2680.966103 9
276 2693.608000 2696.298911 18
277 2703.396000 2703.311990 22
278 2712.325000 2713.169775 12
279 2723.233000 2723.871671 39
280 2733.586000 2733.457514 19
281 2743.313000 2743.292125 22
282 2753.123000 2789.064072 8
283 2760.110000 2760.228608 20
284 2770.319000 2770.597106 13
285 2780.069000 2780.301748 29
286 2790.069000 2789.703983 17
287 2800.298000 2797.403877 13
288 2810.104000 2809.915548 32
289 2819.480000 2819.934802 28
290 2829.025000 2826.942228 26
291 2839.102000 2839.971366 15
292 2849.021000 2849.174320 24
293 2858.916000 2858.886674 20
294 2869.329000 2868.886674 0
295 2877.668000 2878.886674 0
296 2887.442000 2887.993996 23
297 2897.795000 2897.516849 33
298 2907.293000 2907.226438 23
299 2917.175000 2916.961355 35
300 2926.998000 2924.413595 15
301 2935.746000 2931.636741 9
302 2945.436000 2944.529684 11
303 2955.356000 2955.664440 19
304 2964.522000 2963.539684 18
305 2974.983000 2974.896993 16
306 2985.603000 2984.914890 27
307 2995.729000 2994.914890 0
308 3006.629000 3005.748067 23
309 3014.953000 3014.985294 22
310 3024.823000 3023.735255 29
311 3034.477000 3033.918103 16
312 3043.168000 3041.711070 16
313 3051.342000 3051.444547 28
314 3061.468000 3061.146696 19
315 3071.381000 3071.275526 30
316 3080.242000 3080.364868 23
317 3090.518000 3088.985022 14
318 3099.379000 3099.575444 34
319 3109.614000 3108.935094 26
320 3119.010000 3118.935094 0
321 3128.279000 3128.580183 30
322 3137.870000 3136.500026 27
323 3146.021000 3146.441645 32
324 3155.866000 3155.345410 42
325 3165.193000 3163.756313 14
326 3174.701000 3173.756313 0
327 3184.357000 3184.351460 19
328 3194.357000 3195.139307 19
329 3204.267000 3204.457697 24
330 3213.801000 3214.048097 27
331 3224.560000 3224.390733 19
332 3234.264000 3228.269347 10
333 3244.615000 3244.199047 19
334 3253.814000 3254.275681 20
335 3263.814000 3263.831867 22
336 3273.940000 3273.918643 39
337 3283.138000 3282.138270 12
338 3294.383000 3292.138270 0
339 3302.959000 3303.060306 15
340 3312.556000 3313.060306 0
341 3323.005000 3325.781174 20
342 3334.161000 3333.724229 17
343 3344.480000 3343.758541 21
344 3354.582000 3336.736403 10
345 3364.582000 3365.004616 23
346 3374.424000 3374.513264 18
347 3384.424000 3385.081067 20
348 3394.511000 3394.709324 29
349 3404.275000 3402.922935 22
350 3414.420000 3412.922935 0
351 3423.839000 3422.922935 0
352 3434.227000 3434.215024 14
353 3443.973000 3444.004227 33
354 3454.135000 3454.337873 27
355 3463.796000 3463.536138 43
356 3473.317000 3473.536138 0
357 3483.002000 3482.860620 19
358 3491.710000 3492.075450 23
359 3501.231000 3501.181402 21
360 3511.079000 3510.758084 38
361 3520.698000 3520.620109 43
362 3530.154000 3530.081865 14
363 3539.741000 3539.745934 28
364 3549.838000 3549.745934 0
365 3559.823000 3560.083722 11
366 3571.457000 3571.546520 15
367 3581.369000 3578.796341 27
368 3590.500000 3590.612277 14
369 3600.241000 3554.130878 8
370 3610.648000 3610.176115 15
371 3620.496000 3578.586930 12
372 3631.869000 3631.554117 38
373 3640.968000 3640.857144 24
374 3651.042000 3649.925230 15
375 3660.726000 3660.543341 8
376 3667.063000 3664.818367 15
377 3675.057000 3677.098465 8
378 3686.171000 3686.068173 16
379 3694.652000 3696.068173 0
380 3705.060000 3708.097395 12
381 3715.001000 3712.682131 33
382 3725.044000 3711.821962 29
383 3733.674000 3721.821962 0
384 3743.809000 3743.755643 23
385 3753.461000 3753.753143 32
386 3763.193000 3762.968748 22
387 3772.288000 3755.686784 10
388 3781.697000 3782.742117 33
389 3791.239000 3791.096799 40
390 3799.153000 3801.291792 16
391 3809.153000 3809.717018 18
392 3818.946000 3819.717018 0
393 3828.946000 3876.912236 13
394 3839.290000 3839.396572 33
395 3849.127000 3849.241005 25
396 3859.366000 3858.549493 25
397 3869.880000 3869.928930 27
398 3879.793000 3879.585931 23
399 3889.165000 3888.852572 21
400 3898.538000 3900.537787 22
401 3908.473000 3908.806018 18
402 3918.296000 3918.543221 34
403 3928.034000 3927.847808 12
404 3937.025000 3936.061658 18
405 3945.670000 3945.571222 32
406 3954.797000 3951.716387 13
407 3963.756000 3964.845738 20
408 3975.048000 3974.724732 31
409 3981.645000 3984.724732 0
410 3992.690000 3992.902930 28
411 4002.457000 4002.067424 29
412 4011.982000 4010.918311 29
413 4021.430000 4021.696903 16
414 4030.624000 4031.248870 20
415 4040.513000 4040.495359 24
416 4049.727000 4048.177229 26
417 4058.371000 4055.355425 10
418 4068.258000 4067.363323 18
419 4076.974000 4045.786631 8
420 4085.661000 4085.553071 11
421 4096.585000 4097.119727 20
422 4105.894000 4106.046476 47
423 4115.448000 4114.247368 21
424 4123.311000 4122.506254 28
425 4132.804000 4132.054907 17
426 4142.148000 4143.102597 39
427 4151.574000 4151.144809 18
428 4160.897000 4160.337842 23
429 4170.041000 4170.355136 26
430 4180.202000 4179.321508 30
431 4189.466000 4188.239044 30
432 4198.878000 4199.953408 17
433 4208.352000 4207.881326 30
434 4218.124000 4218.450083 44
435 4228.124000 4227.711376 32
436 4237.399000 4236.686453 15
437 4245.914000 4245.791195 27
438 4255.326000 4257.598077 18
439 4264.948000 4264.569704 27
440 4274.331000 4274.788203 40
441 4284.331000 4284.601981 31
442 4294.866000 4294.363908 30
443 4304.488000 4303.881740 47
444 4314.081000 4299.343329 13
445 4323.524000 4324.573809 13
446 4333.314000 4333.290683 35
447 4342.679000 4343.265298 33
448 4351.252000 4352.267783 19
449 4361.175000 4360.427077 28
450 4371.247000 4370.427077 0
451 4380.061000 4380.929545 8
452 4388.724000 4387.822538 27
453 4397.957000 4398.082499 22
454 4408.286000 4408.258829 19
455 4418.401000 4417.390685 36
456 4427.665000 4424.574073 9
457 4437.586000 4438.299278 32
458 4447.586000 4447.272071 38
459 4457.586000 4457.445623 28
460 4466.965000 4467.189937 39
461 4476.557000 4476.206862 13
462 4485.941000 4486.121700 19
463 4495.941000 4526.090046 14
464 4504.556000 4536.090046 0
465 4514.556000 4546.090046 0
466 4524.310000 4522.107316 14
467 4532.555000 4531.573432 12
468 4542.555000 4539.083810 17
469 4551.201000 4550.519454 38
470 4561.332000 4561.195965 16
471 4572.125000 4571.195965 0
472 4581.268000 4584.952753 15
473 4590.771000 4590.791578 24
474 4600.003000 4641.639886 14
475 4610.003000 4610.244002 34
476 4619.399000 4576.594838 17
477 4627.343000 4628.487673 15
478 4636.335000 4636.753779 39
479 4646.109000 4645.173686 33
480 4655.421000 4654.836019 25
481 4665.421000 4665.146253 39
