001 0.000000 -0.155239 95
002 10.000000 9.975376 31
003 20.000000 20.591200 21
004 30.000000 29.665541 32
005 39.500000 39.482471 26
006 49.500000 49.447382 50
007 59.500000 59.389452 28
008 69.500000 69.468078 58
009 79.500000 79.462870 35
010 89.500000 89.444891 61
011 99.500000 99.515919 63
012 109.500000 109.497462 69
013 119.495000 119.524521 63
014 129.495000 129.393326 84
015 139.495000 139.555657 78
016 149.495000 149.502152 61
017 159.495000 159.503541 93
018 169.495000 169.461460 63
019 179.496000 179.551949 77
020 189.496000 189.549121 78
021 199.496000 199.448896 90
022 209.496000 209.588590 65
023 219.496000 219.452719 65
024 229.496000 229.167387 40
025 239.496000 240.610385 30
026 249.496000 250.280952 23
027 257.833000 259.709841 18
028 268.070000 269.634572 25
029 278.273000 277.544988 32
030 288.681000 287.193526 21
031 299.870000 300.561704 39
032 309.155000 308.755387 22
033 319.459000 318.755387 0
034 327.623000 328.755387 0
035 333.710000 395.368428 10
036 343.710000 328.354614 8
037 353.913000 367.657126 8
038 362.483000 372.262644 12
039 374.999000 454.713387 10
040 385.304000 384.714137 29
041 395.507000 395.585043 19
042 405.814000 406.224747 54
043 416.151000 397.331224 17
044 426.151000 426.346660 11
045 436.526000 436.712055 32
046 446.591000 444.222727 13
047 454.821000 454.773047 23
048 464.821000 464.773047 0
049 473.425000 474.773047 0
050 483.288000 483.759853 15
051 493.185000 494.068926 29
052 502.674000 502.536950 36
053 512.129000 512.083047 15
054 521.822000 520.456480 15
055 532.195000 530.615785 10
056 540.665000 540.615785 0
057 550.665000 555.344036 10
058 560.936000 561.052629 16
059 570.219000 570.028380 26
060 580.219000 579.790889 20
061 590.965000 625.415590 16
062 600.454000 600.534879 26
063 610.340000 611.577366 26
064 620.425000 620.624109 50
065 630.553000 630.820554 24
066 641.140000 640.820554 0
067 650.220000 702.054248 8
068 660.064000 660.083116 36
069 670.064000 670.083116 0
070 679.938000 679.690228 25
071 689.580000 689.538064 46
072 699.835000 699.812129 12
073 709.835000 709.378570 24
074 719.292000 719.378570 0
075 729.031000 729.129363 19
076 738.875000 738.815498 18
077 748.746000 749.509364 19
078 758.152000 758.023558 33
079 767.529000 804.408264 15
080 777.609000 814.408264 0
081 787.844000 788.097621 25
082 798.130000 798.481396 34
083 808.001000 807.783765 23
084 818.288000 818.602820 41
085 828.471000 826.748264 28
086 837.900000 805.571523 8
087 848.134000 848.793645 18
088 857.721000 857.500928 19
089 866.734000 867.175914 15
090 875.852000 876.177863 28
091 885.852000 885.746360 23
092 894.867000 870.017655 8
093 904.998000 905.148758 22
094 914.582000 914.487235 21
095 924.168000 924.888446 22
096 934.168000 933.945366 28
097 943.521000 943.945366 0
098 952.743000 952.169672 27
099 962.718000 962.575620 24
100 972.147000 972.588114 27
101 982.147000 982.136587 39
102 991.915000 991.751808 32
103 1002.124000 1001.228527 22
104 1012.593000 1011.228527 0
105 1022.696000 1021.228527 0
106 1032.179000 1032.771820 25
107 1041.271000 1041.086420 29
108 1051.090000 1051.436445 31
109 1061.324000 1061.643251 20
110 1071.092000 1070.827780 28
111 1081.067000 1080.827780 0
112 1090.341000 1090.557393 10
113 1100.264000 1101.225176 20
114 1110.601000 1110.387506 33
115 1120.188000 1120.290266 21
116 1129.695000 1129.329927 24
117 1139.543000 1140.048991 24
118 1148.939000 1148.870419 29
119 1159.306000 1159.309568 20
120 1168.955000 1168.977954 26
121 1178.580000 1178.977954 0
122 1188.580000 1238.645215 10
123 1198.222000 1198.946069 24
124 1208.379000 1208.508861 25
125 1218.491000 1219.669783 15
126 1228.491000 1228.266096 16
127 1237.938000 1238.943075 23
128 1248.097000 1274.772866 9
129 1257.411000 1284.772866 0
130 1267.338000 1267.247824 17
131 1277.474000 1277.628839 14
132 1287.371000 1286.773843 18
133 1295.957000 1296.773843 0
134 1306.140000 1306.203872 21
135 1316.557000 1316.203872 0
136 1325.905000 1325.868110 19
137 1336.205000 1336.195696 37
138 1346.205000 1345.923487 33
139 1355.472000 1355.109522 27
140 1365.786000 1365.109522 0
141 1375.106000 1339.046920 8
142 1384.732000 1340.762269 10
143 1394.373000 1394.077323 25
144 1403.969000 1404.094247 33
145 1413.772000 1412.176130 17
146 1423.807000 1421.729522 15
147 1432.759000 1449.433291 9
148 1442.185000 1443.007085 17
149 1452.185000 1452.321717 38
150 1461.552000 1461.294044 17
151 1469.403000 1467.942297 12
152 1481.218000 1481.831046 19
153 1491.130000 1490.609014 18
154 1501.296000 1501.560919 14
155 1511.430000 1563.741595 12
156 1521.754000 1521.682224 9
157 1531.842000 1531.351629 9
158 1540.884000 1541.351629 0
159 1551.794000 1551.866712 19
160 1561.076000 1561.447102 32
161 1570.996000 1571.294745 21
162 1580.996000 1581.183801 26
163 1590.875000 1591.287423 8
164 1600.220000 1662.217310 13
165 1609.660000 1608.223664 9
166 1616.952000 1617.389031 23
167 1627.628000 1629.731941 19
168 1638.073000 1638.166952 36
169 1647.976000 1647.445459 18
170 1659.699000 1657.445459 0
171 1669.718000 1669.114412 29
172 1680.298000 1680.079604 25
173 1690.007000 1689.793217 23
174 1700.007000 1699.798470 34
175 1710.047000 1710.608435 26
176 1719.833000 1719.961340 26
177 1729.931000 1729.988359 24
178 1740.105000 1740.082810 24
179 1750.008000 1749.816918 34
180 1759.659000 1759.562296 20
181 1768.983000 1769.572917 15
182 1778.325000 1776.677264 14
183 1786.836000 1819.141501 11
184 1796.991000 1800.258929 9
185 1806.991000 1807.427503 28
186 1817.339000 1817.435864 18
187 1826.856000 1826.877053 55
188 1836.740000 1837.472713 19
189 1847.455000 1847.472713 0
190 1858.635000 1857.472713 0
191 1868.326000 1869.751047 18
192 1878.248000 1878.823056 29
193 1887.920000 1887.488979 35
194 1897.340000 1896.264329 25
195 1905.560000 1904.581413 11
196 1915.773000 1914.581413 0
197 1925.308000 1925.660549 32
198 1935.308000 1935.769046 13
199 1945.308000 1945.596893 23
200 1955.077000 1954.635930 18
201 1964.709000 1964.758598 11
202 1974.265000 1974.758598 0
203 1984.091000 1984.152428 36
204 1994.419000 1994.185626 14
205 2003.917000 2003.401784 21
206 2014.342000 2013.962377 10
207 2024.342000 2024.718083 24
208 2034.748000 2034.718083 0
209 2044.497000 2044.936915 19
210 2052.930000 2054.960545 16
211 2063.510000 2063.680507 21
212 2073.510000 2073.089974 36
213 2083.181000 2083.237850 32
214 2092.775000 2088.619460 10
215 2102.699000 2102.996823 29
216 2113.085000 2113.463444 15
217 2122.582000 2122.786590 30
218 2132.582000 2207.588478 14
219 2142.621000 2142.900689 20
220 2152.621000 2143.606944 12
221 2162.408000 2162.606392 24
222 2171.964000 2171.796487 28
223 2181.132000 2180.528518 17
224 2192.079000 2192.675763 19
225 2201.906000 2201.703034 38
226 2212.564000 2211.149615 20
227 2222.486000 2222.201684 36
228 2231.635000 2231.414682 23
229 2240.552000 2240.211868 19
230 2248.869000 2248.837583 11
231 2259.720000 2260.366259 22
232 2269.584000 2268.136465 14
233 2279.663000 2280.006078 11
234 2289.295000 2289.529231 33
235 2299.140000 2298.547126 27
236 2308.309000 2308.354913 43
237 2318.309000 2317.033159 12
238 2328.433000 2327.802889 19
239 2338.700000 2338.510926 35
240 2348.841000 2348.510926 0
241 2357.638000 2357.761052 22
242 2367.556000 2367.980056 25
243 2377.556000 2376.537560 12
244 2387.492000 2387.521683 33
245 2397.492000 2397.521683 0
246 2407.245000 2407.236489 49
247 2416.888000 2416.886123 26
248 2426.625000 2426.341479 37
249 2436.625000 2436.813731 33
250 2446.625000 2445.967791 18
251 2455.791000 2477.007607 13
252 2465.563000 2465.275557 16
253 2475.219000 2475.318397 48
254 2484.752000 2484.238585 28
255 2494.345000 2494.157013 13
256 2503.590000 2503.227145 17
257 2513.327000 2499.807223 10
258 2522.425000 2533.148435 10
259 2532.425000 2533.790870 23
260 2542.010000 2542.652883 24
261 2551.132000 2551.143947 28
262 2560.594000 2558.722459 31
263 2569.813000 2568.791860 14
264 2579.056000 2578.791860 0
265 2588.033000 2587.479755 30
266 2597.181000 2597.208777 15
267 2607.181000 2606.948336 21
268 2616.802000 2616.071104 31
269 2625.949000 2625.526067 31
270 2635.336000 2613.856465 8
271 2645.336000 2645.837465 18
272 2654.752000 2655.495783 11
273 2664.938000 2665.574775 15
274 2673.879000 2671.901612 10
275 2684.329000 2683.457967 14
276 2693.608000 2689.766278 13
277 2703.396000 2703.310900 23
278 2712.325000 2712.783441 15
279 2723.233000 2723.828518 38
280 2733.586000 2733.457514 19
281 2743.313000 2743.143143 23
282 2753.123000 2753.143143 0
283 2760.110000 2760.228608 20
284 2770.319000 2770.759605 14
285 2780.069000 2780.301748 29
286 2790.069000 2789.711431 19
287 2800.298000 2798.734262 13
288 2810.104000 2810.011750 33
289 2819.480000 2819.747274 27
290 2829.025000 2826.855785 25
291 2839.102000 2839.971366 15
292 2849.021000 2849.173461 23
293 2858.916000 2858.888631 19
294 2869.329000 2868.888631 0
295 2877.668000 2878.888631 0
296 2887.442000 2887.907639 21
297 2897.795000 2897.590342 33
298 2907.293000 2907.238173 22
299 2917.175000 2916.961355 35
300 2926.998000 2921.637771 14
301 2935.746000 2931.637771 0
302 2945.436000 2944.792567 16
303 2955.356000 2956.054844 19
304 2964.522000 2964.041155 19
305 2974.983000 2974.896993 16
306 2985.603000 2984.865814 26
307 2995.729000 2994.865814 0
308 3006.629000 3005.906422 21
309 3014.953000 3015.358524 25
310 3024.823000 3025.294719 23
311 3034.477000 3033.918103 16
312 3043.168000 3041.320555 12
313 3051.342000 3051.230496 29
314 3061.468000 3061.167486 20
315 3071.381000 3071.140098 29
316 3080.242000 3080.364868 23
317 3090.518000 3088.974487 17
318 3099.379000 3099.580535 33
319 3109.614000 3108.771781 23
320 3119.010000 3118.771781 0
321 3128.279000 3128.767989 29
322 3137.870000 3136.408189 27
323 3146.021000 3146.426663 30
324 3155.866000 3155.428091 39
325 3165.193000 3163.756313 14
326 3174.701000 3173.756313 0
327 3184.357000 3184.347323 19
328 3194.357000 3195.190140 20
329 3204.267000 3204.478342 21
330 3213.801000 3213.898663 27
331 3224.560000 3224.377150 19
332 3234.264000 3231.137280 10
333 3244.615000 3244.183429 20
334 3253.814000 3254.695599 19
335 3263.814000 3263.833332 23
336 3273.940000 3273.930646 40
337 3283.138000 3282.613935 11
338 3294.383000 3292.613935 0
339 3302.959000 3303.473309 14
340 3312.556000 3313.473309 0
341 3323.005000 3325.781174 20
342 3334.161000 3333.959579 16
343 3344.480000 3343.848591 24
344 3354.582000 3337.372565 9
345 3364.582000 3365.228190 25
346 3374.424000 3374.514016 19
347 3384.424000 3385.365355 20
348 3394.511000 3394.579524 27
349 3404.275000 3403.579007 19
350 3414.420000 3413.579007 0
351 3423.839000 3423.579007 0
352 3434.227000 3433.468860 16
353 3443.973000 3444.008057 32
354 3454.135000 3454.340640 28
355 3463.796000 3463.535184 44
356 3473.317000 3473.535184 0
357 3483.002000 3482.864574 20
358 3491.710000 3492.569439 23
359 3501.231000 3501.306707 21
360 3511.079000 3510.792452 40
361 3520.698000 3520.641771 43
362 3530.154000 3528.059385 10
363 3539.741000 3539.745934 28
364 3549.838000 3548.091110 8
365 3559.823000 3560.083722 11
366 3571.457000 3572.343437 17
367 3581.369000 3578.178472 20
368 3590.500000 3590.828345 15
369 3600.241000 3600.828345 0
370 3610.648000 3609.978694 14
371 3620.496000 3619.428507 11
372 3631.869000 3631.541132 35
373 3640.968000 3640.619477 27
374 3651.042000 3650.015268 16
375 3660.726000 3660.543341 8
376 3667.063000 3664.915087 16
377 3675.057000 3677.098465 8
378 3686.171000 3685.756783 18
379 3694.652000 3695.756783 0
380 3705.060000 3708.097395 12
381 3715.001000 3712.682131 33
382 3725.044000 3711.821962 29
383 3733.674000 3721.821962 0
384 3743.809000 3744.678845 23
385 3753.461000 3753.511988 32
386 3763.193000 3762.973869 22
387 3772.288000 3792.632783 8
388 3781.697000 3782.742117 33
389 3791.239000 3791.093494 41
390 3799.153000 3801.291792 16
391 3809.153000 3809.507589 17
392 3818.946000 3857.483158 9
393 3828.946000 3877.176400 12
394 3839.290000 3839.246609 34
395 3849.127000 3849.246590 26
396 3859.366000 3858.574654 22
397 3869.880000 3869.924755 29
398 3879.793000 3879.648971 22
399 3889.165000 3889.015512 22
400 3898.538000 3900.386906 24
401 3908.473000 3908.352597 19
402 3918.296000 3918.150433 33
403 3928.034000 3927.847808 12
404 3937.025000 3936.081627 21
405 3945.670000 3945.423609 31
406 3954.797000 3951.349272 12
407 3963.756000 3963.861936 30
408 3975.048000 3974.883115 26
409 3981.645000 3984.883115 0
410 3992.690000 3992.627880 31
411 4002.457000 4002.098670 28
412 4011.982000 4010.361421 24
413 4021.430000 4021.524998 14
414 4030.624000 4031.217286 21
415 4040.513000 4040.385155 25
416 4049.727000 4048.801853 27
417 4058.371000 4055.355425 10
418 4068.258000 4067.101183 16
419 4076.974000 4116.396348 8
420 4085.661000 4085.553071 11
421 4096.585000 4097.050927 21
422 4105.894000 4106.048096 45
423 4115.448000 4114.231577 19
424 4123.311000 4122.575015 27
425 4132.804000 4132.051554 17
426 4142.148000 4142.382300 38
427 4151.574000 4151.144809 18
428 4160.897000 4160.327519 24
429 4170.041000 4170.450738 25
430 4180.202000 4179.381895 30
431 4189.466000 4188.278031 31
432 4198.878000 4199.953408 17
433 4208.352000 4207.679899 28
434 4218.124000 4218.450083 44
435 4228.124000 4227.711376 32
436 4237.399000 4229.217085 12
437 4245.914000 4245.727491 29
438 4255.326000 4257.548874 18
439 4264.948000 4264.570294 28
440 4274.331000 4274.795449 40
441 4284.331000 4284.744705 31
442 4294.866000 4294.554709 30
443 4304.488000 4303.808459 42
444 4314.081000 4301.585757 11
445 4323.524000 4324.965905 14
446 4333.314000 4333.286726 36
447 4342.679000 4343.086675 31
448 4351.252000 4352.161100 20
449 4361.175000 4360.537584 30
450 4371.247000 4364.420145 10
451 4380.061000 4380.334771 15
452 4388.724000 4388.160547 27
453 4397.957000 4398.222655 22
454 4408.286000 4408.258829 19
455 4418.401000 4417.774165 41
456 4427.665000 4426.956336 8
457 4437.586000 4438.212409 31
458 4447.586000 4447.797980 35
459 4457.586000 4457.045806 29
460 4466.965000 4467.248431 41
461 4476.557000 4476.280949 15
462 4485.941000 4485.145057 16
463 4495.941000 4527.461207 14
464 4504.556000 4537.461207 0
465 4514.556000 4584.744371 13
466 4524.310000 4521.578934 15
467 4532.555000 4531.477012 11
468 4542.555000 4538.933528 18
469 4551.201000 4550.580845 37
470 4561.332000 4561.195965 16
471 4572.125000 4575.474806 8
472 4581.268000 4584.047727 15
473 4590.771000 4590.879090 24
474 4600.003000 4642.685591 19
475 4610.003000 4610.265647 34
476 4619.399000 4575.918111 17
477 4627.343000 4628.022843 13
478 4636.335000 4636.790763 40
479 4646.109000 4645.197957 34
480 4655.421000 4654.806376 23
481 4665.421000 4664.989943 41
