001 0.000000 -0.155239 95
002 10.000000 9.981369 32
003 20.000000 20.591200 21
004 30.000000 29.665541 32
005 39.500000 39.482471 26
006 49.500000 49.440483 50
007 59.500000 59.491368 26
008 69.500000 69.468078 58
009 79.500000 79.462870 35
010 89.500000 89.488375 64
011 99.500000 99.514619 66
012 109.500000 109.479039 66
013 119.495000 119.524205 62
014 129.495000 129.392351 83
015 139.495000 139.610103 78
016 149.495000 149.502152 61
017 159.495000 159.503541 93
018 169.495000 169.461460 63
019 179.496000 179.551684 78
020 189.496000 189.548447 79
021 199.496000 199.458029 88
022 209.496000 209.589110 64
023 219.496000 219.496636 65
024 229.496000 229.364701 39
025 239.496000 240.408316 31
026 249.496000 250.280952 23
027 257.833000 259.909799 16
028 268.070000 269.165684 24
029 278.273000 277.468393 33
030 288.681000 285.386989 15
031 299.870000 301.009911 39
032 309.155000 309.634173 16
033 319.459000 319.634173 0
034 327.623000 329.634173 0
035 333.710000 394.840863 9
036 343.710000 327.151968 8
037 353.913000 367.657126 8
038 362.483000 372.262644 12
039 374.999000 455.373655 9
040 385.304000 385.005301 29
041 395.507000 395.439850 20
042 405.814000 406.444916 52
043 416.151000 394.890041 14
044 426.151000 426.095875 14
045 436.526000 436.712055 32
046 446.591000 444.222727 13
047 454.821000 454.775072 24
048 464.821000 464.775072 0
049 473.425000 474.775072 0
050 483.288000 483.304987 20
051 493.185000 494.426825 29
052 502.674000 503.261529 32
053 512.129000 512.083047 15
054 521.822000 521.872931 21
055 532.195000 530.929920 8
056 540.665000 540.929920 0
057 550.665000 555.344036 10
058 560.936000 561.650108 19
059 570.219000 569.940428 28
060 580.219000 579.797544 20
061 590.965000 625.326982 13
062 600.454000 600.534793 26
063 610.340000 611.647378 27
064 620.425000 620.775683 51
065 630.553000 630.853614 22
066 641.140000 640.853614 0
067 650.220000 650.853614 0
068 660.064000 660.291360 34
069 670.064000 670.291360 0
070 679.938000 679.371150 28
071 689.580000 689.588669 41
072 699.835000 699.822441 13
073 709.835000 709.378570 24
074 719.292000 723.117649 8
075 729.031000 729.176165 16
076 738.875000 738.815498 18
077 748.746000 749.192323 17
078 758.152000 757.978258 36
079 767.529000 804.611857 17
080 777.609000 814.611857 0
081 787.844000 788.131991 22
082 798.130000 798.481396 34
083 808.001000 807.780134 22
084 818.288000 818.602820 41
085 828.471000 827.560214 27
086 837.900000 837.560214 0
087 848.134000 848.756152 14
088 857.721000 857.500928 19
089 866.734000 867.095806 15
090 875.852000 876.187296 32
091 885.852000 885.775644 21
092 894.867000 870.107933 9
093 904.998000 905.139882 22
094 914.582000 914.445455 25
095 924.168000 925.003965 23
096 934.168000 933.945366 28
097 943.521000 928.915215 8
098 952.743000 951.762611 25
099 962.718000 962.583907 24
100 972.147000 972.562360 29
101 982.147000 982.186904 37
102 991.915000 991.828336 32
103 1002.124000 1000.852953 24
104 1012.593000 1010.852953 0
105 1022.696000 1022.745283 8
106 1032.179000 1032.519475 25
107 1041.271000 1041.524417 33
108 1051.090000 1051.424783 32
109 1061.324000 1061.643251 20
110 1071.092000 1070.843057 29
111 1081.067000 1080.843057 0
112 1090.341000 1090.456300 15
113 1100.264000 1101.270444 19
114 1110.601000 1110.497815 32
115 1120.188000 1120.127678 23
116 1129.695000 1129.439224 24
117 1139.543000 1140.107282 25
118 1148.939000 1148.870419 29
119 1159.306000 1159.279487 22
120 1168.955000 1169.013792 27
121 1178.580000 1179.013792 0
122 1188.580000 1189.013792 0
123 1198.222000 1198.945742 24
124 1208.379000 1208.508861 25
125 1218.491000 1219.652801 15
126 1228.491000 1228.279570 17
127 1237.938000 1237.469901 22
128 1248.097000 1275.272252 9
129 1257.411000 1260.225168 8
130 1267.338000 1267.053804 19
131 1277.474000 1276.619477 23
132 1287.371000 1286.773843 18
133 1295.957000 1295.613457 12
134 1306.140000 1306.227701 18
135 1316.557000 1316.227701 0
136 1325.905000 1326.096460 19
137 1336.205000 1336.185075 35
138 1346.205000 1345.919236 34
139 1355.472000 1355.427762 24
140 1365.786000 1365.427762 0
141 1375.106000 1338.517317 10
142 1384.732000 1340.317378 9
143 1394.373000 1394.298111 25
144 1403.969000 1404.265751 38
145 1413.772000 1412.265642 18
146 1423.807000 1421.767234 14
147 1432.759000 1431.767234 0
148 1442.185000 1443.047972 18
149 1452.185000 1452.195792 37
150 1461.552000 1460.983091 18
151 1469.403000 1468.362841 11
152 1481.218000 1481.942880 23
153 1491.130000 1490.727167 19
154 1501.296000 1501.564941 11
155 1511.430000 1511.523737 18
156 1521.754000 1522.380529 9
157 1531.842000 1531.302926 8
158 1540.884000 1541.302926 0
159 1551.794000 1551.866712 19
160 1561.076000 1561.461446 31
161 1570.996000 1571.163898 20
162 1580.996000 1581.148938 27
163 1590.875000 1591.148938 0
164 1600.220000 1662.070428 12
165 1609.660000 1672.070428 0
166 1616.952000 1617.116986 23
167 1627.628000 1632.064161 14
168 1638.073000 1638.077301 35
169 1647.976000 1647.798995 17
170 1659.699000 1657.798995 0
171 1669.718000 1669.285603 28
172 1680.298000 1680.078497 25
173 1690.007000 1689.772450 26
174 1700.007000 1699.739340 35
175 1710.047000 1710.548862 24
176 1719.833000 1720.124928 28
177 1729.931000 1730.013539 22
178 1740.105000 1740.076565 25
179 1750.008000 1750.153906 36
180 1759.659000 1759.562296 20
181 1768.983000 1769.593421 15
182 1778.325000 1777.534682 13
183 1786.836000 1784.711953 12
184 1796.991000 1794.711953 0
185 1806.991000 1807.664887 27
186 1817.339000 1817.446239 18
187 1826.856000 1826.808247 49
188 1836.740000 1837.484577 18
189 1847.455000 1847.484577 0
190 1858.635000 1830.139058 9
191 1868.326000 1869.751047 18
192 1878.248000 1878.823056 29
193 1887.920000 1887.345713 39
194 1897.340000 1896.371864 25
195 1905.560000 1904.404946 10
196 1915.773000 1914.404946 0
197 1925.308000 1925.720117 29
198 1935.308000 1936.604650 12
199 1945.308000 1945.084077 21
200 1955.077000 1954.635930 18
201 1964.709000 1964.758598 11
202 1974.265000 1974.758598 0
203 1984.091000 1984.934109 38
204 1994.419000 1994.185626 14
205 2003.917000 2003.046453 21
206 2014.342000 2013.575435 10
207 2024.342000 2024.711375 25
208 2034.748000 2020.610190 8
209 2044.497000 2044.968709 18
210 2052.930000 2053.859793 16
211 2063.510000 2063.642835 21
212 2073.510000 2073.096938 35
213 2083.181000 2083.231041 31
214 2092.775000 2092.174597 19
215 2102.699000 2103.213887 28
216 2113.085000 2113.463444 15
217 2122.582000 2122.786189 32
218 2132.582000 2207.499580 14
219 2142.621000 2142.871763 23
220 2152.621000 2145.366859 14
221 2162.408000 2162.618593 24
222 2171.964000 2171.797808 29
223 2181.132000 2180.580026 18
224 2192.079000 2192.421346 18
225 2201.906000 2201.669386 32
226 2212.564000 2211.063915 20
227 2222.486000 2222.261842 35
228 2231.635000 2231.527176 24
229 2240.552000 2239.727952 18
230 2248.869000 2248.837583 11
231 2259.720000 2260.046667 24
232 2269.584000 2266.904782 10
233 2279.663000 2279.443761 12
234 2289.295000 2289.212912 30
235 2299.140000 2298.362653 28
236 2308.309000 2308.266769 43
237 2318.309000 2317.145586 13
238 2328.433000 2327.956011 17
239 2338.700000 2338.647409 36
240 2348.841000 2348.647409 0
241 2357.638000 2357.747572 24
242 2367.556000 2367.760610 23
243 2377.556000 2375.404130 12
244 2387.492000 2387.491680 29
245 2397.492000 2409.692702 8
246 2407.245000 2407.243960 48
247 2416.888000 2416.889506 26
248 2426.625000 2426.380206 37
249 2436.625000 2436.845027 33
250 2446.625000 2445.439311 14
251 2455.791000 2477.007607 13
252 2465.563000 2465.258403 15
253 2475.219000 2475.532657 45
254 2484.752000 2484.256218 28
255 2494.345000 2494.158390 14
256 2503.590000 2502.828688 15
257 2513.327000 2499.115550 8
258 2522.425000 2530.189318 11
259 2532.425000 2533.981040 25
260 2542.010000 2542.683190 23
261 2551.132000 2551.143947 28
262 2560.594000 2558.660896 30
263 2569.813000 2568.791860 14
264 2579.056000 2535.598054 11
265 2588.033000 2587.336960 30
266 2597.181000 2597.413538 15
267 2607.181000 2606.939896 20
268 2616.802000 2616.071104 31
269 2625.949000 2625.371009 29
270 2635.336000 2635.371009 0
271 2645.336000 2645.837465 18
272 2654.752000 2655.495783 11
273 2664.938000 2665.217893 16
274 2673.879000 2718.069801 11
275 2684.329000 2681.988428 13
276 2693.608000 2689.534765 14
277 2703.396000 2703.311990 22
278 2712.325000 2713.100093 13
279 2723.233000 2724.288766 35
280 2733.586000 2733.479525 19
281 2743.313000 2743.100363 29
282 2753.123000 2787.503453 8
283 2760.110000 2760.228608 20
284 2770.319000 2770.510690 10
285 2780.069000 2780.570606 25
286 2790.069000 2789.742521 22
287 2800.298000 2799.065636 12
288 2810.104000 2810.009859 33
289 2819.480000 2819.761671 26
290 2829.025000 2827.177376 25
291 2839.102000 2839.971366 15
292 2849.021000 2849.020617 23
293 2858.916000 2858.886674 20
294 2869.329000 2868.886674 0
295 2877.668000 2878.886674 0
296 2887.442000 2887.853672 22
297 2897.795000 2897.514344 30
298 2907.293000 2907.280593 23
299 2917.175000 2917.027689 32
300 2926.998000 2923.258891 13
301 2935.746000 2933.352489 13
302 2945.436000 2944.529684 11
303 2955.356000 2955.615919 21
304 2964.522000 2964.041155 19
305 2974.983000 2974.938970 17
306 2985.603000 2984.839666 24
307 2995.729000 2994.839666 0
308 3006.629000 3005.908732 21
309 3014.953000 3015.750999 25
310 3024.823000 3023.695983 28
311 3034.477000 3033.918103 16
312 3043.168000 3042.124191 17
313 3051.342000 3051.458377 28
314 3061.468000 3061.167486 20
315 3071.381000 3071.003603 29
316 3080.242000 3080.358376 23
317 3090.518000 3088.925834 16
318 3099.379000 3099.577753 34
319 3109.614000 3108.676482 24
320 3119.010000 3118.813265 11
321 3128.279000 3128.631177 28
322 3137.870000 3136.435675 26
323 3146.021000 3146.426663 30
324 3155.866000 3155.345410 42
325 3165.193000 3163.039219 12
326 3174.701000 3173.039219 0
327 3184.357000 3184.343755 20
328 3194.357000 3195.040128 20
329 3204.267000 3204.460476 24
330 3213.801000 3213.765704 28
331 3224.560000 3224.384435 20
332 3234.264000 3231.444503 11
333 3244.615000 3244.183429 20
334 3253.814000 3254.863528 19
335 3263.814000 3263.841501 23
336 3273.940000 3274.015272 40
337 3283.138000 3282.158088 14
338 3294.383000 3292.158088 0
339 3302.959000 3303.060306 15
340 3312.556000 3313.060306 0
341 3323.005000 3325.781174 20
342 3334.161000 3333.724229 17
343 3344.480000 3343.720754 20
344 3354.582000 3337.331757 8
345 3364.582000 3365.206941 26
346 3374.424000 3374.511532 20
347 3384.424000 3385.107507 19
348 3394.511000 3394.578051 27
349 3404.275000 3403.613031 20
350 3414.420000 3413.613031 0
351 3423.839000 3423.613031 0
352 3434.227000 3433.504350 17
353 3443.973000 3444.016904 33
354 3454.135000 3454.340640 28
355 3463.796000 3463.536562 42
356 3473.317000 3473.536562 0
357 3483.002000 3482.857244 19
358 3491.710000 3492.134836 24
359 3501.231000 3501.302788 23
360 3511.079000 3510.805626 38
361 3520.698000 3520.631694 43
362 3530.154000 3528.257162 11
363 3539.741000 3539.745934 28
364 3549.838000 3549.745934 0
365 3559.823000 3560.083722 11
366 3571.457000 3571.539750 16
367 3581.369000 3578.680760 25
368 3590.500000 3590.631011 13
369 3600.241000 3554.130878 8
370 3610.648000 3609.952599 14
371 3620.496000 3578.880130 12
372 3631.869000 3631.554117 38
373 3640.968000 3640.882666 27
374 3651.042000 3650.015268 16
375 3660.726000 3660.015268 0
376 3667.063000 3664.915087 16
377 3675.057000 3677.098465 8
378 3686.171000 3686.182103 18
379 3694.652000 3696.182103 0
380 3705.060000 3707.515222 11
381 3715.001000 3712.682131 33
382 3725.044000 3711.821962 29
383 3733.674000 3721.821962 0
384 3743.809000 3743.649714 24
385 3753.461000 3753.767705 30
386 3763.193000 3763.080653 23
387 3772.288000 3754.914949 11
388 3781.697000 3782.778912 32
389 3791.239000 3791.081488 39
390 3799.153000 3801.291792 16
391 3809.153000 3809.752912 17
392 3818.946000 3818.951625 9
393 3828.946000 3876.860905 14
394 3839.290000 3839.010611 31
395 3849.127000 3849.237641 24
396 3859.366000 3859.386908 22
397 3869.880000 3869.859461 29
398 3879.793000 3879.648971 22
399 3889.165000 3888.852572 21
400 3898.538000 3900.538278 22
401 3908.473000 3909.235686 17
402 3918.296000 3918.356773 32
403 3928.034000 3927.847808 12
404 3937.025000 3936.306810 20
405 3945.670000 3945.583830 32
406 3954.797000 3952.373585 15
407 3963.756000 3964.067666 25
408 3975.048000 3974.890859 30
409 3981.645000 3984.890859 0
410 3992.690000 3992.729961 33
411 4002.457000 4002.376363 29
412 4011.982000 4010.918311 29
413 4021.430000 4021.831684 18
414 4030.624000 4031.073778 22
415 4040.513000 4040.304181 25
416 4049.727000 4048.533133 28
417 4058.371000 4101.362714 11
418 4068.258000 4067.112652 17
419 4076.974000 4119.270191 12
420 4085.661000 4129.270191 0
421 4096.585000 4096.971063 20
422 4105.894000 4106.265702 42
423 4115.448000 4114.421721 20
424 4123.311000 4122.456494 27
425 4132.804000 4132.086368 18
426 4142.148000 4143.216839 41
427 4151.574000 4151.021279 16
428 4160.897000 4160.271732 22
429 4170.041000 4170.450738 25
430 4180.202000 4179.381895 30
431 4189.466000 4188.546837 35
432 4198.878000 4203.580694 10
433 4208.352000 4207.881326 30
434 4218.124000 4218.508800 45
435 4228.124000 4227.711376 32
436 4237.399000 4236.839577 13
437 4245.914000 4245.838192 27
438 4255.326000 4257.273713 26
439 4264.948000 4264.570294 28
440 4274.331000 4274.776709 41
441 4284.331000 4284.744705 31
442 4294.866000 4294.558316 30
443 4304.488000 4303.876105 42
444 4314.081000 4301.841977 9
445 4323.524000 4324.965905 14
446 4333.314000 4333.502644 37
447 4342.679000 4342.896856 30
448 4351.252000 4352.565484 23
449 4361.175000 4360.492538 31
450 4371.247000 4370.492538 0
451 4380.061000 4380.492538 0
452 4388.724000 4388.073419 27
453 4397.957000 4398.210358 22
454 4408.286000 4408.445160 17
455 4418.401000 4417.520680 40
456 4427.665000 4426.956336 8
457 4437.586000 4438.238645 30
458 4447.586000 4447.806401 34
459 4457.586000 4457.060527 30
460 4466.965000 4467.184571 40
461 4476.557000 4476.280949 15
462 4485.941000 4485.070193 15
463 4495.941000 4526.317548 16
464 4504.556000 4536.317548 0
465 4514.556000 4515.221397 13
466 4524.310000 4522.352254 13
467 4532.555000 4531.477012 11
468 4542.555000 4538.438322 21
469 4551.201000 4550.778561 37
470 4561.332000 4561.085001 15
471 4572.125000 4573.846527 8
472 4581.268000 4584.759096 17
473 4590.771000 4591.083193 20
474 4600.003000 4641.127252 16
475 4610.003000 4610.461750 33
476 4619.399000 4576.532009 19
477 4627.343000 4628.614698 14
478 4636.335000 4636.775769 34
479 4646.109000 4645.393979 32
480 4655.421000 4654.820527 24
481 4665.421000 4664.989943 41
