001 0.000000 -0.094381 92
002 10.000000 9.971414 38
003 20.000000 18.676145 27
004 28.072000 28.148791 23
005 38.058000 38.084266 28
006 48.059000 47.979063 39
007 58.056000 57.954053 22
008 68.056000 67.970230 41
009 78.056000 78.074127 49
010 88.056000 88.073112 52
011 98.056000 97.989236 66
012 108.056000 108.184266 72
013 118.056000 118.079019 58
014 128.056000 128.091526 74
015 138.056000 138.075887 69
016 148.056000 148.082288 69
017 158.056000 158.279912 88
018 168.056000 168.079767 62
019 178.056000 178.173783 61
020 188.056000 188.089129 81
021 198.056000 198.088230 79
022 208.056000 208.077202 75
023 218.056000 218.024155 79
024 228.056000 227.817417 40
025 238.056000 239.316666 41
026 248.056000 248.597677 28
027 258.311000 260.168573 17
028 268.392000 269.009211 15
029 278.457000 278.119385 31
030 288.680000 287.817280 21
031 299.265000 300.079244 34
032 309.265000 309.188793 26
033 319.460000 317.386742 10
034 329.886000 327.386742 0
035 331.489000 337.386742 0
036 341.050000 309.350241 8
037 352.269000 366.219844 15
038 362.269000 368.985356 14
039 372.483000 368.029817 11
040 382.483000 383.145080 33
041 392.844000 393.281164 24
042 403.556000 404.409416 38
043 414.326000 414.409416 0
044 424.449000 424.175869 32
045 434.768000 434.573249 32
046 444.768000 444.677815 10
047 452.651000 453.741456 18
048 462.775000 461.931414 11
049 472.194000 505.849329 9
050 482.194000 482.462601 19
051 491.877000 493.378400 33
052 501.624000 502.169486 32
053 511.427000 510.488464 26
054 520.978000 520.609099 22
055 530.978000 530.948747 17
056 541.619000 541.468126 11
057 550.842000 551.468126 0
058 560.228000 562.375994 16
059 569.286000 569.980933 16
060 578.659000 576.803437 21
061 588.915000 627.684865 10
062 598.555000 599.017477 10
063 608.681000 609.756512 15
064 619.259000 618.957682 44
065 628.721000 628.297007 29
066 638.369000 634.719836 12
067 647.991000 644.719836 0
068 657.851000 654.719836 0
069 666.916000 666.450868 28
070 675.899000 675.503046 24
071 685.573000 685.519794 36
072 695.248000 695.460889 24
073 705.586000 705.895182 28
074 715.395000 715.895182 0
075 725.261000 725.381719 35
076 734.717000 820.405262 16
077 745.217000 745.212656 28
078 755.217000 754.968491 33
079 764.858000 763.515939 18
080 774.506000 773.515939 0
081 785.429000 786.449500 14
082 796.513000 796.721017 36
083 806.746000 806.822799 17
084 816.819000 816.801681 23
085 826.819000 826.148934 42
086 836.249000 836.148934 0
087 846.163000 847.059338 26
088 856.163000 855.958887 11
089 864.873000 864.945728 12
090 873.220000 873.128407 29
091 883.027000 883.924105 16
092 892.860000 891.510593 11
093 902.860000 903.513906 27
094 912.210000 911.408035 28
095 921.433000 923.441904 11
096 931.433000 931.129385 34
097 940.742000 940.568211 17
098 949.547000 949.437625 27
099 958.617000 959.437625 0
100 968.324000 968.142730 20
101 977.329000 978.162465 34
102 987.329000 987.499351 34
103 997.595000 995.982307 21
104 1007.336000 1006.579133 15
105 1017.463000 1041.121943 10
106 1028.014000 1029.222122 16
107 1037.881000 1037.529709 13
108 1046.619000 1046.658186 31
109 1056.878000 1057.180904 23
110 1066.607000 1066.274604 22
111 1076.607000 1103.291089 9
112 1085.691000 1086.637915 15
113 1095.691000 1095.913942 44
114 1104.986000 1105.841430 31
115 1115.086000 1114.909218 32
116 1124.734000 1123.894392 25
117 1133.904000 1131.032861 8
118 1143.738000 1143.409920 36
119 1153.068000 1153.068576 20
120 1162.582000 1162.973630 19
121 1172.470000 1172.038007 20
122 1181.693000 1180.952827 18
123 1191.553000 1190.952827 0
124 1201.148000 1201.071572 28
125 1211.148000 1210.583959 12
126 1220.338000 1220.674243 17
127 1229.986000 1229.824630 15
128 1239.076000 1239.249904 31
129 1249.076000 1278.301282 11
130 1257.800000 1259.612614 12
131 1267.668000 1270.578146 11
132 1278.014000 1278.308778 27
133 1288.014000 1287.537425 16
134 1297.789000 1297.914488 22
135 1307.517000 1345.351718 9
136 1317.517000 1355.351718 0
137 1327.250000 1327.903601 25
138 1336.985000 1336.970725 42
139 1346.985000 1346.718008 27
140 1356.581000 1356.136408 16
141 1365.299000 1366.136408 0
142 1375.105000 1341.891785 13
143 1385.579000 1339.901349 8
144 1395.579000 1395.435349 27
145 1405.579000 1405.715553 29
146 1415.931000 1416.141242 21
147 1425.340000 1423.055873 13
148 1434.351000 1433.055873 0
149 1443.813000 1446.014307 17
150 1453.703000 1453.858239 32
151 1463.450000 1462.783209 12
152 1471.333000 1472.783209 0
153 1481.566000 1482.783209 0
154 1491.044000 1490.071611 34
155 1500.579000 1502.150533 13
156 1510.173000 1509.069155 10
157 1520.607000 1521.266368 16
158 1530.868000 1530.990392 13
159 1540.607000 1540.603911 12
160 1549.968000 1566.634863 13
161 1560.345000 1560.711535 24
162 1570.539000 1570.488156 20
163 1579.858000 1580.106347 24
164 1589.858000 1590.106347 0
165 1599.858000 1599.100604 8
166 1610.086000 1609.789949 14
167 1620.615000 1621.595313 27
168 1631.827000 1632.953243 14
169 1641.168000 1640.857543 26
170 1651.300000 1651.256544 10
171 1663.636000 1661.256544 0
172 1672.749000 1672.435246 29
173 1683.172000 1687.943294 11
174 1693.095000 1694.688951 22
175 1702.956000 1702.638412 32
176 1713.607000 1710.913368 22
177 1724.031000 1723.312971 13
178 1734.031000 1733.319803 17
179 1742.838000 1743.363580 21
180 1752.449000 1752.820380 16
181 1760.542000 1760.692781 13
182 1770.715000 1771.109501 18
183 1780.992000 1766.978647 11
184 1790.832000 1789.657038 22
185 1800.832000 1800.325067 19
186 1810.721000 1810.954786 33
187 1820.617000 1820.495431 30
188 1830.360000 1830.261058 35
189 1840.013000 1839.572229 31
190 1849.209000 1849.572229 0
191 1860.090000 1861.110937 17
192 1869.680000 1869.721135 14
193 1879.478000 1880.114384 24
194 1889.402000 1889.587109 32
195 1899.097000 1898.401277 24
196 1908.417000 1903.563715 12
197 1917.757000 1918.445366 22
198 1926.911000 1927.282399 34
199 1937.293000 1937.439144 23
200 1946.883000 1946.047638 19
201 1954.809000 1954.095195 16
202 1964.620000 1951.983786 16
203 1974.782000 1937.474740 10
204 1985.579000 1985.921631 28
205 1995.308000 1995.377500 26
206 2005.308000 2005.039602 10
207 2015.204000 2060.363187 9
208 2024.919000 2023.934246 28
209 2034.823000 2033.934246 0
210 2044.823000 2045.287003 41
211 2053.733000 2135.791983 11
212 2065.736000 2066.675524 26
213 2075.432000 2074.928776 30
214 2085.432000 2085.761430 24
215 2095.640000 2095.761430 0
216 2105.535000 2105.916287 13
217 2116.249000 2116.676727 15
218 2125.944000 2126.161033 34
219 2135.944000 2136.274177 19
220 2146.477000 2146.032107 20
221 2156.339000 2156.865432 22
222 2166.172000 2166.940152 29
223 2176.248000 2176.142079 14
224 2185.589000 2181.857720 11
225 2195.326000 2195.319039 26
226 2205.520000 2204.900310 29
227 2217.024000 2217.773848 26
228 2227.821000 2227.545665 18
229 2237.286000 2237.067479 35
230 2246.071000 2245.897043 15
231 2256.071000 2254.619053 20
232 2265.092000 2264.481721 20
233 2275.092000 2275.933111 14
234 2284.908000 2284.874706 25
235 2294.908000 2295.592909 32
236 2304.609000 2304.507717 32
237 2314.609000 2312.364599 11
238 2324.304000 2323.794254 19
239 2334.304000 2332.115964 10
240 2344.486000 2344.866885 18
241 2353.057000 2356.996206 12
242 2362.985000 2362.734210 13
243 2372.520000 2372.245385 33
244 2381.683000 2380.141811 15
245 2392.797000 2385.469703 10
246 2402.524000 2402.587510 30
247 2412.524000 2412.468484 40
248 2422.603000 2422.557867 32
249 2432.623000 2431.958895 30
250 2442.623000 2441.932626 28
251 2451.774000 2450.545675 28
252 2461.676000 2460.545675 0
253 2470.754000 2472.511879 14
254 2481.214000 2480.690391 41
255 2491.098000 2489.573330 11
256 2500.447000 2499.950482 17
257 2509.765000 2509.348116 26
258 2518.890000 2520.988749 12
259 2529.280000 2529.126603 19
260 2538.944000 2539.222275 32
261 2548.529000 2550.212400 21
262 2558.036000 2556.981547 17
263 2567.093000 2567.006608 12
264 2575.836000 2597.908421 10
265 2585.931000 2586.130020 28
266 2595.244000 2595.275949 20
267 2605.244000 2605.264446 27
268 2615.042000 2614.671145 29
269 2624.843000 2624.355238 15
270 2635.057000 2611.649924 8
271 2645.270000 2646.379443 30
272 2654.752000 2655.400688 8
273 2664.938000 2664.758728 27
274 2674.439000 2673.842617 15
275 2684.201000 2684.781978 15
276 2693.355000 2696.032064 21
277 2703.021000 2703.392847 24
278 2712.409000 2712.498410 14
279 2722.955000 2723.881477 36
280 2733.351000 2733.255530 33
281 2743.508000 2743.556358 23
282 2753.438000 2753.556358 0
283 2763.906000 2764.521130 12
284 2774.276000 2773.980228 29
285 2783.156000 2783.160116 28
286 2792.350000 2790.407603 17
287 2802.543000 2802.143366 11
288 2812.446000 2812.143366 0
289 2821.794000 2824.150821 15
290 2830.771000 2830.752823 12
291 2841.083000 2843.437046 10
292 2851.257000 2850.174095 13
293 2861.257000 2860.174095 0
294 2871.591000 2913.090397 9
295 2880.480000 2881.062771 16
296 2890.480000 2890.320995 20
297 2900.383000 2900.698941 29
298 2910.232000 2910.136867 16
299 2920.525000 2920.421200 19
300 2930.148000 2930.273798 35
301 2939.843000 2940.130870 24
302 2949.985000 2950.129787 20
303 2959.411000 2959.891439 20
304 2969.411000 2968.259783 21
305 2979.660000 2979.161017 31
306 2989.373000 2977.348119 8
307 2999.373000 2972.843204 8
308 3009.156000 2960.805490 8
309 3018.995000 3019.958113 28
310 3028.707000 3028.568830 21
311 3038.277000 3037.457729 9
312 3046.041000 3044.853692 16
313 3054.913000 3054.853692 0
314 3064.767000 3066.218997 16
315 3074.767000 3074.473278 26
316 3084.516000 3084.203738 17
317 3092.780000 3092.306371 23
318 3102.278000 3101.781766 21
319 3113.010000 3110.842811 23
320 3122.474000 3078.816367 11
321 3132.329000 3131.738559 26
322 3140.879000 3140.509479 32
323 3150.790000 3150.469311 20
324 3160.555000 3159.326737 18
325 3169.624000 3169.326737 0
326 3177.834000 3179.326737 0
327 3187.548000 3187.517645 26
328 3198.656000 3198.888675 24
329 3208.441000 3207.973554 19
330 3217.491000 3217.755009 24
331 3228.026000 3226.277149 12
332 3238.294000 3236.277149 0
333 3248.222000 3248.196141 11
334 3258.222000 3257.791221 33
335 3267.432000 3266.923484 21
336 3277.002000 3276.521444 36
337 3287.002000 3286.616326 14
338 3297.002000 3296.616326 0
339 3307.002000 3308.684943 26
340 3316.855000 3315.294413 10
341 3326.855000 3328.707444 22
342 3335.816000 3335.684504 14
343 3346.780000 3346.004082 17
344 3357.496000 3357.955621 19
345 3367.780000 3367.756955 35
346 3377.690000 3378.659256 13
347 3387.331000 3387.618006 22
348 3397.331000 3397.483130 27
349 3403.895000 3404.338307 22
350 3413.895000 3412.060831 9
351 3423.625000 3423.918709 18
352 3434.501000 3434.832116 13
353 3444.227000 3444.538968 25
354 3454.999000 3454.277792 20
355 3464.135000 3464.526902 38
356 3474.135000 3474.526902 0
357 3484.135000 3484.206259 21
358 3493.815000 3494.098975 27
359 3503.474000 3503.402594 26
360 3513.133000 3512.779730 29
361 3522.614000 3521.996404 29
362 3532.614000 3530.174990 14
363 3540.698000 3540.885205 17
364 3549.319000 3549.716333 13
365 3560.035000 3562.963020 9
366 3570.427000 3570.405955 17
367 3579.853000 3579.422103 26
368 3588.868000 3584.200441 10
369 3597.758000 3598.041506 21
370 3608.598000 3611.001202 11
371 3619.205000 3689.039556 13
372 3630.495000 3630.013463 29
373 3639.841000 3639.926598 26
374 3650.150000 3646.865139 8
375 3658.773000 3661.443061 11
376 3669.988000 3666.364810 8
377 3675.443000 3676.176415 10
378 3686.082000 3686.579724 36
379 3696.082000 3696.579724 0
380 3707.480000 3709.500153 27
381 3717.480000 3710.397886 33
382 3727.480000 3712.989003 16
383 3737.086000 3742.315201 8
384 3746.943000 3686.658049 22
385 3756.241000 3757.317623 29
386 3766.400000 3765.565404 21
387 3776.400000 3759.378134 18
388 3786.400000 3787.569646 25
389 3795.665000 3794.868993 24
390 3803.874000 3801.773896 22
391 3813.588000 3813.822359 34
392 3823.819000 3823.298384 17
393 3833.460000 3833.298384 0
394 3842.278000 3842.359841 24
395 3852.672000 3852.220462 23
396 3863.100000 3864.420673 12
397 3873.868000 3874.634171 19
398 3883.688000 3882.491660 17
399 3892.560000 3889.961054 15
400 3903.079000 3902.958262 29
401 3913.113000 3913.914296 14
402 3922.683000 3922.286068 29
403 3932.467000 3932.185395 25
404 3942.324000 3938.816976 9
405 3950.945000 3950.991773 17
406 3960.478000 3963.176738 22
407 3970.818000 3971.105917 13
408 3980.709000 3981.105917 0
409 3987.524000 3987.974152 21
410 3997.721000 3998.290943 35
411 4007.827000 4006.482991 16
412 4017.827000 4023.531241 10
413 4027.055000 4026.329155 28
414 4036.481000 4037.313495 24
415 4046.481000 4046.276723 17
416 4055.175000 4055.224717 25
417 4064.458000 4064.493244 13
418 4073.867000 4074.493244 0
419 4082.614000 4084.493244 0
420 4093.775000 4095.099158 10
421 4102.647000 4102.847266 28
422 4111.877000 4111.667000 24
423 4121.715000 4121.767379 37
424 4130.747000 4153.162807 12
425 4140.193000 4140.263801 30
426 4150.031000 4150.192386 17
427 4159.457000 4160.138390 18
428 4170.041000 4169.811854 31
429 4179.827000 4179.551161 39
430 4189.240000 4189.278018 25
431 4198.753000 4199.419972 27
432 4208.351000 4208.370507 37
433 4217.789000 4218.002691 29
434 4227.286000 4227.213384 23
435 4236.999000 4236.949222 25
436 4244.888000 4244.962197 22
437 4254.888000 4253.522900 23
438 4264.439000 4263.522900 0
439 4274.258000 4274.659050 27
440 4284.043000 4284.220696 28
441 4294.402000 4294.251856 29
442 4303.916000 4303.800542 41
443 4313.916000 4310.492941 20
444 4323.916000 4325.454073 16
445 4333.452000 4333.655527 23
446 4343.452000 4344.221612 27
447 4353.696000 4352.911556 18
448 4363.535000 4363.973507 27
449 4373.659000 4388.946294 8
450 4384.141000 4386.166100 14
451 4393.800000 4394.593041 17
452 4403.011000 4403.474395 21
453 4412.922000 4412.059827 23
454 4421.741000 4420.968752 29
455 4431.202000 4470.266292 8
456 4440.558000 4441.248353 34
457 4450.718000 4451.303919 29
458 4460.914000 4460.831489 17
459 4468.980000 4469.061386 23
460 4477.834000 4476.531429 16
461 4487.834000 4524.136102 16
462 4496.760000 4511.750544 8
463 4505.714000 4578.999159 9
464 4514.669000 4588.999159 0
465 4522.896000 4631.583348 8
466 4532.554000 4575.627669 11
467 4540.771000 4589.032928 10
468 4549.692000 4599.032928 0
469 4558.663000 4566.183921 10
470 4568.567000 4575.094580 24
471 4579.446000 4577.287984 17
472 4586.385000 4587.054276 30
473 4596.676000 4597.173777 18
474 4606.008000 4606.181221 33
475 4615.820000 4575.294122 12
476 4624.232000 4623.539280 10
477 4633.843000 4633.630612 32
478 4643.506000 4643.419473 40
479 4652.917000 4652.052962 23
480 4662.917000 4662.868826 32
481 4672.917000 4672.659808 31
