001 0.000000 -0.086784 89
002 10.000000 9.971414 38
003 20.000000 18.528751 28
004 28.072000 28.148791 23
005 38.058000 38.084266 28
006 48.059000 48.046999 40
007 58.056000 57.944650 21
008 68.056000 68.093093 40
009 78.056000 78.074127 49
010 88.056000 88.073112 52
011 98.056000 97.994705 70
012 108.056000 108.185552 71
013 118.056000 118.079019 58
014 128.056000 128.091526 74
015 138.056000 138.075887 69
016 148.056000 148.082288 69
017 158.056000 158.279912 88
018 168.056000 168.079767 62
019 178.056000 178.229689 62
020 188.056000 188.089129 81
021 198.056000 198.088230 79
022 208.056000 208.077202 75
023 218.056000 218.199713 79
024 228.056000 227.788706 39
025 238.056000 239.153028 40
026 248.056000 248.503353 28
027 258.311000 301.421633 18
028 268.392000 269.259955 16
029 278.457000 277.823975 31
030 288.680000 302.125649 13
031 299.265000 299.887990 32
032 309.265000 309.179952 26
033 319.460000 318.285960 9
034 329.886000 328.285960 0
035 331.489000 391.065357 8
036 341.050000 309.350241 8
037 352.269000 366.605688 17
038 362.269000 368.985356 14
039 372.483000 378.985356 0
040 382.483000 383.145080 33
041 392.844000 393.355277 22
042 403.556000 404.773187 45
043 414.326000 400.316092 8
044 424.449000 424.334176 30
045 434.768000 434.545245 32
046 444.768000 518.311066 8
047 452.651000 452.615560 17
048 462.775000 461.808911 14
049 472.194000 507.090997 9
050 482.194000 482.135993 21
051 491.877000 493.341640 36
052 501.624000 501.951682 33
053 511.427000 510.449141 24
054 520.978000 520.589454 23
055 530.978000 530.973868 18
056 541.619000 541.752963 12
057 550.842000 563.934154 8
058 560.228000 562.333715 15
059 569.286000 569.964681 17
060 578.659000 576.803437 21
061 588.915000 627.599861 11
062 598.555000 569.020993 9
063 608.681000 609.842319 13
064 619.259000 618.942374 37
065 628.721000 628.304088 30
066 638.369000 635.427364 9
067 647.991000 645.427364 0
068 657.851000 661.033750 12
069 666.916000 666.452406 27
070 675.899000 675.685986 24
071 685.573000 685.543560 36
072 695.248000 695.568974 23
073 705.586000 705.905465 27
074 715.395000 715.905465 0
075 725.261000 725.368648 36
076 734.717000 820.405262 16
077 745.217000 745.212908 27
078 755.217000 755.292659 31
079 764.858000 763.666474 19
080 774.506000 773.666474 0
081 785.429000 786.521145 13
082 796.513000 796.713347 38
083 806.746000 806.808529 18
084 816.819000 816.806022 23
085 826.819000 826.127582 40
086 836.249000 804.033779 8
087 846.163000 846.619042 25
088 856.163000 855.958887 11
089 864.873000 864.938487 12
090 873.220000 873.102713 30
091 883.027000 883.924105 16
092 892.860000 891.510593 11
093 902.860000 903.845670 22
094 912.210000 911.379175 27
095 921.433000 923.288654 12
096 931.433000 931.168637 30
097 940.742000 940.548688 17
098 949.547000 949.437625 27
099 958.617000 960.202111 9
100 968.324000 968.160046 21
101 977.329000 978.307608 34
102 987.329000 987.804524 35
103 997.595000 995.982307 21
104 1007.336000 1007.218262 15
105 1017.463000 1040.399839 9
106 1028.014000 1030.199691 15
107 1037.881000 1036.686209 10
108 1046.619000 1046.664715 30
109 1056.878000 1057.173821 23
110 1066.607000 1066.085067 25
111 1076.607000 1102.916820 8
112 1085.691000 1086.284424 14
113 1095.691000 1095.709369 45
114 1104.986000 1105.957187 31
115 1115.086000 1114.698128 31
116 1124.734000 1123.887395 25
117 1133.904000 1133.887395 0
118 1143.738000 1143.460822 37
119 1153.068000 1153.081892 19
120 1162.582000 1162.945756 21
121 1172.470000 1171.953581 18
122 1181.693000 1181.034378 21
123 1191.553000 1163.995787 8
124 1201.148000 1201.203020 27
125 1211.148000 1210.574329 13
126 1220.338000 1220.057732 17
127 1229.986000 1229.826036 16
128 1239.076000 1238.657918 28
129 1249.076000 1277.205558 13
130 1257.800000 1259.612614 12
131 1267.668000 1238.588191 9
132 1278.014000 1278.073957 27
133 1288.014000 1288.546035 15
134 1297.789000 1298.177096 26
135 1307.517000 1345.351718 9
136 1317.517000 1355.351718 0
137 1327.250000 1327.903601 25
138 1336.985000 1337.046744 41
139 1346.985000 1346.458288 28
140 1356.581000 1356.194051 18
141 1365.299000 1366.194051 0
142 1375.105000 1377.188373 17
143 1385.579000 1385.571994 8
144 1395.579000 1395.648920 27
145 1405.579000 1405.850854 31
146 1415.931000 1416.222788 22
147 1425.340000 1421.691406 11
148 1434.351000 1431.691406 0
149 1443.813000 1444.946870 16
150 1453.703000 1453.838188 31
151 1463.450000 1464.237197 13
152 1471.333000 1472.743618 9
153 1481.566000 1482.743618 0
154 1491.044000 1490.068609 35
155 1500.579000 1502.200738 12
156 1510.173000 1508.753511 11
157 1520.607000 1521.844496 15
158 1530.868000 1530.762291 14
159 1540.607000 1540.601530 11
160 1549.968000 1566.694906 15
161 1560.345000 1560.675897 26
162 1570.539000 1569.915146 19
163 1579.858000 1580.005143 25
164 1589.858000 1590.005143 0
165 1599.858000 1597.689250 9
166 1610.086000 1610.438637 19
167 1620.615000 1622.264394 29
168 1631.827000 1633.615456 14
169 1641.168000 1640.863543 27
170 1651.300000 1651.251614 9
171 1663.636000 1661.251614 0
172 1672.749000 1672.138434 32
173 1683.172000 1687.692286 12
174 1693.095000 1694.110322 22
175 1702.956000 1702.657873 33
176 1713.607000 1710.458803 22
177 1724.031000 1724.407432 18
178 1734.031000 1732.937413 16
179 1742.838000 1743.304404 21
180 1752.449000 1751.654536 13
181 1760.542000 1762.039486 10
182 1770.715000 1771.391693 19
183 1780.992000 1766.832389 10
184 1790.832000 1789.883589 21
185 1800.832000 1800.340997 20
186 1810.721000 1810.727775 35
187 1820.617000 1820.495431 30
188 1830.360000 1830.261058 35
189 1840.013000 1839.409862 32
190 1849.209000 1849.409862 0
191 1860.090000 1860.809266 16
192 1869.680000 1869.517399 13
193 1879.478000 1879.949544 24
194 1889.402000 1889.563523 35
195 1899.097000 1898.423897 25
196 1908.417000 1904.595690 12
197 1917.757000 1918.893776 21
198 1926.911000 1927.340715 34
199 1937.293000 1937.432172 22
200 1946.883000 1946.350720 21
201 1954.809000 1953.631466 16
202 1964.620000 1951.551849 12
203 1974.782000 1937.433178 11
204 1985.579000 1985.992452 28
205 1995.308000 1995.384955 25
206 2005.308000 2004.969218 10
207 2015.204000 2015.248072 8
208 2024.919000 2023.747052 28
209 2034.823000 2033.747052 0
210 2044.823000 2045.283849 40
211 2053.733000 2135.333540 12
212 2065.736000 2066.430822 26
213 2075.432000 2074.909094 29
214 2085.432000 2085.514136 29
215 2095.640000 2095.514136 0
216 2105.535000 2076.615503 9
217 2116.249000 2117.095792 15
218 2125.944000 2126.236978 34
219 2135.944000 2136.533993 22
220 2146.477000 2146.269982 19
221 2156.339000 2156.916830 21
222 2166.172000 2166.931991 30
223 2176.248000 2176.825485 12
224 2185.589000 2182.638679 14
225 2195.326000 2195.231514 24
226 2205.520000 2204.923223 31
227 2217.024000 2217.730707 29
228 2227.821000 2227.132974 18
229 2237.286000 2237.056124 36
230 2246.071000 2245.897043 15
231 2256.071000 2254.619053 20
232 2265.092000 2264.259380 21
233 2275.092000 2275.933111 14
234 2284.908000 2284.872314 26
235 2294.908000 2295.456511 31
236 2304.609000 2304.505059 30
237 2314.609000 2310.725433 8
238 2324.304000 2323.983316 20
239 2334.304000 2331.879957 9
240 2344.486000 2345.119004 18
241 2353.057000 2356.252087 12
242 2362.985000 2362.763016 11
243 2372.520000 2372.274242 32
244 2381.683000 2379.587991 14
245 2392.797000 2388.803821 17
246 2402.524000 2402.589523 32
247 2412.524000 2412.536919 41
248 2422.603000 2422.479207 31
249 2432.623000 2431.950813 29
250 2442.623000 2441.955183 29
251 2451.774000 2450.256652 27
252 2461.676000 2460.256652 0
253 2470.754000 2472.736802 16
254 2481.214000 2480.786271 40
255 2491.098000 2558.724619 11
256 2500.447000 2499.953615 18
257 2509.765000 2509.343601 26
258 2518.890000 2520.491557 12
259 2529.280000 2529.852037 16
260 2538.944000 2539.053288 33
261 2548.529000 2549.715773 21
262 2558.036000 2557.588718 18
263 2567.093000 2567.009779 13
264 2575.836000 2559.993843 9
265 2585.931000 2585.898620 25
266 2595.244000 2595.310931 21
267 2605.244000 2605.653320 23
268 2615.042000 2614.855619 32
269 2624.843000 2624.204129 16
270 2635.057000 2611.649924 8
271 2645.270000 2646.416626 29
272 2654.752000 2656.416626 0
273 2664.938000 2664.293283 23
274 2674.439000 2673.986379 12
275 2684.201000 2683.907155 14
276 2693.355000 2695.763862 20
277 2703.021000 2703.430285 21
278 2712.409000 2712.644426 16
279 2722.955000 2723.480717 38
280 2733.351000 2733.270446 36
281 2743.508000 2743.317808 20
282 2753.438000 2753.317808 0
283 2763.906000 2764.521130 12
284 2774.276000 2774.190449 25
285 2783.156000 2783.160116 28
286 2792.350000 2790.438578 16
287 2802.543000 2802.510345 13
288 2812.446000 2812.510345 0
289 2821.794000 2824.150821 15
290 2830.771000 2830.746062 11
291 2841.083000 2842.969787 10
292 2851.257000 2850.157359 12
293 2861.257000 2857.440150 10
294 2871.591000 2867.440150 0
295 2880.480000 2881.119937 15
296 2890.480000 2890.323314 21
297 2900.383000 2900.463115 21
298 2910.232000 2910.151410 16
299 2920.525000 2920.664346 17
300 2930.148000 2930.273798 35
301 2939.843000 2940.130870 24
302 2949.985000 2950.685195 15
303 2959.411000 2959.891439 20
304 2969.411000 2968.203742 20
305 2979.660000 2979.173158 31
306 2989.373000 2979.514034 9
307 2999.373000 3000.163143 9
308 3009.156000 3095.304821 12
309 3018.995000 3019.993151 27
310 3028.707000 3028.579613 22
311 3038.277000 3037.532762 10
312 3046.041000 3045.892562 17
313 3054.913000 3055.892562 0
314 3064.767000 3065.892562 0
315 3074.767000 3074.669313 25
316 3084.516000 3084.136514 19
317 3092.780000 3092.219793 22
318 3102.278000 3101.805210 22
319 3113.010000 3110.968972 27
320 3122.474000 3082.003721 12
321 3132.329000 3131.329523 27
322 3140.879000 3140.169832 34
323 3150.790000 3150.768219 19
324 3160.555000 3159.306217 18
325 3169.624000 3169.306217 0
326 3177.834000 3179.306217 0
327 3187.548000 3187.636350 26
328 3198.656000 3198.867253 26
329 3208.441000 3207.998237 20
330 3217.491000 3217.886494 22
331 3228.026000 3226.767882 17
332 3238.294000 3239.267841 8
333 3248.222000 3248.758160 12
334 3258.222000 3257.757694 36
335 3267.432000 3267.010995 22
336 3277.002000 3276.296509 30
337 3287.002000 3286.835597 12
338 3297.002000 3296.835597 0
339 3307.002000 3308.629652 25
340 3316.855000 3316.417247 9
341 3326.855000 3328.569207 23
342 3335.816000 3336.001277 13
343 3346.780000 3346.004082 17
344 3357.496000 3357.962119 18
345 3367.780000 3367.753228 36
346 3377.690000 3378.659256 13
347 3387.331000 3387.598762 20
348 3397.331000 3397.481609 28
349 3403.895000 3404.658250 20
350 3413.895000 3414.658250 0
351 3423.625000 3423.906489 19
352 3434.501000 3434.791042 12
353 3444.227000 3444.538968 25
354 3454.999000 3454.860095 19
355 3464.135000 3464.711469 38
356 3474.135000 3462.540483 8
357 3484.135000 3484.206259 21
358 3493.815000 3494.006333 28
359 3503.474000 3503.311090 24
360 3513.133000 3512.779730 29
361 3522.614000 3521.996404 29
362 3532.614000 3526.296678 10
363 3540.698000 3540.878583 17
364 3549.319000 3549.389260 13
365 3560.035000 3559.389260 0
366 3570.427000 3570.545505 18
367 3579.853000 3579.682323 26
368 3588.868000 3583.641135 13
369 3597.758000 3598.219314 22
370 3608.598000 3611.876045 11
371 3619.205000 3618.889910 14
372 3630.495000 3630.112064 26
373 3639.841000 3639.905651 26
374 3650.150000 3649.905651 0
375 3658.773000 3661.443061 11
376 3669.988000 3666.364810 8
377 3675.443000 3676.267932 11
378 3686.082000 3686.660807 36
379 3696.082000 3696.660807 0
380 3707.480000 3709.559743 26
381 3717.480000 3720.759671 34
382 3727.480000 3721.365167 18
383 3737.086000 3737.842244 12
384 3746.943000 3793.551013 12
385 3756.241000 3757.362825 31
386 3766.400000 3766.400974 22
387 3776.400000 3759.946799 16
388 3786.400000 3787.429474 23
389 3795.665000 3794.868993 24
390 3803.874000 3802.377036 24
391 3813.588000 3813.964543 31
392 3823.819000 3823.440244 18
393 3833.460000 3867.530330 8
394 3842.278000 3842.137363 28
395 3852.672000 3852.220462 23
396 3863.100000 3864.420673 12
397 3873.868000 3875.063460 17
398 3883.688000 3883.164833 17
399 3892.560000 3890.150134 16
400 3903.079000 3903.101818 24
401 3913.113000 3913.914296 14
402 3922.683000 3922.346264 28
403 3932.467000 3932.268907 27
404 3942.324000 3938.816976 9
405 3950.945000 3951.013119 15
406 3960.478000 3963.486512 20
407 3970.818000 3971.105917 13
408 3980.709000 3981.105917 0
409 3987.524000 3988.088827 23
410 3997.721000 3998.182448 35
411 4007.827000 4006.482991 16
412 4017.827000 4023.531241 10
413 4027.055000 4026.299976 26
414 4036.481000 4036.942993 22
415 4046.481000 4045.935439 17
416 4055.175000 4055.220370 26
417 4064.458000 4064.199323 14
418 4073.867000 4074.199323 0
419 4082.614000 4033.804934 8
420 4093.775000 4094.973570 11
421 4102.647000 4102.965980 26
422 4111.877000 4111.381832 27
423 4121.715000 4121.561522 34
424 4130.747000 4153.162807 12
425 4140.193000 4140.263801 30
426 4150.031000 4150.201317 16
427 4159.457000 4160.154784 17
428 4170.041000 4169.767043 29
429 4179.827000 4179.532202 40
430 4189.240000 4189.291630 24
431 4198.753000 4199.419972 27
432 4208.351000 4208.304511 36
433 4217.789000 4218.067060 27
434 4227.286000 4227.213384 23
435 4236.999000 4236.949222 25
436 4244.888000 4244.962197 22
437 4254.888000 4256.833512 19
438 4264.439000 4266.833512 0
439 4274.258000 4274.708483 28
440 4284.043000 4284.224884 27
441 4294.402000 4293.553409 29
442 4303.916000 4303.800512 39
443 4313.916000 4311.477008 20
444 4323.916000 4325.729272 14
445 4333.452000 4333.856957 29
446 4343.452000 4343.772980 26
447 4353.696000 4352.405686 16
448 4363.535000 4363.992712 28
449 4373.659000 4352.695157 8
450 4384.141000 4362.695157 0
451 4393.800000 4393.886683 19
452 4403.011000 4403.474395 21
453 4412.922000 4412.059827 23
454 4421.741000 4421.010984 31
455 4431.202000 4431.010984 0
456 4440.558000 4441.236621 35
457 4450.718000 4450.755241 33
458 4460.914000 4461.556937 19
459 4468.980000 4469.040662 22
460 4477.834000 4476.047685 15
461 4487.834000 4524.136102 16
462 4496.760000 4512.181208 8
463 4505.714000 4578.801179 11
464 4514.669000 4589.698068 9
465 4522.896000 4599.698068 0
466 4532.554000 4575.426105 10
467 4540.771000 4582.461190 10
468 4549.692000 4592.461190 0
469 4558.663000 4566.183921 10
470 4568.567000 4574.722316 21
471 4579.446000 4577.465214 17
472 4586.385000 4586.779038 30
473 4596.676000 4597.501366 20
474 4606.008000 4606.121050 32
475 4615.820000 4575.999033 13
476 4624.232000 4623.539280 10
477 4633.843000 4633.593647 31
478 4643.506000 4643.424215 41
479 4652.917000 4652.171345 22
480 4662.917000 4662.861931 34
481 4672.917000 4672.803543 30
