001 0.000000 -0.094381 92
002 10.000000 9.971414 38
003 20.000000 18.528751 28
004 28.072000 28.148791 23
005 38.058000 38.084266 28
006 48.059000 48.046999 40
007 58.056000 58.083331 21
008 68.056000 67.976714 42
009 78.056000 78.074127 49
010 88.056000 88.073112 52
011 98.056000 97.929461 70
012 108.056000 108.184266 72
013 118.056000 118.079019 58
014 128.056000 128.091439 74
015 138.056000 138.077289 68
016 148.056000 148.082573 68
017 158.056000 158.303485 88
018 168.056000 168.079767 62
019 178.056000 178.233016 61
020 188.056000 188.089129 81
021 198.056000 198.088121 78
022 208.056000 208.077202 75
023 218.056000 218.142473 79
024 228.056000 227.737514 39
025 238.056000 239.153028 40
026 248.056000 248.503353 28
027 258.311000 260.168573 17
028 268.392000 270.390251 13
029 278.457000 278.357494 30
030 288.680000 287.743935 20
031 299.265000 300.103502 33
032 309.265000 309.119099 24
033 319.460000 317.386742 10
034 329.886000 327.386742 0
035 331.489000 391.065357 8
036 341.050000 308.430253 8
037 352.269000 366.531889 16
038 362.269000 369.612759 13
039 372.483000 368.173604 11
040 382.483000 383.145080 33
041 392.844000 393.290281 25
042 403.556000 404.777334 47
043 414.326000 414.777334 0
044 424.449000 424.167272 30
045 434.768000 434.345668 30
046 444.768000 444.347851 10
047 452.651000 453.795295 17
048 462.775000 460.951039 10
049 472.194000 508.402321 8
050 482.194000 482.377619 18
051 491.877000 493.283640 33
052 501.624000 502.158366 35
053 511.427000 510.456542 25
054 520.978000 520.602219 22
055 530.978000 530.948747 17
056 541.619000 542.310011 10
057 550.842000 563.934154 8
058 560.228000 562.164783 15
059 569.286000 570.007150 16
060 578.659000 575.494910 22
061 588.915000 628.459647 9
062 598.555000 566.396125 8
063 608.681000 609.512850 14
064 619.259000 618.930670 45
065 628.721000 628.304088 30
066 638.369000 634.874161 10
067 647.991000 644.874161 0
068 657.851000 661.590699 11
069 666.916000 666.450868 28
070 675.899000 675.893151 24
071 685.573000 685.760057 36
072 695.248000 695.561492 23
073 705.586000 705.899506 27
074 715.395000 715.899506 0
075 725.261000 725.228607 37
076 734.717000 820.093350 17
077 745.217000 745.299534 26
078 755.217000 755.295312 31
079 764.858000 763.876890 17
080 774.506000 773.876890 0
081 785.429000 786.567312 15
082 796.513000 796.713347 38
083 806.746000 806.833534 17
084 816.819000 816.806965 24
085 826.819000 826.136975 41
086 836.249000 836.136975 0
087 846.163000 847.193988 23
088 856.163000 855.861946 13
089 864.873000 864.933749 13
090 873.220000 873.106261 30
091 883.027000 884.050159 16
092 892.860000 891.510593 11
093 902.860000 904.013053 19
094 912.210000 911.278439 27
095 921.433000 923.288654 12
096 931.433000 931.132027 33
097 940.742000 940.406543 16
098 949.547000 949.468993 28
099 958.617000 960.198302 11
100 968.324000 968.010315 21
101 977.329000 978.414910 34
102 987.329000 987.550814 36
103 997.595000 995.982307 21
104 1007.336000 1007.555134 17
105 1017.463000 1040.389178 8
106 1028.014000 1030.059047 16
107 1037.881000 1037.529709 13
108 1046.619000 1046.662492 32
109 1056.878000 1057.196837 22
110 1066.607000 1066.291907 24
111 1076.607000 1102.916820 8
112 1085.691000 1086.263985 14
113 1095.691000 1095.771433 46
114 1104.986000 1105.723553 30
115 1115.086000 1114.805818 32
116 1124.734000 1123.918282 27
117 1133.904000 1152.435373 10
118 1143.738000 1143.422739 38
119 1153.068000 1153.086273 19
120 1162.582000 1162.945756 21
121 1172.470000 1171.938180 19
122 1181.693000 1180.874222 18
123 1191.553000 1190.874222 0
124 1201.148000 1201.198337 27
125 1211.148000 1210.574329 13
126 1220.338000 1220.057732 17
127 1229.986000 1229.826036 16
128 1239.076000 1238.585381 25
129 1249.076000 1276.641782 11
130 1257.800000 1258.815045 14
131 1267.668000 1269.628118 10
132 1278.014000 1278.073957 27
133 1288.014000 1288.583870 14
134 1297.789000 1298.002271 25
135 1307.517000 1344.773786 9
136 1317.517000 1354.773786 0
137 1327.250000 1327.845347 24
138 1336.985000 1336.993054 42
139 1346.985000 1345.548200 27
140 1356.581000 1356.194051 18
141 1365.299000 1397.119204 8
142 1375.105000 1377.554632 19
143 1385.579000 1339.901349 8
144 1395.579000 1395.699316 29
145 1405.579000 1405.670274 31
146 1415.931000 1416.078083 24
147 1425.340000 1421.691406 11
148 1434.351000 1431.691406 0
149 1443.813000 1446.160063 16
150 1453.703000 1453.847685 33
151 1463.450000 1462.828593 10
152 1471.333000 1472.935929 8
153 1481.566000 1482.935929 0
154 1491.044000 1490.205824 34
155 1500.579000 1501.444608 12
156 1510.173000 1508.437793 12
157 1520.607000 1522.332162 14
158 1530.868000 1530.990392 13
159 1540.607000 1540.635915 10
160 1549.968000 1566.694906 15
161 1560.345000 1560.694899 25
162 1570.539000 1569.507087 17
163 1579.858000 1579.874486 22
164 1589.858000 1589.874486 0
165 1599.858000 1600.251946 8
166 1610.086000 1609.755358 13
167 1620.615000 1622.803990 27
168 1631.827000 1632.953243 14
169 1641.168000 1641.273620 26
170 1651.300000 1651.256544 10
171 1663.636000 1661.256544 0
172 1672.749000 1672.373700 32
173 1683.172000 1686.620699 17
174 1693.095000 1694.600630 23
175 1702.956000 1702.672153 33
176 1713.607000 1710.774591 20
177 1724.031000 1724.407432 18
178 1734.031000 1733.056431 18
179 1742.838000 1743.250135 23
180 1752.449000 1751.186768 14
181 1760.542000 1760.684952 14
182 1770.715000 1771.109501 18
183 1780.992000 1766.534955 10
184 1790.832000 1789.883589 21
185 1800.832000 1800.626481 22
186 1810.721000 1810.954786 33
187 1820.617000 1820.495431 30
188 1830.360000 1830.247130 31
189 1840.013000 1839.428695 33
190 1849.209000 1849.428695 0
191 1860.090000 1861.395844 16
192 1869.680000 1869.721135 14
193 1879.478000 1880.012434 22
194 1889.402000 1889.569341 34
195 1899.097000 1898.586188 23
196 1908.417000 1905.046524 12
197 1917.757000 1920.038203 22
198 1926.911000 1927.071757 35
199 1937.293000 1937.439144 23
200 1946.883000 1945.998106 19
201 1954.809000 1953.760676 18
202 1964.620000 1953.844454 11
203 1974.782000 1937.331037 10
204 1985.579000 1985.945969 26
205 1995.308000 1995.387442 23
206 2005.308000 2005.083318 11
207 2015.204000 2060.363187 9
208 2024.919000 2023.757110 29
209 2034.823000 2033.757110 0
210 2044.823000 2045.376747 41
211 2053.733000 2135.333540 12
212 2065.736000 2066.642550 27
213 2075.432000 2074.899822 28
214 2085.432000 2085.702909 28
215 2095.640000 2095.702909 0
216 2105.535000 2105.985568 11
217 2116.249000 2117.246683 14
218 2125.944000 2126.173565 31
219 2135.944000 2136.255092 20
220 2146.477000 2146.269982 19
221 2156.339000 2157.082699 22
222 2166.172000 2166.947483 33
223 2176.248000 2176.530164 14
224 2185.589000 2181.836051 11
225 2195.326000 2195.241882 25
226 2205.520000 2204.762902 27
227 2217.024000 2217.542768 28
228 2227.821000 2227.482117 19
229 2237.286000 2237.054992 37
230 2246.071000 2245.897043 15
231 2256.071000 2254.578266 21
232 2265.092000 2264.214523 20
233 2275.092000 2275.933111 14
234 2284.908000 2284.880065 26
235 2294.908000 2295.605977 32
236 2304.609000 2304.207434 29
237 2314.609000 2312.039693 12
238 2324.304000 2323.969368 19
239 2334.304000 2331.879957 9
240 2344.486000 2344.674048 19
241 2353.057000 2355.870492 12
242 2362.985000 2362.770990 11
243 2372.520000 2372.119151 30
244 2381.683000 2379.460908 13
245 2392.797000 2386.747787 13
246 2402.524000 2402.582838 30
247 2412.524000 2412.517455 42
248 2422.603000 2422.574645 32
249 2432.623000 2431.981178 30
250 2442.623000 2441.955183 29
251 2451.774000 2451.151867 34
252 2461.676000 2461.151867 0
253 2470.754000 2472.832066 15
254 2481.214000 2480.923712 39
255 2491.098000 2490.738176 9
256 2500.447000 2499.952423 17
257 2509.765000 2509.438896 28
258 2518.890000 2520.169209 15
259 2529.280000 2529.629276 16
260 2538.944000 2539.310812 32
261 2548.529000 2549.568311 29
262 2558.036000 2557.010344 18
263 2567.093000 2567.008002 12
264 2575.836000 2577.008002 0
265 2585.931000 2586.127687 29
266 2595.244000 2595.277620 22
267 2605.244000 2605.764340 22
268 2615.042000 2614.554028 30
269 2624.843000 2624.266436 13
270 2635.057000 2634.266436 0
271 2645.270000 2646.379443 30
272 2654.752000 2656.379443 0
273 2664.938000 2664.107858 23
274 2674.439000 2674.050109 14
275 2684.201000 2684.781978 15
276 2693.355000 2696.448041 22
277 2703.021000 2703.440952 21
278 2712.409000 2712.615069 15
279 2722.955000 2724.136656 34
280 2733.351000 2733.264421 35
281 2743.508000 2743.317808 20
282 2753.438000 2753.317808 0
283 2763.906000 2764.561553 11
284 2774.276000 2774.118964 26
285 2783.156000 2783.048909 28
286 2792.350000 2790.525039 17
287 2802.543000 2802.143366 11
288 2812.446000 2812.143366 0
289 2821.794000 2824.361069 14
290 2830.771000 2830.961900 12
291 2841.083000 2842.690709 9
292 2851.257000 2851.276489 13
293 2861.257000 2858.133255 14
294 2871.591000 2868.133255 0
295 2880.480000 2881.125057 15
296 2890.480000 2890.743986 19
297 2900.383000 2900.992364 29
298 2910.232000 2910.393658 14
299 2920.525000 2920.400537 15
300 2930.148000 2930.271606 36
301 2939.843000 2940.130870 24
302 2949.985000 2949.690250 20
303 2959.411000 2959.403830 21
304 2969.411000 2968.516118 21
305 2979.660000 2979.118268 30
306 2989.373000 2977.348119 8
307 2999.373000 2972.843204 8
308 3009.156000 2959.884437 11
309 3018.995000 3020.416693 30
310 3028.707000 3028.579613 22
311 3038.277000 3037.341674 8
312 3046.041000 3045.902438 17
313 3054.913000 3055.902438 0
314 3064.767000 3065.263210 17
315 3074.767000 3074.473278 26
316 3084.516000 3084.198282 13
317 3092.780000 3092.306371 23
318 3102.278000 3102.171104 20
319 3113.010000 3110.880200 25
320 3122.474000 3124.083293 9
321 3132.329000 3131.548037 27
322 3140.879000 3140.480635 33
323 3150.790000 3150.781423 18
324 3160.555000 3159.389721 19
325 3169.624000 3169.389721 0
326 3177.834000 3179.389721 0
327 3187.548000 3187.636350 26
328 3198.656000 3198.838221 23
329 3208.441000 3207.998237 20
330 3217.491000 3217.755009 24
331 3228.026000 3226.954388 12
332 3238.294000 3236.954388 0
333 3248.222000 3248.187293 11
334 3258.222000 3257.762621 34
335 3267.432000 3266.944861 22
336 3277.002000 3276.687180 34
337 3287.002000 3286.823011 11
338 3297.002000 3296.823011 0
339 3307.002000 3308.659579 26
340 3316.855000 3318.659579 0
341 3326.855000 3329.368201 22
342 3335.816000 3336.043023 14
343 3346.780000 3346.004082 17
344 3357.496000 3357.716957 17
345 3367.780000 3367.761765 34
346 3377.690000 3377.559404 10
347 3387.331000 3387.202624 19
348 3397.331000 3397.483130 27
349 3403.895000 3404.364546 20
350 3413.895000 3414.364546 0
351 3423.625000 3423.916113 19
352 3434.501000 3434.832116 13
353 3444.227000 3444.528378 26
354 3454.999000 3454.858362 19
355 3464.135000 3464.753719 35
356 3474.135000 3474.753719 0
357 3484.135000 3484.222945 18
358 3493.815000 3494.291696 23
359 3503.474000 3503.207755 26
360 3513.133000 3512.760330 28
361 3522.614000 3521.764788 23
362 3532.614000 3525.584785 9
363 3540.698000 3541.240106 13
364 3549.319000 3549.697640 13
365 3560.035000 3559.697640 0
366 3570.427000 3570.525533 20
367 3579.853000 3579.673867 25
368 3588.868000 3582.713870 11
369 3597.758000 3598.099591 22
370 3608.598000 3610.513531 11
371 3619.205000 3619.472595 15
372 3630.495000 3629.926137 27
373 3639.841000 3639.900822 27
374 3650.150000 3649.900822 0
375 3658.773000 3661.443061 11
376 3669.988000 3666.364810 8
377 3675.443000 3676.267932 11
378 3686.082000 3686.621875 37
379 3696.082000 3668.333716 8
380 3707.480000 3709.500153 27
381 3717.480000 3720.904827 34
382 3727.480000 3721.244309 17
383 3737.086000 3799.583083 12
384 3746.943000 3754.835628 13
385 3756.241000 3757.244353 29
386 3766.400000 3766.107093 24
387 3776.400000 3759.722735 18
388 3786.400000 3787.429474 23
389 3795.665000 3794.868993 24
390 3803.874000 3802.377036 24
391 3813.588000 3813.782329 35
392 3823.819000 3823.350206 17
393 3833.460000 3868.134005 9
394 3842.278000 3842.191196 30
395 3852.672000 3852.248638 25
396 3863.100000 3864.341808 14
397 3873.868000 3874.217660 18
398 3883.688000 3883.256499 16
399 3892.560000 3891.328206 38
400 3903.079000 3903.013134 29
401 3913.113000 3913.931499 14
402 3922.683000 3922.314167 31
403 3932.467000 3932.213010 25
404 3942.324000 3938.331756 8
405 3950.945000 3950.714231 17
406 3960.478000 3962.880356 23
407 3970.818000 3971.105917 13
408 3980.709000 3980.777614 9
409 3987.524000 3988.088827 23
410 3997.721000 3998.187311 34
411 4007.827000 4006.474263 16
412 4017.827000 4023.420667 10
413 4027.055000 4026.846612 27
414 4036.481000 4036.970417 21
415 4046.481000 4046.276723 17
416 4055.175000 4055.451701 23
417 4064.458000 4064.515072 13
418 4073.867000 4118.139241 9
419 4082.614000 4128.139241 0
420 4093.775000 4094.973570 11
421 4102.647000 4102.860340 27
422 4111.877000 4111.456998 26
423 4121.715000 4121.615057 36
424 4130.747000 4153.162807 12
425 4140.193000 4140.263801 30
426 4150.031000 4150.064486 15
427 4159.457000 4160.143532 17
428 4170.041000 4169.820287 30
429 4179.827000 4179.508080 39
430 4189.240000 4189.659652 23
431 4198.753000 4199.457874 26
432 4208.351000 4208.351821 35
433 4217.789000 4218.060235 27
434 4227.286000 4227.213384 23
435 4236.999000 4236.941969 24
436 4244.888000 4244.973709 20
437 4254.888000 4253.522900 23
438 4264.439000 4263.522900 0
439 4274.258000 4274.708483 28
440 4284.043000 4284.211862 29
441 4294.402000 4294.259135 29
442 4303.916000 4303.605852 43
443 4313.916000 4311.325725 20
444 4323.916000 4325.429858 15
445 4333.452000 4333.887958 28
446 4343.452000 4343.953851 26
447 4353.696000 4352.553396 19
448 4363.535000 4363.780151 26
449 4373.659000 4352.475530 8
450 4384.141000 4362.475530 0
451 4393.800000 4394.443200 15
452 4403.011000 4403.059635 20
453 4412.922000 4412.075816 24
454 4421.741000 4421.010540 31
455 4431.202000 4471.381274 11
456 4440.558000 4441.365032 33
457 4450.718000 4451.027199 30
458 4460.914000 4460.622107 20
459 4468.980000 4469.060246 22
460 4477.834000 4476.531429 16
461 4487.834000 4486.048145 15
462 4496.760000 4496.048145 0
463 4505.714000 4523.061283 8
464 4514.669000 4448.169338 8
465 4522.896000 4523.043182 12
466 4532.554000 4473.694957 18
467 4540.771000 4541.566986 25
468 4549.692000 4549.875697 35
469 4558.663000 4566.183921 10
470 4568.567000 4575.094580 24
471 4579.446000 4577.117486 18
472 4586.385000 4587.121055 27
473 4596.676000 4596.778655 18
474 4606.008000 4606.147830 33
475 4615.820000 4575.294122 12
476 4624.232000 4623.539280 10
477 4633.843000 4633.710922 30
478 4643.506000 4643.301672 41
479 4652.917000 4652.400139 22
480 4662.917000 4662.861580 34
481 4672.917000 4672.801779 29
